0.000000 -0.000000 0.000000 0.000000
-0.140643 2.574964 0.000000 0.000000
-0.281220 5.148987 0.000000 0.000000
-0.421837 7.724036 0.000000 0.000000
-0.562431 10.298960 0.000000 0.000000
-0.701879 12.869650 0.320094 0.648685
-0.854664 15.479570 0.355927 2.594294
-1.011589 18.173180 0.314128 4.641166
-1.171840 20.913680 0.264732 6.700750
-1.334841 23.709530 0.216484 8.739430
-1.487044 26.544710 0.181596 10.783858
-1.633363 29.422930 0.154637 12.840226
-1.768976 32.357140 0.132419 14.926564
-1.929780 35.330970 0.092708 16.951654
-2.126953 38.471510 0.029057 19.085859
-2.329940 41.561110 -0.038170 21.118342
-2.535885 44.597900 -0.105580 23.112973
-2.728914 47.592750 -0.172728 25.056678
-2.937935 50.537730 -0.246586 26.957845
-3.130185 53.464980 -0.315675 28.807598
-3.310922 56.350390 -0.381220 30.582335
-3.511313 59.225400 -0.451334 32.292095
-3.703384 62.006320 -0.530201 33.935155
-3.912602 64.697860 -0.614853 35.554162
-4.114442 67.264550 -0.695453 37.043377
-4.313021 69.714240 -0.769658 38.349852
-4.514875 72.037350 -0.845307 39.597807
-4.709494 74.175390 -0.909097 40.619564
-4.891889 76.138280 -0.965389 41.533137
-5.039038 77.925340 -0.983641 41.916584
-5.159772 79.592300 -0.997250 42.370240
-5.235209 81.135380 -1.015555 43.544576
-5.207469 82.555940 -1.209775 50.591796
-5.029560 83.885300 -1.371313 60.797240
-4.680938 85.118200 -1.150592 66.098044
-4.130089 86.200010 -0.638368 68.735802
-3.393066 87.095580 0.092107 70.342934
-2.508137 87.820100 0.978911 71.295637
-1.511055 88.343490 2.014502 72.069768
-0.450022 88.747950 3.066046 72.444840
0.676345 89.023150 4.207303 72.863205
1.832910 89.277150 5.350828 73.022676
3.089762 89.418990 6.616953 73.210096
4.475771 89.556060 7.982027 73.356384
5.974572 89.621010 9.484091 73.458650
7.614093 89.671530 11.131865 73.558755
9.420230 89.707860 12.939473 73.666583
11.388370 89.721450 14.914066 73.776591
13.505010 89.738680 17.050731 73.881002
15.773680 89.805260 19.344698 74.044977
18.156510 89.929480 21.859963 74.312178
20.581930 90.082780 24.364944 74.641824
23.034320 90.227690 26.904818 74.946155
25.478370 90.365000 29.444154 75.226012
27.909920 90.499220 31.975354 75.511889
30.340320 90.588890 34.495965 75.751366
32.740690 90.598330 36.967451 75.894087
35.110390 90.529620 39.389733 75.935836
37.430830 90.386730 41.745104 75.883554
39.683630 90.176290 44.104475 75.733664
41.863240 89.910310 46.332098 75.513899
43.959460 89.634420 48.510873 75.260455
45.922800 89.378560 50.566681 75.025755
47.726310 89.193250 52.475628 74.843687
49.366470 89.121130 54.180171 74.757440
50.939410 89.191540 55.644117 74.800088
52.464070 89.450930 56.782939 75.011728
53.889450 89.945260 57.891482 75.473895
55.133190 90.660970 58.695935 76.158029
56.158450 91.620300 59.688622 77.129761
56.967930 92.764920 60.496495 78.281357
57.539920 94.061200 61.196856 79.606328
57.927200 95.446880 61.809917 81.099656
58.277310 96.884370 62.205100 82.580830
58.589460 98.403450 62.616730 84.164818
58.940360 100.002400 63.013931 85.822536
59.343230 101.692600 63.433647 87.561684
59.798800 103.499800 63.924291 89.492941
60.309140 105.392300 64.446757 91.445547
60.819120 107.363700 64.972172 93.488782
61.355080 109.477800 65.525275 95.666810
61.874140 111.669200 66.064581 97.942841
62.417580 113.964900 66.634756 100.322871
62.973720 116.373200 67.219075 102.799707
63.512460 118.836400 67.787770 105.339915
64.057360 121.342700 68.343489 107.927711
64.655860 123.876700 68.989053 110.627490
65.262090 126.422600 69.661876 113.265809
65.864770 128.941000 70.293032 115.891647
66.510510 131.382800 70.965500 118.500131
67.135460 133.867500 71.624853 121.147157
67.748220 136.262500 72.237671 123.726998
68.311480 138.668800 72.852672 126.322003
68.830800 141.066900 73.402362 128.893410
69.359830 143.451000 73.962698 131.460844
69.844620 145.829800 74.502166 134.023096
70.257380 148.240700 74.997709 136.683185
70.634070 150.615300 75.431073 139.251292
70.952630 153.048800 75.807744 141.868813
71.236680 155.482600 76.102997 144.454328
71.430750 157.958600 76.336310 147.083656
71.592060 160.420500 76.513148 149.660220
71.705560 162.889100 76.673453 152.319998
71.811250 165.386800 76.808828 154.964645
71.901490 167.846500 76.885534 157.462518
71.944200 170.358200 76.886501 159.926229
71.944230 172.867000 76.827167 162.414837
71.880770 175.411200 76.693668 164.767397
71.759300 177.947700 76.575073 167.423823
71.629380 180.489300 76.435559 170.101479
71.495820 183.069400 76.289883 172.731655
71.389860 185.611000 76.133649 175.298124
71.229200 188.181800 75.967087 177.968643
71.075770 190.694700 75.804332 180.677625
70.908190 193.208300 75.636717 183.406575
70.732240 195.676300 75.469351 186.203212
70.587330 197.902600 74.885367 200.888695
70.462020 200.022200 74.885367 200.888695
70.336670 202.141700 74.885367 200.888695
70.211280 204.261000 74.885367 200.888695
70.085900 206.379000 74.885367 200.888695
69.986060 208.445300 75.060229 200.617277
70.007780 210.375700 75.310969 202.768846
70.026080 212.295900 75.533337 205.064823
70.017620 214.252400 75.754305 207.592859
70.013230 216.217200 75.961387 210.052562
69.972110 218.270700 76.150121 212.758328
69.934360 220.317400 76.301650 215.269089
69.972850 222.305500 76.427351 217.695576
69.981630 224.353700 76.557816 220.166875
69.981870 226.399100 76.688174 222.588992
69.949190 228.454500 76.830611 225.067766
69.907170 230.454300 76.972169 227.371220
69.859830 232.418200 77.110739 229.623564
69.810200 234.247600 77.237319 231.498343
69.754960 235.896800 77.308382 233.159366
69.602960 237.437200 77.357840 235.751950
69.315000 238.920100 77.337536 240.476010
68.846420 240.276600 77.056413 245.471182
68.166090 241.479400 76.450814 249.376062
67.318270 242.492800 75.599807 251.939653
66.332240 243.344200 74.589063 253.569656
65.260110 243.991900 73.422152 254.928270
64.140300 244.474300 72.210253 255.676147
62.867510 244.772700 70.770943 256.137499
61.458940 244.926000 69.099774 256.386278
59.947420 244.952000 67.202536 256.277185
58.335370 244.902100 65.217475 255.829441
56.595980 244.824000 63.104459 255.075178
54.694040 244.743800 60.853865 254.019016
52.650420 244.604800 58.458472 252.678300
50.451970 244.390700 55.826673 251.031738
48.058070 244.235000 53.129365 249.314976
45.515050 244.100900 50.326402 247.592181
42.921790 243.969200 47.512676 245.872549
40.316590 243.840300 44.732770 244.386135
37.706940 243.722400 41.948989 243.134924
35.094890 243.629800 39.198687 242.021651
32.472950 243.489000 36.471553 241.011700
29.851950 243.348200 33.782399 240.131505
27.264200 243.258500 31.128065 239.462251
24.724050 243.174900 28.419477 238.991641
22.210390 243.091000 25.843452 238.597250
19.736330 242.979500 23.294279 238.232164
17.311070 242.850400 20.745084 237.964403
14.901790 242.682800 18.175926 237.745842
12.542000 242.455300 15.602246 237.535812
10.258080 242.218100 13.069579 237.338288
8.077281 241.997300 10.629811 237.189298
6.032146 241.805400 8.319645 237.074338
4.114420 241.647100 6.079137 236.997647
2.325909 241.523700 4.026216 236.983691
0.684853 241.422100 2.141067 236.971912
-0.804697 241.361800 0.413258 237.002824
-2.147061 241.322400 -1.136992 237.043416
-3.335045 241.321100 -2.528210 237.111785
-4.362696 241.347700 -3.754023 237.203560
-5.195608 241.375100 -4.750923 237.286483
-5.787975 241.411000 -5.564783 237.376539
-6.148943 241.435700 -6.140611 237.440031
-6.347609 241.453500 -6.594936 237.497018
-6.441034 241.457400 -6.961314 237.544429
-6.441440 241.456100 -7.271208 237.589280
-6.439927 241.462600 -7.591519 237.638217
-6.440440 241.482800 -7.942371 237.693060
-6.480607 241.498100 -8.336291 237.753709
-6.560264 241.507700 -8.777969 237.821025
-6.742488 241.516100 -9.314357 237.909542
-7.099251 241.541700 -10.003951 238.026259
-7.627305 241.597900 -10.816130 238.189953
-8.293171 241.705000 -11.568684 238.407810
-9.050632 241.890800 -11.582582 238.622107
-9.863606 242.207700 -10.971696 238.875493
-10.727660 242.661600 -9.522504 239.132110
-11.566170 243.294100 -8.438972 239.577768
-12.317670 244.121800 -8.110386 240.323880
-12.969870 245.164100 -7.846352 241.284373
-13.469580 246.441200 -8.038993 242.550741
-13.828110 247.877300 -8.059087 244.050448
-14.057520 249.558000 -8.030974 245.689905
-14.176210 251.405900 -8.009073 247.525399
-14.264690 253.405000 -7.931846 249.512230
-14.328890 255.544200 -7.799651 251.634762
-14.399650 257.837600 -7.642820 253.891277
-14.471380 260.263200 -7.464741 256.276428
-14.561590 262.807800 -7.274860 258.795534
-14.652820 265.491700 -7.117592 261.418810
-14.739760 268.254400 -6.882858 264.123744
-14.858340 271.134800 -6.692249 266.949139
-14.973530 274.134700 -6.540369 269.879873
-15.069550 277.175700 -6.333946 272.870331
-15.175210 280.293600 -6.123454 276.032045
-15.297230 283.446400 -5.935837 279.130388
-15.436590 286.619600 -5.784557 282.263926
-15.585790 289.810900 -5.696856 285.410464
-15.736240 292.959600 -5.619209 288.523004
-15.885310 296.071900 -5.515226 291.592711
-16.046970 299.165600 -5.439355 294.648948
-16.219660 302.246300 -5.366948 297.693499
-16.389710 305.314100 -5.289899 300.736473
-16.559690 308.378300 -5.207555 303.774918
-16.709350 311.458900 -5.105405 306.899732
-16.839300 314.563300 -4.996273 309.948513
-16.972270 317.709200 -4.879096 313.036832
-17.118400 320.893100 -4.755637 316.176966
-17.281700 324.127200 -4.620702 319.359404
-17.454380 327.375400 -4.500548 322.553706
-17.614190 330.593900 -4.369650 325.724952
-17.775860 333.802500 -4.240355 328.878547
-17.959610 336.995200 -4.117011 332.002003
-18.128440 340.134300 -3.996382 335.100636
-18.295640 343.191900 -3.894472 338.211800
-18.453080 346.169000 -3.808701 341.153906
-18.632610 349.056200 -3.741643 344.036253
-18.817710 351.841100 -3.689849 346.825579
-18.986450 354.488400 -3.636033 349.508101
-19.124870 356.982400 -3.575297 352.034032
-19.220930 359.289500 -3.506661 354.388966
-19.310450 361.377700 -3.438214 356.568417
-19.390050 363.254000 -3.363837 358.581117
-19.458340 364.945900 -3.299480 360.389657
-19.552440 366.417400 -3.264412 362.067724
-19.716910 367.755600 -3.291071 363.469035
-19.992010 369.044200 -3.416193 364.742075
-20.413100 370.267200 -3.669081 365.550063
-20.994480 371.390500 -4.096797 366.601919
-21.767920 372.412000 -4.716032 367.727445
-22.740410 373.381300 -5.518393 368.421724
-23.931400 374.199500 -6.531711 368.873970
-25.311900 374.775400 -7.709576 369.293998
-26.849130 375.102700 -9.084931 369.431009
-28.541320 375.088500 -10.696247 369.631593
-30.331610 374.930400 -12.392293 369.604207
-32.178580 374.714400 -14.248198 369.508776
-34.124600 374.519300 -16.107997 369.367906
-36.192510 374.312000 -18.126799 369.251929
-38.360350 374.089000 -20.243196 369.175813
-40.674090 373.890900 -22.512633 369.160368
-43.125350 373.717400 -24.936420 369.211747
-45.733890 373.570600 -27.602723 369.335583
-48.422050 373.450300 -30.298459 369.514739
-51.153580 373.336900 -33.037822 369.715076
-53.919190 373.217300 -35.840952 369.942627
-56.668140 373.082400 -38.627417 370.139585
-59.399580 372.949600 -41.397057 370.328773
-62.128270 372.797100 -44.156812 370.503040
-64.827270 372.599800 -46.883987 370.606410
-67.509200 372.402100 -49.586015 370.698100
-70.186170 372.208700 -52.280453 370.772936
-72.845340 372.028400 -55.035672 370.843100
-75.495320 371.886100 -57.712157 370.949694
-78.116050 371.787300 -60.388052 371.108058
-80.717850 371.718500 -63.051782 371.297085
-83.311780 371.694800 -65.715903 371.520490
-85.842710 371.709900 -68.361347 371.783866
-88.215690 371.734100 -70.880722 372.051296
-90.402660 371.755300 -73.212268 372.291114
-92.376860 371.747200 -75.328266 372.482413
-94.181170 371.700000 -77.227615 372.612449
-95.954170 371.610100 -79.114803 372.686759
-97.692900 371.484000 -80.895216 372.710103
-99.428840 371.332400 -82.639170 372.699093
-101.212400 371.150100 -84.417717 372.655261
-103.049100 370.929900 -86.284030 372.591565
-104.963700 370.712900 -88.197771 372.516411
-106.999900 370.469800 -90.260818 372.437129
-109.147400 370.218500 -92.488822 372.366723
-111.413900 369.990500 -94.957920 372.380192
-113.850400 369.787500 -97.571450 372.363748
-116.381500 369.587900 -100.393234 372.447046
-119.079000 369.402000 -103.135564 372.485574
-121.870500 369.312400 -106.064296 372.635595
-124.798000 369.251000 -109.105608 372.820698
-127.749200 369.222000 -112.210760 373.050117
-130.738100 369.191300 -115.377156 373.279237
-133.724900 369.151000 -118.548082 373.483277
-136.693200 369.116700 -121.796097 373.680749
-139.640200 369.026200 -124.978397 373.822729
-142.545400 368.909400 -128.234970 373.942940
-145.452900 368.800400 -131.352519 374.043736
-148.326000 368.653700 -134.467888 374.112512
-151.184500 368.483700 -137.589729 374.161899
-154.029500 368.306700 -140.612030 374.187515
-156.834000 368.110800 -143.721847 374.210686
-159.601600 367.929800 -146.843299 374.248059
-162.352900 367.769700 -149.903409 374.298458
-165.025300 367.622800 -152.920065 374.355248
-167.587100 367.473600 -155.874229 374.420195
-169.989700 367.347100 -158.781992 374.493754
-172.229800 367.237400 -161.481954 374.568101
-174.255000 367.118500 -163.973703 374.614616
-176.113500 366.976300 -166.371310 374.643837
-177.851600 366.825100 -168.504670 374.625343
-179.482200 366.619100 -169.984579 374.515634
-181.041000 366.257200 -169.780510 374.211029
-182.506900 365.700900 -167.380681 373.660512
-183.830900 364.922700 -165.618830 372.941690
-184.967900 363.901900 -165.353616 372.039825
-185.900600 362.645300 -165.467556 370.919038
-186.575700 361.163300 -165.580808 369.576734
-186.999600 359.497900 -165.503375 368.022706
-187.152300 357.675600 -165.427959 366.275484
-187.206000 355.773500 -165.473019 364.425726
-187.197400 353.800900 -165.456323 362.506780
-187.078300 351.712900 -165.393472 360.475828
-186.904300 349.515700 -165.348801 358.320815
-186.700200 347.199500 -165.335973 356.050729
-186.441500 344.761700 -165.329555 353.583264
-186.138100 342.245600 -165.300219 351.099202
-185.836200 339.600700 -165.323969 348.495044
-185.558800 336.870000 -165.404971 345.797321
-185.300200 334.088400 -165.538502 343.044642
-185.053400 331.295700 -165.762454 340.263198
-184.825700 328.513100 -165.961393 337.500245
-184.626700 325.706700 -166.248575 334.732498
-184.418100 322.895600 -166.433771 331.967041
-184.219300 320.049800 -166.601421 329.160934
-184.077900 317.187100 -166.962673 326.209104
-183.933200 314.300800 -167.236425 323.329112
-183.761600 311.460200 -167.390570 320.512340
-183.601800 308.616200 -167.596421 317.681364
-183.458100 305.794900 -167.762836 314.875538
-183.343100 303.000200 -167.937429 312.082516
-183.261300 300.211900 -168.127460 309.296509
-183.178800 297.450000 -168.305188 306.513835
-183.090500 294.684900 -168.492876 303.715276
-182.927300 291.908300 -168.554468 300.843851
-182.766600 289.099200 -168.606166 298.022453
-182.613800 286.267300 -168.671517 295.200972
-182.441900 283.385600 -168.706860 292.316548
-182.300400 280.490600 -168.771595 289.413395
-182.149900 277.557000 -168.860465 286.455583
-182.001400 274.627800 -168.943427 283.481437
-181.823500 271.689000 -169.000994 280.499878
-181.638500 268.767800 -169.032965 277.532748
-181.424600 265.787800 -169.046938 274.446037
-181.219800 262.838200 -169.037287 271.426793
-181.009300 259.844900 -169.010206 268.452363
-180.770400 256.828000 -168.987539 265.374784
-180.561000 253.860400 -168.974343 262.330866
-180.372700 250.908200 -168.981293 259.308840
-180.191000 247.979500 -169.000601 256.313807
-180.025600 245.104800 -169.027775 253.361282
-179.890000 242.301100 -169.074667 250.444045
-179.765100 239.629200 -169.118711 247.613586
-179.603400 237.077700 -169.132398 244.866142
-179.486600 234.610600 -169.186323 242.384206
-179.426200 232.293500 -169.278458 239.952065
-179.384800 230.153000 -169.383934 237.736872
-179.372900 228.203000 -169.501718 235.595985
-179.353200 226.445600 -169.600067 233.606316
-179.284500 224.889700 -169.643035 231.835808
-179.159500 223.520400 -169.600073 230.400340
-178.892900 222.222300 -169.401610 229.372507
-178.440800 221.019500 -168.990509 229.002227
-177.799300 219.912400 -168.405551 228.404572
-176.993100 218.868700 -167.623227 228.333590
-175.953700 217.908600 -166.621516 228.086964
-174.646400 217.098800 -165.350460 227.718210
-173.037500 216.423500 -163.798438 227.520437
-171.242400 215.987700 -162.055458 227.380320
-169.251700 215.748100 -160.147017 227.305647
-167.160900 215.651300 -158.135129 227.298727
-164.983800 215.579200 -156.033159 227.247591
-162.753200 215.542200 -153.875317 227.133838
-160.419600 215.517400 -151.639263 227.059469
-157.986900 215.494400 -149.227242 226.896848
-155.493900 215.476600 -146.828085 226.749231
-152.924600 215.528800 -144.334669 226.617040
-150.250300 215.556200 -141.757868 226.423460
-147.567100 215.656900 -139.139526 226.215688
-144.855900 215.751900 -136.485108 226.057505
-142.145800 215.896800 -133.829634 225.942000
-139.455100 216.087400 -131.189859 225.948283
-136.768400 216.330800 -128.540796 225.956364
-134.103700 216.562300 -125.838415 225.978718
-131.505400 216.803000 -123.256865 226.025052
-128.992800 217.018200 -120.756494 226.010842
-126.584900 217.191000 -118.368261 225.966299
-124.357100 217.330100 -116.128727 225.898752
-122.326100 217.418900 -114.060177 225.762389
-120.463500 217.466200 -112.137188 225.564688
-118.653600 217.497200 -110.279405 225.386051
-116.849600 217.495900 -108.429188 225.202213
-115.067800 217.514000 -106.581453 225.009760
-113.324000 217.535300 -104.694024 224.837781
-111.616000 217.623100 -102.900099 224.770615
-109.927700 217.875300 -101.224185 224.860658
-108.290900 218.301300 -99.682638 225.165267
-106.749500 218.945400 -98.175443 225.682583
-105.349200 219.793800 -96.900827 226.460018
-104.115500 220.834900 -95.782172 227.496240
-103.036000 222.051200 -94.884933 228.712227
-102.179100 223.400100 -93.938394 230.017670
-101.543200 224.848700 -93.188221 231.484278
-101.115700 226.383800 -92.523941 233.029382
-100.830600 227.968600 -91.944931 234.677074
-100.531100 229.501100 -91.518900 236.180242
-100.252100 231.017900 -91.100693 237.650304
-99.883990 232.463500 -90.659475 239.029789
-99.425550 233.824100 -90.086166 240.313092
-98.775880 234.872900 -89.354371 241.303059
-98.086100 235.806300 -88.636569 242.226379
-97.174270 236.468700 -87.622346 242.902007
-96.254150 236.931100 -86.599352 243.389330
-95.283150 237.358800 -85.585424 243.737832
-94.185080 237.674800 -84.434324 243.972372
-92.955310 237.898800 -83.150726 244.117628
-91.596850 238.102700 -81.782677 244.230933
-90.074690 238.248300 -80.247834 244.285738
-88.387450 238.391700 -78.457819 244.318891
-86.486290 238.540100 -76.588560 244.351472
-84.443490 238.650800 -74.581475 244.382278
-82.253860 238.746800 -72.439270 244.398732
-79.940140 238.872300 -70.150794 244.389353
-77.539590 239.011100 -67.766925 244.354915
-75.087440 239.150700 -65.301758 244.306588
-72.574930 239.313900 -62.772816 244.256623
-69.991910 239.446400 -60.168047 244.189282
-67.351620 239.548800 -57.472047 244.111931
-64.666360 239.657700 -54.753073 244.067003
-61.998030 239.808800 -51.954935 244.051240
-59.311750 239.952600 -49.244519 244.047165
-56.701950 240.109100 -46.564478 244.051904
-54.151130 240.267600 -43.930760 244.080791
-51.625940 240.427100 -41.290379 244.084236
-49.127390 240.564300 -38.702825 244.097779
-46.665870 240.712700 -36.127653 244.121201
-44.240570 240.886300 -33.586846 244.154777
-41.878960 241.088900 -31.078532 244.191340
-39.649020 241.312800 -28.588943 244.242602
-37.552430 241.539400 -26.299518 244.305248
-35.488740 241.743100 -24.048575 244.366003
-33.456700 241.939000 -21.835379 244.408451
-31.533090 242.124800 -19.708208 244.432876
-29.764560 242.287900 -17.721729 244.445353
-28.172420 242.408100 -15.912036 244.429234
-26.747170 242.468900 -14.281558 244.376438
-25.460260 242.473300 -12.804355 244.284697
-24.318710 242.437400 -11.525702 244.163777
-23.324200 242.322300 -10.370312 244.002597
-22.483780 242.186900 -9.465233 243.824058
-21.843230 242.069500 -9.008314 243.667389
-21.357270 241.937100 -8.682274 243.512440
-20.874950 241.791000 -8.355217 243.327743
-20.410090 241.641000 -8.224632 243.149671
-19.938580 241.453200 -8.154235 242.961717
-19.330890 241.150500 -8.053605 242.685784
-18.603550 240.674100 -7.957297 242.269492
-17.817550 240.000300 -8.000446 241.705511
-17.047940 239.130000 -7.955167 240.951760
-16.371440 238.041100 -7.802574 239.954038
-15.819140 236.731500 -7.755332 238.750228
-15.431720 235.164300 -7.609907 237.256032
-15.160930 233.366900 -7.636654 235.558557
-14.985430 231.359800 -7.666418 233.642885
-14.879450 229.166100 -7.783701 231.547672
-14.834570 226.783800 -7.907365 229.252550
-14.805910 224.227300 -8.067115 226.796990
-14.776150 221.503700 -8.238696 224.181655
-14.726190 218.625200 -8.412534 221.414939
-14.646810 215.602400 -8.557792 218.497984
-14.509690 212.459600 -8.667955 215.377427
-14.353480 209.201300 -8.726761 212.222804
-14.179740 205.869600 -8.749697 208.963531
-13.962380 202.478800 -8.735269 205.650598
-13.739120 199.045100 -8.702286 202.277570
-13.514930 195.572200 -8.664836 198.857802
-13.275440 192.054900 -8.619255 195.394043
-13.052000 188.499600 -8.596777 191.884261
-12.854570 184.884700 -8.597882 188.312631
-12.675140 181.220200 -8.628660 184.693547
-12.508030 177.502000 -8.692942 181.016133
-12.341190 173.718700 -8.759007 177.160242
-12.175010 169.898000 -8.820599 173.368315
-12.018250 166.028100 -8.903757 169.545872
-11.841350 162.134100 -8.974856 165.683297
-11.655180 158.220500 -9.041347 161.807554
-11.466580 154.287300 -9.091113 157.910961
-11.281310 150.320000 -9.131060 154.017978
-11.057620 146.379100 -9.164289 150.141824
-10.815240 142.443600 -9.186509 146.284263
-10.570550 138.517900 -9.190879 142.427695
-10.333980 134.639100 -9.197576 138.611676
-10.123240 130.785800 -9.192505 134.700619
-9.914350 127.027500 -9.184438 130.975508
-9.696148 123.395700 -9.170029 127.350080
-9.493383 119.914400 -9.166289 123.874288
-9.310280 116.607700 -9.176195 120.574658
-9.151332 113.442300 -9.201579 117.430754
-9.017561 110.482000 -9.236829 114.478859
-8.888960 107.744800 -9.275341 111.746521
-8.774269 105.222900 -9.319748 109.233391
-8.679794 102.918000 -9.353824 106.915385
-8.504861 100.812800 -9.312603 104.885020
-8.163715 98.919720 -9.126122 103.219230
-7.618518 97.243660 -8.739977 101.535244
-6.858427 95.725240 -8.146069 99.775026
-5.899838 94.392380 -7.320775 98.261969
-4.759829 93.253900 -6.319520 97.310553
-3.450087 92.348760 -5.193764 96.811447
-1.973871 91.691730 -3.905636 96.357822
-0.436803 91.261860 -2.526353 96.097772
1.138073 91.026340 -1.071300 95.929213
2.751248 90.881970 0.449516 95.841178
4.431705 90.766140 2.062246 95.816647
6.211745 90.683570 3.770471 95.717274
8.081090 90.578530 5.567807 95.605550
10.076580 90.469280 7.487877 95.474966
12.205890 90.365360 9.546419 95.309152
14.489810 90.290310 11.742846 95.152352
16.910510 90.321490 14.088750 95.056666
19.453620 90.459650 16.557361 95.089933
22.045730 90.671110 19.180176 95.211109
24.644280 90.895340 21.763925 95.299206
27.207850 91.064010 24.316570 95.329485
29.764780 91.130150 26.848590 95.253847
32.287690 91.085550 29.360542 95.045044
34.803420 90.937800 31.873720 94.730816
37.325120 90.728940 34.412494 94.331494
39.896170 90.508470 36.989061 93.925170
42.547960 90.289960 39.641285 93.533346
45.244630 90.097810 42.342898 93.173713
47.943020 89.903610 45.095037 92.849880
50.617990 89.629730 47.694113 92.497515
53.252150 89.185630 50.269986 91.969753
55.814150 88.557720 52.821889 91.244656
58.313300 87.791630 55.390189 90.342125
60.805470 86.920740 57.928878 89.335800
63.322020 85.994100 60.471345 88.259208
65.833720 85.055040 63.039843 87.204866
68.406220 84.080780 65.618342 86.100810
70.998610 83.045350 68.163371 84.949103
73.578520 81.879280 70.653135 83.695837
76.170160 80.586970 73.217611 82.276862
78.819830 79.219290 75.815728 80.769169
81.480420 77.842690 78.431542 79.244628
84.108690 76.469870 80.980809 77.738506
86.695220 75.055290 83.421288 76.217556
89.188920 73.556030 85.766486 74.613614
91.573040 71.968490 87.978402 72.938822
93.850380 70.285940 90.064686 71.189497
96.020560 68.521450 92.089985 69.351232
98.103890 66.740880 94.147432 67.447198
100.107700 65.034010 96.143301 65.592106
101.996900 63.459780 98.103052 63.818771
103.764900 62.070330 99.851647 62.288989
105.408600 60.801050 101.471304 60.905613
107.003200 59.530310 103.027667 59.555364
108.589500 58.247390 104.574446 58.171719
110.134700 56.970520 106.075830 56.786887
111.717500 55.637520 107.600536 55.359888
113.353400 54.247110 109.183317 53.870642
115.077800 52.831180 110.856664 52.333061
116.904200 51.439420 112.670058 50.787897
118.836800 50.054850 114.787355 49.105265
120.853600 48.602090 116.869889 47.445617
122.938000 47.083700 118.918283 45.768119
125.092700 45.485300 120.994007 44.043730
127.330000 43.820780 123.206268 42.205236
129.637600 42.087830 125.512167 40.275400
131.967100 40.344760 127.854253 38.299636
134.297900 38.609850 130.250442 36.306310
136.621900 36.849050 132.499500 34.388617
138.949900 35.131110 134.652749 32.568383
141.293500 33.464730 137.133613 30.574196
143.603900 31.795640 139.536109 28.629111
145.871800 30.121580 141.879141 26.692141
148.133300 28.418200 144.165500 24.760237
150.347600 26.750990 146.433545 22.850337
152.506100 25.137140 148.664992 20.988634
154.521200 23.603510 150.772454 19.202100
156.409800 22.104300 152.752505 17.469801
158.102600 20.729550 154.515215 15.885771
159.605700 19.470090 156.182012 14.365949
161.034400 18.328640 157.781042 12.970560
162.527500 17.369930 158.548414 12.434223
164.102000 16.690040 158.699755 12.715232
165.725700 16.231240 158.686786 13.361382
167.465400 15.980230 159.278421 13.833945
169.275300 15.912810 160.817536 13.840624
171.157200 15.957740 162.767754 13.702683
173.098700 15.972680 164.620836 13.668850
175.120500 15.945180 166.566406 13.579203
177.167200 15.872150 168.533998 13.454239
179.305300 15.756280 170.711679 13.234331
181.477000 15.604010 172.898933 12.960379
183.703700 15.412020 175.161341 12.632260
185.980700 15.238130 177.498233 12.307097
188.280500 15.072990 179.852493 11.998513
190.577500 14.896800 182.267021 11.660927
192.894300 14.714610 184.650196 11.362039
195.244200 14.510220 187.111517 11.020680
197.633500 14.283820 189.574795 10.683057
200.090000 14.030130 192.159406 10.273859
202.592100 13.785300 194.893812 9.832263
205.104900 13.534110 197.582884 9.393809
207.640700 13.310070 200.241959 9.022722
210.148900 13.111090 202.864950 8.694214
212.697300 12.915740 205.545154 8.345472
215.224700 12.737830 208.145695 8.050943
217.808000 12.513180 210.886517 7.656174
220.389500 12.282700 213.662492 7.249332
223.037500 12.068550 216.498884 6.837377
225.699900 11.872960 219.291192 6.503133
228.380800 11.657570 222.188752 6.139612
231.063800 11.400770 225.069791 5.714795
233.768800 11.157120 227.938416 5.307051
236.452700 10.908570 230.735077 4.927520
239.115400 10.628320 233.609719 4.487547
241.756200 10.390980 236.476173 4.057296
244.376200 10.177670 239.322255 3.660524
246.942400 9.977031 242.139148 3.279323
249.503100 9.796410 245.030572 2.901795
251.962400 9.616742 247.749311 2.548911
254.329800 9.452561 250.388735 2.232249
256.557200 9.297183 252.902573 1.929597
258.681500 9.140396 255.327434 1.634238
260.487900 8.870715 265.394900 0.291145
262.171000 8.558198 265.394900 0.291145
263.852900 8.246051 265.394900 0.291145
265.533700 7.934305 265.394900 0.291145
267.212200 7.623220 265.394900 0.291145
268.719700 7.309828 265.126558 0.029907
269.768600 7.040605 266.130907 -0.253211
270.654800 6.869143 267.135622 -0.404235
271.433400 6.780906 267.624338 -0.395342
272.188300 6.798910 267.507940 -0.216662
272.939800 6.915555 266.969325 0.095180
273.674100 7.139266 266.549829 0.480547
274.435500 7.486302 265.857973 0.988819
275.206100 8.021776 264.885429 1.631571
275.841400 9.123003 269.212846 6.621871
276.399700 10.403880 269.212846 6.621871
276.938800 11.672800 269.212846 6.621871
277.461700 12.927990 269.212846 6.621871
277.969300 14.165350 269.212846 6.621871
278.402000 15.600760 267.244542 7.392785
278.675500 17.540870 265.470974 9.401609
278.887100 19.689590 264.226209 11.617407
279.050300 22.004090 264.545407 13.787458
279.153100 24.513040 264.841362 16.237946
279.310000 27.147550 265.730449 18.729069
279.492000 29.910160 266.873807 21.386249
279.682000 32.722430 268.216485 24.315117
279.891600 35.618700 269.421619 27.316480
280.117300 38.587970 270.824151 30.409286
280.340800 41.563150 272.091815 33.722302
280.553900 44.602790 273.368908 36.997104
280.757500 47.669170 274.679837 40.456990
280.966700 50.717990 276.132420 44.103469
281.189800 53.763250 277.623647 47.808960
281.387500 56.840290 279.124543 51.475286
281.609200 59.915920 280.628450 55.326386
281.892800 62.993940 282.169322 59.018937
282.168100 66.061440 284.061083 63.396726
282.386200 69.137860 285.814349 67.609262
282.581400 72.205720 287.682640 72.249719
282.741100 75.260420 289.404374 76.427949
282.945600 78.300480 291.185539 80.737405
283.185400 81.322840 292.994330 85.018274
283.441700 84.363870 294.934744 89.640493
283.683800 87.353300 296.887015 94.254920
283.940100 90.352150 298.989367 99.327818
284.231300 93.355260 300.660095 103.199644
284.541900 96.345100 302.232500 106.895932
284.938000 99.320580 303.120617 108.940167
285.395000 102.259500 303.744733 110.199323
285.844100 105.163200 304.116252 110.913332
286.321900 108.053700 304.893713 112.343247
286.793800 110.912200 306.444313 115.274138
287.216900 113.736500 308.232345 118.809094
287.630900 116.518500 310.143847 122.689483
288.058700 119.219300 311.954659 126.276569
288.448800 121.780900 313.837690 130.100654
288.846400 124.280600 315.706902 133.770202
289.285300 126.630100 317.318470 136.742480
289.743500 128.835400 318.013164 137.665726
290.213000 130.821100 317.390535 135.754519
290.683600 132.626000 316.404596 133.096437
291.166200 134.262000 316.099423 131.691752
291.580800 135.832500 316.436050 131.754664
291.961700 137.426400 317.714630 133.817885
292.194000 139.020100 318.272042 134.938059
292.237900 140.604400 315.802323 131.141752
291.762300 142.158200 308.458047 131.838040
290.662500 143.578100 308.458047 131.838040
289.562400 144.964600 308.458047 131.838040
288.468100 146.318100 308.458047 131.838040
287.386000 147.641500 308.458047 131.838040
286.399400 148.976200 308.458047 131.838040
284.571900 149.919400 295.137357 112.355409
282.598600 150.835500 292.968681 112.992397
280.553400 151.805400 291.101834 114.152335
278.418500 152.847000 289.194004 114.996148
276.187000 153.972900 287.148075 115.336594
273.848800 155.201700 285.437736 115.936735
271.423500 156.516000 283.887806 116.812955
268.909500 157.880900 282.436327 117.836851
266.393100 159.278800 281.111346 118.813324
263.831700 160.712200 279.987464 120.017279
261.343100 162.229400 279.034074 121.484729
258.927700 163.839100 278.091152 123.587279
256.567900 165.515700 276.996645 126.329375
254.220600 167.219800 275.841109 129.194260
251.812400 168.915300 274.884023 131.469381
249.342900 170.564800 274.011585 133.161394
246.829700 172.171100 273.086396 134.595032
244.268800 173.728400 271.788844 136.410701
241.687800 175.211100 270.029152 138.693076
239.066600 176.646400 267.918126 141.484861
236.435100 178.027700 265.652606 144.567845
233.828600 179.391700 263.639482 147.336649
231.251200 180.752600 262.031316 149.630908
228.707700 182.113100 260.712556 151.521955
226.214900 183.484500 259.650255 153.185956
223.769900 184.811700 258.649188 154.757567
221.367300 186.107100 257.710246 156.192102
219.059200 187.344000 256.839259 157.553158
216.843700 188.521200 256.065749 158.715519
214.730300 189.612200 255.277333 159.910584
212.761600 190.600600 254.522074 160.979383
210.934100 191.518800 253.840121 161.942406
209.293500 192.364900 253.357268 162.641351
207.831400 193.113300 253.062623 163.010066
206.576700 193.798300 253.006153 163.113103
205.539900 194.395600 252.775633 163.642511
204.729700 194.901600 251.603331 165.868433
204.122300 195.321500 249.017929 170.524938
203.546300 195.745200 246.261820 175.399033
203.042900 196.282400 243.675818 179.956134
202.515700 196.788100 241.977427 182.983063
201.945400 197.325500 240.492446 185.674203
201.195300 198.000000 239.297571 187.978560
200.227400 198.808500 238.457703 189.745279
199.076800 199.760000 237.726105 191.406289
197.730700 200.791700 237.093823 192.908570
196.253000 201.872000 236.550005 194.193471
194.623700 202.967100 235.866422 195.629116
192.619800 204.117900 231.315794 204.396282
190.615300 205.269000 231.315794 204.396282
188.611600 206.419500 231.315794 204.396282
186.608000 207.569800 231.315794 204.396282
184.604500 208.720100 231.315794 204.396282
182.452000 209.923800 230.369350 206.599738
180.162600 211.202300 229.161438 209.107790
177.855000 212.473600 228.117448 211.267087
175.554100 213.761200 227.209031 213.167361
173.260900 215.031900 226.400565 214.888505
171.006800 216.296100 225.692007 216.438965
168.770100 217.549300 224.880420 218.149305
166.635700 218.725900 224.373975 219.333973
164.640400 219.823800 223.922192 220.377586
162.800000 220.792300 223.500548 221.335515
161.109900 221.618400 222.794924 222.810909
159.510500 222.334400 220.839917 226.628064
157.845500 222.860900 215.120053 237.332631
156.181300 223.202900 209.458404 247.231417
154.511100 223.364000 206.050074 252.246576
152.786900 223.350100 203.552284 255.088214
150.969000 223.245000 201.507540 256.863115
149.048400 223.060600 199.436217 258.452062
146.999200 222.886700 197.470601 259.776800
144.811400 222.709100 195.463762 261.024073
142.452400 222.507300 193.435733 262.116176
139.985700 222.307100 191.421297 263.014967
137.342300 222.162600 189.455308 263.931456
134.568800 222.029900 187.586129 264.675760
131.695500 221.932100 185.674297 265.530677
128.711000 221.803000 183.653000 266.461581
125.647300 221.650100 181.707950 267.218172
122.615400 221.500000 179.560296 268.312541
119.543800 221.309500 177.349047 269.399222
116.511500 221.102100 175.165102 270.461573
113.516800 220.903600 172.929018 271.650950
110.545200 220.708000 170.617299 272.943830
107.636200 220.532300 168.421633 274.220447
104.717200 220.373700 166.143992 275.656929
101.840600 220.218600 163.943084 277.059575
98.994700 220.067300 161.708674 278.529702
96.181550 219.895100 159.498480 279.975239
93.438620 219.686500 157.344027 281.324510
90.855460 219.500600 155.248563 282.620891
88.388610 219.326300 153.250053 283.837654
86.123680 219.157800 151.424490 284.956352
84.049970 219.045300 149.776230 286.053218
82.152880 219.016300 148.431445 287.071771
80.388010 219.115100 147.222006 288.134439
78.664760 219.366200 146.089169 289.283495
77.016290 219.796000 145.046011 290.546004
75.461480 220.446100 144.146224 291.920558
74.069090 221.411200 143.153608 293.484263
72.862850 222.604000 142.493929 295.196915
71.841850 224.015300 142.383139 296.869722
71.023420 225.699900 142.543353 298.582005
70.421670 227.540000 143.092741 300.340949
70.034550 229.518400 143.921108 302.093157
69.813760 231.610700 144.996188 303.801488
69.670080 233.800300 146.219825 305.593518
69.603690 236.022800 147.605083 307.321760
69.545910 238.342600 149.023367 309.140375
69.499400 240.719700 150.487676 311.011495
69.469400 243.192800 152.074872 312.854519
69.384530 245.776400 153.626588 314.852014
69.232580 248.432800 154.972985 317.121076
69.094640 251.146000 156.434396 319.401936
68.950990 253.982700 158.042161 321.827061
68.811860 256.917100 159.644818 324.261521
68.650580 259.920100 161.388628 326.675705
68.462200 263.082100 163.212157 329.165532
68.288560 266.252800 165.039326 331.697405
68.096650 269.464100 166.860845 334.301273
67.903830 272.683000 168.668460 336.944994
67.721470 275.872400 170.513752 339.506895
67.525460 279.043300 172.326389 342.079622
67.317450 282.219100 174.113429 344.681402
67.111650 285.343500 175.848900 347.287658
66.901350 288.508400 177.651967 349.969782
66.688140 291.652400 179.409639 352.513258
66.478800 294.782200 181.164520 355.049242
66.289190 297.878200 182.928347 357.514004
66.078070 300.944500 184.667460 359.959223
65.826270 304.008500 186.348188 362.445875
65.573590 307.018200 188.002019 364.850417
65.274710 310.032300 189.626520 367.257141
64.924470 313.030600 191.184054 369.735848
64.540610 315.995300 192.684524 372.208704
64.089990 318.947600 194.181969 374.905569
63.671720 321.903700 195.674529 377.540944
63.304260 324.895900 197.211837 380.098519
62.967580 327.898100 198.771838 382.661316
62.699080 330.909200 200.393392 385.196573
62.553590 333.929000 202.161891 387.711219
62.402330 336.963400 203.891734 390.226781
62.266570 340.021300 205.639006 392.734826
62.116500 343.035800 207.386766 395.219523
61.993500 346.032900 209.181994 397.723687
61.866370 348.989100 211.034755 400.274589
61.760870 351.857800 212.737088 402.643012
61.679290 354.611700 214.415642 404.929646
61.586300 357.261400 215.969528 407.087027
61.550600 359.776900 217.497104 409.120618
61.577240 362.145700 219.061834 411.087210
61.603020 364.290800 220.512206 412.896069
61.628690 366.323100 221.904415 414.630462
61.649880 368.352400 223.264654 416.350612
61.624730 370.355800 224.500435 417.965973
61.511180 372.339500 225.485430 419.400465
61.271590 374.388200 226.339854 420.848752
60.966710 376.528400 227.076422 422.279547
60.637150 378.796200 228.061212 424.103536
60.324540 381.208000 229.168682 426.057319
60.065570 383.741300 230.442525 428.133356
59.884830 386.413700 231.948592 430.402597
59.789830 389.195600 233.627366 432.750055
59.765420 392.106700 235.500575 435.240846
59.766400 395.121300 237.470907 437.810042
59.728620 398.268800 239.581870 440.583015
59.673270 401.492900 241.667314 443.335144
59.575390 404.694600 243.715687 446.048315
59.425140 407.916600 245.645379 448.756606
59.267000 411.104300 247.546758 451.449094
59.084670 414.257800 249.423363 454.127408
58.913680 417.417100 251.293852 456.768894
58.748810 420.528100 253.141078 459.375765
58.574140 423.604200 255.000990 462.043338
58.437200 426.635400 256.859884 464.584322
58.286850 429.523300 258.686039 467.146378
58.117570 432.280500 260.348767 469.528430
57.924100 434.902000 261.789325 471.603273
57.663190 437.382700 262.990577 473.475776
57.368250 439.710400 263.995296 475.168042
57.036690 441.889000 264.657762 476.483355
56.656850 443.874800 265.330124 477.922237
56.323860 445.645400 266.268513 479.706836
56.148660 447.270100 267.198978 481.239124
56.616130 448.530800 267.412482 476.134170
57.333540 449.649800 267.412482 476.134170
58.025620 450.723300 267.412482 476.134170
58.683230 451.752100 267.412482 476.134170
59.300760 452.745900 267.412482 476.134170
60.051910 453.493100 259.569956 464.024618
61.232100 453.863600 260.092915 462.704029
62.575150 454.072200 261.594001 462.289285
64.075560 454.193600 262.915003 461.204177
65.729870 454.237800 264.356734 459.664569
67.536180 454.320400 265.699544 457.837092
69.481920 454.413600 266.804792 455.643851
71.568440 454.517900 267.785136 453.267745
73.783230 454.637300 268.781297 450.896866
76.158670 454.789800 270.003988 448.665778
78.646770 454.943100 271.268787 446.453155
81.225870 455.115600 272.727533 444.379537
83.916780 455.302300 274.520896 442.444738
86.702020 455.456700 276.543272 440.519389
89.526350 455.578300 278.596409 438.435793
92.412350 455.733700 280.808508 436.534761
95.328570 455.895400 283.070993 434.666625
98.249890 456.054300 285.311145 432.801940
101.184100 456.224200 287.530748 430.951107
104.093100 456.393100 289.779315 429.159734
106.998900 456.525600 292.069105 427.335877
109.897200 456.654500 294.341885 425.501401
112.749700 456.816600 296.702286 423.766239
115.610200 456.965500 299.041641 422.024173
118.400100 457.099300 301.207219 420.322712
121.145900 457.258900 303.429956 418.698426
123.876500 457.448100 305.703340 417.089505
126.583800 457.666500 307.533709 415.753502
129.241600 457.972700 309.072491 414.728022
131.877300 458.360200 311.074550 413.570764
134.472300 458.810900 313.013606 412.537130
137.047800 459.328100 315.242621 411.382672
139.578900 459.909300 317.366007 410.376365
142.082300 460.548100 319.605145 409.366349
144.536100 461.240400 321.707572 408.559938
146.935100 462.035700 324.123001 407.602051
149.323900 462.890800 326.739700 406.598142
151.645200 463.789700 329.324118 405.669254
153.953700 464.746000 331.847382 404.840162
156.216300 465.719100 334.205244 404.167364
158.442000 466.755000 336.659133 403.505542
160.610800 467.844100 339.120919 402.912044
162.721500 468.976400 341.549024 402.401119
164.765200 470.136200 343.864619 402.010523
166.772400 471.335900 346.263343 401.680000
168.632200 472.526000 348.432491 401.461925
170.346500 473.697400 350.585557 401.238539
171.909300 474.797000 352.560677 401.065612
173.302800 475.783300 354.303878 400.915750
174.556500 476.625400 355.814451 400.752828
175.656700 477.273900 357.155262 400.544093
176.667400 477.791400 358.451718 400.236444
177.693700 478.199200 359.539623 399.899361
178.769200 478.445200 360.961978 399.259560
179.820200 478.560500 362.035841 398.628340
180.911200 478.531600 362.767903 397.990654
182.068600 478.323700 363.585821 397.094618
183.262200 477.935100 364.150552 396.136539
184.488300 477.285200 364.623416 394.950876
185.759400 476.306800 364.918118 393.522150
187.077400 475.006900 365.134623 391.741237
188.478700 473.464500 365.250892 389.708587
189.953700 471.703500 365.283191 387.466090
191.518900 469.725200 365.255482 385.007110
193.208300 467.608400 365.203414 382.377276
195.017400 465.320900 365.156360 379.553668
196.863700 462.933100 365.092076 376.509040
198.729100 460.522700 365.032204 373.513410
200.614200 458.121400 365.002503 370.506756
202.510500 455.730200 365.014386 367.513418
204.411000 453.358300 365.044321 364.524230
206.321800 451.001000 365.104382 361.543080
208.222000 448.665100 365.186074 358.577998
210.114400 446.337900 365.258388 355.631881
211.976500 444.014500 365.299778 352.712719
213.836200 441.706600 365.335559 349.821795
215.683700 439.420500 365.388568 346.859106
217.555600 437.143300 365.435494 343.998519
219.471300 434.824100 365.493094 341.077170
221.450500 432.447100 365.561603 338.076284
223.466700 430.017100 365.660585 334.990058
225.486700 427.604100 365.986019 318.845986
227.506500 425.191500 365.986019 318.845986
229.526100 422.779100 365.986019 318.845986
231.545400 420.367100 365.986019 318.845986
233.564400 417.955300 365.986019 318.845986
235.559300 415.588300 365.954908 317.720001
237.436800 413.389000 365.946796 315.145397
238.780200 411.507400 361.797351 306.056912
239.937800 409.690800 361.797351 306.056912
241.095100 407.877000 361.797351 306.056912
242.251200 406.068000 361.797351 306.056912
243.408000 404.262500 361.797351 306.056912
244.011000 402.484000 360.911458 310.498619
244.001400 400.839200 359.387351 310.792894
243.616800 399.284000 358.013379 311.248162
242.890100 397.828700 356.650638 311.932406
241.873600 396.462000 355.203688 312.802338
240.631500 395.201500 353.722664 313.849064
239.221600 394.033800 352.161472 315.025255
237.618600 392.957600 350.660178 316.427003
235.793400 391.994800 349.140331 318.055494
233.764600 391.138800 347.638988 319.916061
231.526900 390.407500 346.108701 322.090940
229.101900 389.773400 344.626482 324.388349
226.502900 389.204300 343.256565 326.899067
223.725900 388.759000 341.873310 329.588291
220.797800 388.372500 340.552241 332.497935
217.710700 387.983400 339.151153 335.523361
214.530600 387.607200 337.736797 338.656413
211.281800 387.245500 336.319795 341.852361
207.989900 386.906600 334.904273 345.104756
204.658000 386.595500 333.498719 348.408939
201.286800 386.304300 332.096679 351.769025
197.918900 386.031200 330.709388 355.142844
194.555800 385.786300 329.316848 358.632986
191.207200 385.554600 327.980429 362.000919
187.886200 385.358400 326.683151 365.363274
184.599200 385.187900 325.410661 368.704957
181.348200 385.028900 324.166633 372.020193
178.125300 384.880300 322.943341 375.308908
174.940200 384.732200 321.716086 378.555825
171.787000 384.605200 320.510205 381.771865
168.667500 384.479200 319.318900 384.956628
165.610000 384.375800 318.148965 388.100134
162.651900 384.300900 317.019716 391.190246
159.841600 384.253100 315.908896 394.268270
157.212800 384.244100 314.917847 397.107333
154.757500 384.238100 313.984251 399.801460
152.465500 384.177300 313.119236 402.260588
150.349500 384.033300 312.465221 404.187738
148.462800 383.774700 312.318431 405.051597
146.861800 383.342900 312.600570 404.753670
145.493000 382.652100 312.161950 404.913295
144.342900 381.710300 311.258124 405.214125
143.476000 380.548800 309.924841 405.634009
142.885900 379.215000 308.465914 405.807751
142.512900 377.743300 306.976952 405.699928
142.317800 376.136600 305.455734 405.369128
142.188100 374.395800 303.777347 404.916487
142.147200 372.567400 302.089202 404.381299
142.122900 370.607400 300.309682 403.783011
142.117600 368.494900 298.375287 403.133777
142.130800 366.233800 296.331210 402.421026
142.204400 363.814600 294.135341 401.608874
142.299400 361.231000 291.798831 400.720037
142.415300 358.474700 289.322546 399.765327
142.582500 355.558100 286.590796 398.666145
142.739700 352.539000 283.824936 397.561133
142.891900 349.439100 281.003839 396.447465
143.064500 346.281300 278.100198 395.296402
143.227100 343.091000 275.175483 394.133808
143.425200 339.887400 272.219478 392.940524
143.616200 336.700500 269.265017 391.752718
143.795900 333.502200 266.300294 390.575347
144.005700 330.337500 263.360463 389.406053
144.230000 327.130600 260.390750 388.242798
144.419100 323.896200 257.302001 387.035588
144.587400 320.591100 254.251473 385.851515
144.754600 317.239000 251.156265 384.652758
144.941900 313.833000 248.021998 383.432108
145.157300 310.363000 244.835770 382.192701
145.368500 306.861100 241.596414 380.945395
145.569800 303.322100 238.319577 379.686138
145.779600 299.781500 235.022354 378.414757
145.995800 296.224300 231.718891 377.137332
146.232800 292.723700 228.466229 375.860442
146.466500 289.221500 225.229816 374.580567
146.685200 285.746000 222.004369 373.307885
146.893800 282.281200 218.694070 372.010058
147.103700 278.834100 215.510474 370.759348
147.309200 275.380000 212.354746 369.553922
147.469000 272.014900 209.214256 368.350723
147.644100 268.640500 206.078125 367.134560
147.828000 265.287400 203.019167 365.976213
148.018700 262.011300 200.003812 364.820162
148.191600 258.776500 197.016882 363.686546
148.362500 255.568000 194.071041 362.595812
148.542700 252.484800 191.263826 361.557775
148.699400 249.530100 188.423541 360.475492
148.855100 246.697000 185.801695 359.463741
149.012000 244.059600 183.351095 358.499105
149.177500 241.565300 181.052131 357.584347
149.354100 239.240800 178.907457 356.717052
149.518500 237.141100 176.938364 355.906128
149.688400 235.241100 175.157313 355.152177
149.831600 233.536700 173.572247 354.492743
149.906300 232.004900 172.204788 353.986460
149.838700 230.619900 170.852003 353.593941
149.635100 229.344100 169.840421 353.516482
149.241300 228.150200 167.868712 353.087909
148.716100 227.039600 166.693460 353.237761
148.000700 226.008200 165.582401 353.591588
147.075700 225.048900 164.591187 354.215665
145.937600 224.217300 163.630249 355.049892
144.564400 223.496400 162.603373 356.099450
143.010800 222.963900 161.614649 357.317492
141.316600 222.568700 160.730319 358.725640
139.454500 222.334500 159.886424 360.309624
137.425000 222.166300 159.080892 362.076196
135.205500 222.050100 158.285614 364.044849
132.804000 221.961500 157.493975 366.193034
130.267400 221.919300 156.723782 368.537477
127.508700 221.882500 155.837416 371.039313
124.622700 221.854300 154.873377 373.653158
121.664000 221.830100 153.937625 376.346561
118.657200 221.763300 152.917887 379.053289
115.641600 221.685500 151.857726 381.743546
112.627300 221.570300 150.779954 384.419642
109.673500 221.356100 149.679435 387.058345
106.754900 221.166500 148.607211 389.656946
103.815900 220.977200 147.515232 392.332277
100.933900 220.822800 146.483454 394.880680
98.075460 220.656000 145.481615 397.398520
95.253020 220.487500 144.471931 399.875086
92.486910 220.344500 143.458622 402.291737
89.875370 220.223200 142.519967 404.571952
87.458400 220.103100 141.650747 406.680277
85.308900 219.940400 140.873558 408.589740
83.404740 219.814900 140.221986 410.288082
81.811460 219.719400 139.732353 411.659473
80.386560 219.682400 139.353388 412.838151
79.003730 219.767200 139.061581 413.958802
77.660700 220.007600 138.808098 415.209185
76.371580 220.406400 138.657125 416.596506
75.155860 220.960300 138.586504 418.280400
74.011040 221.726500 138.680091 420.289767
72.923470 222.715600 139.085219 422.133944
71.978870 223.872400 139.768701 423.771423
71.184520 225.266700 140.737844 425.340097
70.559680 226.755300 141.870585 426.630861
70.106430 228.212400 143.120962 427.643350
69.780350 229.717400 144.449255 428.462582
69.611080 231.273600 145.874867 429.192290
69.507330 232.885000 147.353989 429.811534
69.413710 234.508900 148.839782 430.383537
69.343880 236.144900 150.351791 430.976621
69.165330 237.775100 151.805474 431.602746
68.850580 239.377200 153.193932 432.333821
68.411010 240.827300 154.459084 433.228881
67.727420 242.111200 155.655228 434.384684
66.803100 243.182900 156.718472 435.805314
65.701790 244.107800 157.447806 437.247540
64.448250 244.782200 157.924497 438.783001
63.080800 245.260000 157.908944 440.138955
61.580750 245.474700 157.787376 441.697775
60.021940 245.545100 157.443508 443.219024
58.373630 245.501300 156.983503 444.854230
56.557790 245.387700 156.418171 446.514663
54.575700 245.267600 155.789005 448.333340
52.422320 245.171900 155.100521 450.316717
50.087930 245.081900 154.354353 452.475967
47.581640 245.008900 153.559731 454.797718
44.918970 244.937600 152.711999 457.269652
42.122820 244.817200 151.787596 459.878825
39.164720 244.672400 150.762885 462.713652
36.057060 244.510700 149.718770 465.600326
32.840100 244.318200 148.601691 468.586138
29.595440 244.119000 147.436330 471.617868
26.356030 243.938500 146.324963 474.658082
23.136280 243.778100 145.286626 477.703963
19.923890 243.574600 144.202263 480.716619
16.771670 243.333700 143.048834 483.662911
13.661940 243.082500 141.900424 486.546108
10.666390 242.818300 140.760706 489.322176
7.814747 242.555200 139.634370 492.047032
5.139292 242.325200 138.642116 494.533248
2.679849 242.118700 137.749514 496.825261
0.450309 241.930700 136.941005 498.906122
-1.528966 241.776000 136.223398 500.760021
-3.228819 241.670700 135.625427 502.363904
-4.618300 241.633500 135.155451 503.700222
-5.727634 241.635600 134.797263 504.781887
-6.594910 241.676300 134.505638 505.664336
-7.316062 241.736500 134.290221 506.396190
-7.999830 241.824600 134.128433 507.110445
-8.668434 241.971800 134.013906 507.819840
-9.310473 242.159800 133.989017 508.493939
-10.040280 242.489600 134.020407 509.318608
-10.900630 242.986700 134.226179 510.195775
-11.788840 243.696900 134.607129 511.121670
-12.605680 244.629900 135.192773 512.129619
-13.325190 245.805400 136.014639 513.011726
-13.876090 247.212100 137.205971 513.979686
-14.262280 248.903900 138.607622 514.751435
-14.456720 250.843200 140.319205 515.460181
-14.534350 252.994100 142.357352 516.201152
-14.597030 255.350200 144.593257 516.963056
-14.667090 257.910700 146.970267 517.750593
-14.735990 260.649600 149.511057 518.597376
-14.849520 263.575900 152.187755 519.506184
-14.957480 266.729800 155.059381 520.501904
-15.059630 270.015600 158.083152 521.537465
-15.182710 273.477200 161.228055 522.652167
-15.303150 277.021400 164.460857 523.801553
-15.440230 280.658500 167.771087 524.981116
-15.590580 284.351600 171.137452 526.198757
-15.764490 288.068200 174.509793 527.434103
-15.946800 291.811700 177.896214 528.703627
-16.099940 295.543400 181.405724 529.984555
-16.260060 299.308400 184.828113 531.216003
-16.425310 303.105800 188.266001 532.462513
-16.590140 306.893300 191.703158 533.709044
-16.756680 310.705900 195.151586 534.959604
-16.910250 314.536100 198.629291 536.198584
-17.062160 318.371600 202.103372 537.441327
-17.211700 322.183300 205.557361 538.692157
-17.359600 325.995800 208.999094 539.933677
-17.503240 329.777900 212.426232 541.158528
-17.652950 333.537700 215.920099 542.386881
-17.803470 337.274400 219.280299 543.569214
-17.965510 340.928300 222.557519 544.734839
-18.139020 344.467400 225.717280 545.877439
-18.309560 347.827300 228.705287 546.966718
-18.498430 351.069300 231.580015 548.030176
-18.657830 354.177800 234.344173 549.034984
-18.779270 357.113600 236.946894 549.950043
-18.870160 359.864000 239.351729 550.778545
-18.946200 362.402300 241.618217 551.548777
-18.990920 364.711200 243.591118 552.207785
-19.050610 366.784400 245.318917 552.794959
-19.150770 368.599600 246.820402 553.332384
-19.288630 370.232600 248.142752 553.855999
-19.600770 371.746300 249.518662 554.499300
-20.181060 373.134000 251.782293 555.597462
-21.046240 374.352900 254.531099 557.199783
-22.127780 375.353800 256.108064 558.772884
-23.457040 376.098400 256.897954 560.411076
-24.934490 376.556700 256.861555 561.895301
-26.555040 376.670400 256.307408 563.415694
-28.276760 376.521700 255.774216 565.073240
-30.056280 376.231600 254.989905 566.692522
-31.975970 375.881500 254.114168 568.446356
-34.041570 375.538800 253.180885 570.230353
-36.312400 375.174700 252.196765 572.214859
-38.740670 374.815500 251.147173 574.356276
-41.349510 374.513500 250.101692 576.687888
-44.097790 374.260800 249.080877 579.287697
-47.011360 374.040700 248.153363 581.998598
-50.040150 373.823900 247.180219 584.813384
-53.185680 373.618900 246.204797 587.729575
-56.406270 373.421900 245.216848 590.729068
-59.653410 373.251300 244.249943 593.772008
-62.943060 373.083600 243.302230 596.834673
-66.219570 372.909300 242.333543 599.898428
-69.486870 372.732000 241.399963 602.951605
-72.726120 372.532900 240.411588 605.965245
-75.949990 372.348800 239.385907 608.962589
-79.132360 372.198800 238.379208 612.031682
-82.276670 372.085900 237.419331 614.977484
-85.318380 372.021300 236.534657 617.857594
-88.202870 371.999200 235.750669 620.614218
-90.927450 371.989600 235.014253 623.225742
-93.555550 371.974900 234.294875 625.730651
-96.169310 371.894100 233.541395 628.188646
-98.735200 371.699400 232.672961 630.545228
-101.335900 371.405700 231.676693 632.886329
-104.006100 371.090100 230.611860 635.289797
-106.771100 370.792200 229.509157 637.853185
-109.682200 370.477800 228.404152 640.483430
-112.739100 370.228500 227.264378 643.264224
-115.931600 370.036400 226.159573 646.197585
-119.286600 369.828600 225.016982 649.239548
-122.729500 369.724600 223.918535 652.424163
-126.288700 369.671200 222.855272 655.733192
-129.839700 369.662300 221.829051 659.066404
-133.385600 369.650900 220.818766 662.416251
-136.894400 369.634000 219.822038 665.777617
-140.398100 369.514400 218.729824 669.166401
-143.862100 369.340500 217.562374 672.384388
-147.327600 369.166400 216.447285 675.566278
-150.737000 368.971100 215.273944 678.733626
-154.158600 368.781900 214.164798 681.854473
-157.533900 368.539100 212.990597 684.958782
-160.863100 368.281900 211.772717 688.052835
-164.185700 368.025000 210.605960 691.079064
-167.432800 367.748600 209.412199 694.096000
-170.642400 367.488400 208.258686 697.051021
-173.841400 367.227100 207.128204 699.958314
-177.023700 366.951400 205.912919 703.005166
-180.244500 366.730400 204.801698 705.945614
-183.473900 366.580900 203.742637 708.913493
-186.744800 366.472000 202.687679 711.966967
-190.033500 366.367300 201.630879 715.052191
-193.355400 366.250500 200.669419 717.974015
-196.716900 366.188600 199.756323 720.904356
-200.121200 366.182600 198.816380 724.021953
-203.540500 366.199800 197.859232 727.228857
-206.952700 366.227500 196.941802 730.387216
-210.347900 366.285500 195.993333 733.680004
-213.706200 366.365900 195.123356 736.817304
-217.009500 366.481900 194.351975 739.820895
-220.179700 366.654500 193.695915 742.668134
-223.191200 366.879000 192.989240 745.664702
-226.097000 367.114900 192.304031 748.602653
-228.814800 367.345400 191.665019 751.363589
-231.386300 367.584000 191.297117 753.608480
-233.712600 367.887700 190.945064 755.805204
-235.782000 368.275800 190.558033 758.083405
-237.675400 368.737900 189.972201 760.907624
-239.369400 369.206200 189.436640 763.559897
-240.923900 369.617600 189.211480 765.451639
-242.343700 369.946600 189.131922 766.882148
-243.617800 370.200700 189.028817 768.132714
-244.859400 370.340600 188.893931 769.401489
-246.077300 370.391700 188.748134 770.981291
-247.267700 370.379800 188.479254 772.580469
-248.493500 370.333700 188.151980 774.347934
-249.783700 370.306600 187.790543 775.836261
-251.078800 370.299200 187.435867 777.284244
-252.358200 370.349900 187.155025 778.656625
-253.632100 370.436500 186.914747 779.937502
-254.850600 370.581800 186.687004 781.177617
-255.940600 370.729900 186.574178 782.273416
-256.915700 370.895600 186.355761 783.318867
-257.880300 371.026600 186.170729 784.324013
-258.825300 371.074700 186.009730 785.253948
-259.790200 371.036700 185.706457 786.150819
-260.853800 370.865000 185.251766 787.149874
-261.981300 370.525600 184.706747 787.892147
-263.149900 369.955400 183.944942 788.658722
-264.334300 369.128800 183.087088 789.079428
-265.453200 367.983800 181.833218 789.667857
-266.451000 366.525200 180.349044 790.056262
-267.251800 364.723800 178.439585 790.347493
-267.949500 362.709300 176.368685 790.458385
-268.506500 360.485200 174.153086 790.336695
-268.941500 358.026800 171.771318 790.048054
-269.220400 355.348600 169.195331 789.575030
-269.448800 352.477300 166.452671 788.844250
-269.718000 349.407100 163.508210 788.210946
-269.985700 346.177700 160.294252 787.504868
-270.257600 342.841000 157.066244 786.794528
-270.518100 339.408900 153.778534 786.111689
-270.754500 335.850800 150.393304 785.408962
-270.955500 332.279200 146.993841 784.690929
-271.100700 328.699800 143.584435 783.816514
-271.205200 325.126400 140.179885 782.997258
-271.267700 321.587300 136.842380 782.161732
-271.275200 318.070500 133.543205 781.297351
-271.222900 314.582000 130.289563 780.389210
-271.120000 311.120600 127.059960 779.397725
-270.978000 307.683800 123.866769 778.373747
-270.782700 304.265600 120.596348 777.246846
-270.528600 300.853100 117.445246 776.073179
-270.242000 297.429400 114.289838 774.834269
-269.919600 293.989900 111.136859 773.587735
-269.545200 290.528500 107.971116 772.254700
-269.141700 287.042100 104.800070 770.905150
-268.688300 283.528200 101.621865 769.506725
-268.188900 279.998100 98.440552 768.041719
-267.644900 276.438400 95.246157 766.522435
-267.060700 272.864800 92.049206 764.971902
-266.415600 269.267600 88.845773 763.365379
-265.703700 265.659900 85.652691 761.689828
-264.933700 262.028500 82.362120 759.894954
-264.083600 258.356100 79.154316 758.073413
-263.198600 254.694500 75.976227 756.213867
-262.249500 251.044300 72.844266 754.313508
-261.237300 247.429800 69.734400 752.352748
-260.189300 243.839800 66.666204 750.362570
-259.094000 240.246100 63.595596 748.331099
-257.955600 236.666200 60.554468 746.265746
-256.772700 233.104800 57.553669 744.164638
-255.531300 229.548500 54.558976 742.006080
-254.248400 226.028100 51.621700 739.822732
-252.919100 222.544000 48.606559 737.527318
-251.574800 219.079600 45.701949 735.288537
-250.208800 215.633800 42.843755 733.045703
-248.823500 212.212300 40.015411 730.789624
-247.396200 208.816100 37.224034 728.507056
-245.924600 205.438400 34.459256 726.196039
-244.407500 202.096000 31.718397 723.836941
-242.864900 198.761700 29.018784 721.459965
-241.279000 195.474400 26.378150 719.059420
-239.649300 192.235800 23.782607 716.626332
-237.983200 189.035400 21.222694 714.165746
-236.298900 185.858800 18.636310 711.623981
-234.588400 182.702700 16.188165 709.152344
-232.835600 179.589900 13.761071 706.635932
-231.009300 176.491000 11.319868 704.044164
-229.111700 173.245900 8.889327 701.400408
-227.176300 170.021800 6.505589 698.740027
-225.177100 166.838100 4.138028 696.014868
-223.121100 163.678300 1.756261 693.204130
-221.021800 160.583500 -0.620290 690.331256
-218.906700 157.528200 -2.937146 687.464232
-216.758300 154.516100 -5.201038 684.583701
-214.598900 151.542200 -7.496636 681.597569
-212.419400 148.613400 -9.649746 678.716531
-210.228200 145.723000 -11.753208 675.843038
-207.984500 142.875200 -13.798321 672.947287
-205.709300 140.044600 -15.767133 670.063982
-203.367700 137.252600 -17.728078 667.097716
-200.986900 134.476000 -19.650470 664.103497
-198.545200 131.709700 -21.545003 661.065168
-196.059300 128.939500 -23.442400 657.959193
-193.510200 126.196800 -25.281623 654.825625
-190.897300 123.468900 -27.189418 651.535499
-188.227400 120.762000 -29.072705 648.160443
-185.497000 118.076800 -30.864003 644.842237
-182.724000 115.414700 -32.607652 641.489970
-179.874900 112.756200 -34.325315 638.083762
-176.963500 110.129700 -36.128425 634.481138
-174.022700 107.478800 -37.857722 630.918846
-171.062700 104.830200 -39.529765 627.382139
-168.072200 102.205400 -41.202530 623.787092
-165.063500 99.572080 -42.833674 620.225961
-162.094200 96.925240 -44.443521 616.718049
-159.158100 94.245620 -46.395159 612.889493
-156.222000 91.591220 -48.055065 609.402940
-153.302600 88.949020 -49.534751 606.124545
-150.415700 86.290970 -51.220416 602.657810
-147.525700 83.616700 -53.146887 598.929876
-144.616800 80.967880 -55.006200 595.247852
-141.680000 78.334030 -56.592620 591.844157
-138.744900 75.701910 -58.225370 588.386778
-135.803000 73.066790 -59.901313 584.880818
-132.863800 70.434610 -61.507168 581.455031
-129.933000 67.796650 -63.136272 578.010859
-127.009300 65.165490 -64.798251 574.490826
-124.094300 62.565200 -66.283045 571.236182
-121.185800 59.961850 -67.811736 567.932107
-118.275800 57.358150 -69.403970 564.560227
-115.383500 54.746480 -71.074562 561.089507
-112.487100 52.132910 -72.805269 557.534811
-109.563100 49.507800 -74.431047 554.102590
-106.649400 46.882310 -76.119745 550.579660
-103.717200 44.240620 -77.788710 547.075838
-100.776700 41.607720 -79.448381 543.548911
-97.815960 38.955960 -81.049893 540.105723
-94.863170 36.299440 -82.788131 536.444758
-91.884440 33.643060 -84.383205 533.016952
-88.909720 30.989760 -86.014191 529.536262
-85.917480 28.322680 -87.641800 526.055891
-82.929050 25.668410 -89.268908 522.574076
-79.941980 23.038030 -90.862821 519.128628
-76.962720 20.421650 -92.438330 515.720651
-74.007520 17.823510 -94.005577 512.330010
-71.092400 15.226900 -95.596715 508.948221
-68.209240 12.634500 -97.226113 505.546294
-65.354250 10.051970 -98.819067 502.231479
-62.542350 7.481356 -100.489548 498.791599
-59.754040 4.927046 -102.109560 495.480949
-57.009180 2.422195 -103.611414 492.376676
-54.340090 0.009828 -105.035669 489.409286
-51.766990 -2.296378 -106.390759 486.557858
-49.260900 -4.526641 -107.755552 483.678512
-46.853800 -6.677798 -109.039865 480.946412
-44.569730 -8.685225 -110.233262 478.366993
-42.404320 -10.528340 -111.447146 475.734751
-40.364200 -12.198710 -112.653083 473.075116
-38.389800 -13.695430 -113.754001 470.469979
-36.423220 -15.003710 -115.022913 467.314131
-34.423200 -16.097900 -116.128357 464.106655
-32.364650 -16.913830 -116.987892 460.849819
-30.265120 -17.411740 -117.397641 457.857328
-28.163420 -17.604910 -117.047561 455.792706
-26.110560 -17.459960 -116.428612 453.776348
-24.143360 -16.987220 -115.459131 451.998723
-22.296980 -16.217800 -114.301202 450.257647
-20.604650 -15.231400 -112.928276 448.734610
-19.008910 -14.153640 -111.375635 447.456755
-17.427180 -13.090130 -109.869253 446.179713
-15.874640 -12.069320 -108.482629 444.946704
-14.363580 -11.106930 -107.166451 443.710691
-12.922670 -10.242620 -106.042319 442.381291
-11.574780 -9.466819 -105.007111 441.107951
-10.317910 -8.788752 -104.158589 439.776140
-9.188230 -8.193104 -103.348333 438.636005
-8.211014 -7.716742 -102.796947 437.390890
-7.426664 -7.335419 -102.296896 436.457799
-6.732949 -7.004384 -101.938449 435.472125
-6.081177 -6.624412 -101.521373 434.673234
-5.489078 -6.233971 -101.077746 434.005063
-4.934984 -5.802268 -100.605236 433.420370
-4.339961 -5.285216 -100.097743 432.862623
-3.697865 -4.592905 -99.325380 432.424457
-3.037676 -3.769289 -98.538398 432.010447
-2.408137 -2.790908 -97.553919 431.750478
-1.801721 -1.625169 -96.457434 431.725384
-1.269630 -0.215074 -95.056215 431.718894
-0.812186 1.417145 -93.575129 432.140209
-0.577413 3.304554 -91.798941 432.578108
-0.470925 5.426109 -89.865128 433.123014
-0.476637 7.694492 -87.704878 433.742210
-0.570738 10.119870 -85.458114 434.322785
-0.648451 12.686750 -83.090443 435.048570
-0.748385 15.378500 -80.576623 435.833626
-0.860824 18.191740 -77.944047 436.680883
-0.998219 21.084400 -75.247125 437.620133
-1.176238 24.100490 -72.463536 438.654427
-1.395968 27.224660 -69.584960 439.730510
-1.640741 30.420880 -66.635091 440.848316
-1.879320 33.664680 -63.548081 442.044657
-2.150183 36.923590 -60.535657 443.209986
-2.397389 40.249040 -57.472328 444.344191
-2.638864 43.594280 -54.382720 445.481674
-2.848280 46.962570 -51.266891 446.619179
-3.041372 50.356970 -48.121234 447.747931
-3.212653 53.820380 -44.930036 448.891961
-3.380992 57.307360 -41.695267 450.041027
-3.567609 60.834770 -38.416327 451.193746
-3.786600 64.385720 -35.134411 452.384849
-3.981904 67.973540 -31.810955 453.544781
-4.173959 71.565920 -28.373308 454.742858
-4.396788 75.106490 -25.081540 455.909123
-4.593996 78.623730 -21.790386 457.053405
-4.800834 82.136440 -18.518885 458.172825
-5.016400 85.597270 -15.316793 459.275130
-5.214554 89.008160 -12.166628 460.368364
-5.369648 92.435540 -8.990680 461.428585
-5.524006 95.827610 -5.813130 462.482136
