-0.000000 0.000000 0.000000 0.000000
0.002038 3.941730 -0.003845 3.898248
0.007571 7.908775 -0.008884 7.827898
0.006781 11.904260 -0.018255 11.907738
-0.005852 15.930660 -0.032620 15.890275
0.005006 19.986700 -0.033716 19.907573
-0.007369 24.072100 -0.039222 23.945717
0.001962 28.194720 -0.035824 28.155170
0.006827 32.335310 -0.031400 32.250560
0.012119 36.507890 -0.025687 36.377991
0.019429 40.704370 -0.023007 40.538076
0.026224 44.928210 -0.020869 44.854664
0.033592 49.179630 -0.022327 49.066670
0.025370 53.457160 -0.038327 53.306191
0.013229 57.745500 -0.061819 57.558502
0.002764 62.027950 -0.087076 61.944394
-0.005954 66.289400 -0.105837 66.171940
-0.027023 70.530000 -0.123705 70.383131
-0.046776 74.742450 -0.136934 74.570113
-0.052873 78.934960 -0.137775 78.861005
-0.048388 83.097210 -0.135454 82.998046
-0.075180 87.250150 -0.140471 87.108681
-0.111047 91.375240 -0.155427 91.195366
-0.169705 95.460760 -0.179213 95.384648
-0.234406 99.515130 -0.204473 99.417453
-0.286760 103.545900 -0.227395 103.427792
-0.334309 107.565300 -0.247218 107.407859
-0.394315 111.576600 -0.259345 111.376344
-0.429590 115.560100 -0.267964 115.456363
-0.430614 119.561300 -0.259708 119.424216
-0.456074 123.624200 -0.239591 123.396849
-0.470849 127.692500 -0.205564 127.375048
-0.470125 131.755700 -0.156553 131.493117
-0.466120 135.814600 -0.107324 135.494412
-0.464181 139.862600 -0.069174 139.502221
-0.474702 143.909900 -0.046095 143.500318
-0.484415 147.953800 -0.030182 147.614005
-0.497985 151.991700 -0.027300 151.575875
-0.518837 156.032900 -0.026054 155.568843
-0.490889 160.078600 -0.012466 159.566447
-0.476780 164.129500 -0.000168 163.702561
-0.449484 168.200000 0.019861 167.727311
-0.411154 172.284100 0.035309 171.763429
-0.358878 176.408600 0.050867 175.836754
-0.313655 180.542000 0.067362 180.067486
-0.318656 184.703900 0.059010 184.175689
-0.308933 188.900300 0.053403 188.353083
-0.300756 193.121300 0.053893 192.533950
-0.295505 197.380900 0.061324 196.874894
-0.332199 201.657300 0.059957 201.078601
-0.348136 205.970400 0.069230 205.347078
-0.342964 210.323200 0.081420 209.643765
-0.357581 214.714200 0.084483 213.973539
-0.360488 219.141900 0.085373 218.465506
-0.375507 223.589400 0.080884 222.849407
-0.378527 228.060200 0.072317 227.259731
-0.374570 232.542100 0.065589 231.694132
-0.378408 237.044600 0.056937 236.292014
-0.382092 241.571200 0.052693 240.778341
-0.377078 246.123100 0.056068 245.267226
-0.365894 250.696400 0.060694 249.793156
-0.356528 255.288500 0.063061 254.478601
-0.340799 259.900300 0.069489 259.043163
-0.325374 264.511300 0.074151 263.614544
-0.317394 269.137700 0.082642 268.191696
-0.314040 273.764900 0.095327 272.754547
-0.306203 278.395200 0.121471 277.465298
-0.276490 283.049800 0.160313 282.059061
-0.230158 287.699900 0.204874 286.701678
-0.192693 292.369200 0.241041 291.336621
-0.168171 297.072300 0.266623 295.974715
-0.143657 301.821100 0.281673 300.797424
-0.111308 306.608600 0.304730 305.502353
-0.093249 311.433100 0.329749 310.230632
-0.107981 316.295300 0.333628 315.011186
-0.103970 321.182300 0.344037 319.965130
-0.096484 326.068200 0.357168 324.792413
-0.074427 330.950800 0.379101 329.621141
-0.054350 335.802400 0.400698 334.429591
-0.042570 340.628700 0.413623 339.209171
-0.035147 345.452500 0.411374 344.112705
-0.041563 350.253200 0.388719 348.750784
-0.075066 355.037900 0.361477 353.430119
-0.109101 359.812500 0.334464 358.115887
-0.141995 364.586700 0.308025 362.792070
-0.185891 369.386600 0.280734 367.613715
-0.237813 374.225300 0.257315 372.361352
-0.270401 378.992900 0.239088 377.097847
-0.296087 383.840800 0.223567 381.849869
-0.316454 388.685700 0.211779 386.760196
-0.323790 393.557900 0.205433 391.539236
