0.000000 0.000000 0.000000 0.000000
-0.017534 0.283467 -0.026567 0.280501
-0.060000 0.627936 -0.073745 0.609575
-0.141534 1.081913 -0.162768 1.034696
-0.293459 1.604140 -0.314069 1.536805
-0.522492 2.173020 -0.547102 2.096461
-0.839493 2.758285 -0.855868 2.648844
-1.242764 3.333105 -1.243576 3.186261
-1.761568 3.880703 -1.730176 3.667822
-2.415527 4.382391 -2.360152 4.121197
-3.215512 4.824434 -3.112953 4.468399
-4.177130 5.153468 -4.034372 4.770204
-5.299329 5.360943 -5.114956 4.953415
-6.558994 5.427674 -6.388064 5.035585
-7.950411 5.389282 -7.762959 5.018723
-9.480377 5.263869 -9.272017 4.919121
-11.152740 5.088360 -10.926007 4.769188
-12.964270 4.901812 -12.773292 4.582886
-14.913410 4.697363 -14.700118 4.395408
-17.004780 4.494630 -16.760513 4.194270
-19.224270 4.290984 -18.950122 3.985821
-21.564480 4.100217 -21.333542 3.773235
-23.969500 3.908970 -23.721113 3.569019
-26.461360 3.716343 -26.183040 3.363406
-28.997620 3.492898 -28.695118 3.135930
-31.515860 3.271990 -31.194192 2.913172
-34.026260 3.051261 -33.773552 2.682372
-36.533450 2.843137 -36.262630 2.466957
-39.049180 2.638855 -38.770971 2.260308
-41.538400 2.436154 -41.257425 2.055229
-44.015190 2.223683 -43.727475 1.838786
-46.483350 2.028253 -46.287594 1.633869
-48.933140 1.820295 -48.757725 1.420331
-51.328710 1.575304 -51.150148 1.176720
-53.701960 1.337479 -53.525793 0.935412
-56.038080 1.110756 -55.869502 0.699473
-58.330390 0.883063 -58.175941 0.466044
-60.536580 0.662366 -60.472604 0.231463
-62.620220 0.461718 -62.577582 0.020315
-64.570470 0.320188 -64.551561 -0.134818
-66.375630 0.255567 -66.342551 -0.207326
-67.990520 0.345560 -67.996115 -0.134896
-69.403760 0.611089 -69.346176 0.111576
-70.681710 1.080744 -70.590539 0.548715
-71.814190 1.753829 -71.824667 1.207137
-72.810710 2.601772 -72.881447 2.023410
-73.659320 3.554385 -73.597268 2.968069
-74.401710 4.718510 -74.090116 4.094739
-75.018160 6.110247 -74.551358 5.499014
-75.539300 7.706095 -74.952414 7.065595
-75.980690 9.486418 -75.443493 8.843450
-76.379030 11.414990 -75.869900 10.765491
-76.702710 13.494070 -76.246072 12.835452
-76.964630 15.687850 -76.551879 15.026301
-77.198810 17.993590 -76.817045 17.331109
-77.402440 20.301510 -77.059789 19.733719
-77.573400 22.614340 -77.268288 22.066913
-77.734200 24.898110 -77.459914 24.366063
-77.908780 27.180670 -77.642501 26.660449
-78.064690 29.440670 -77.805137 28.951716
-78.198100 31.701300 -77.946986 31.229446
-78.346240 34.000930 -78.095323 33.545464
-78.507180 36.347540 -78.256181 35.985155
-78.700400 38.735230 -78.454550 38.395894
-78.895930 41.194680 -78.662063 40.864415
-79.100340 43.724740 -78.882147 43.392345
-79.318630 46.299200 -79.119425 45.983479
-79.508610 48.902070 -79.331026 48.602851
-79.697420 51.529450 -79.534947 51.321202
-79.900390 54.113500 -79.750659 53.943255
-80.092730 56.670630 -79.957368 56.540545
-80.280860 59.213100 -80.144025 59.110336
-80.474010 61.695670 -80.337586 61.612798
-80.696040 64.136290 -80.583385 64.171628
-80.945180 66.559290 -80.861129 66.650471
-81.219160 68.948800 -81.143137 69.059725
-81.542260 71.291910 -81.458754 71.403948
-81.910890 73.584740 -81.827201 73.741474
-82.326990 75.851980 -82.229024 76.064765
-82.765640 78.069230 -82.660411 78.301972
-83.284090 80.280970 -83.152596 80.444754
-83.856430 82.430700 -83.728224 82.567623
-84.492780 84.584160 -84.366831 84.600539
-85.212300 86.715560 -85.083816 86.606677
-85.996320 88.820790 -85.873069 88.641082
-86.860390 90.918090 -86.790740 90.893229
-87.802500 93.003510 -87.752102 93.137231
-88.749010 95.068170 -88.718610 95.260249
-89.747960 97.163510 -89.741887 97.431346
-90.774930 99.219550 -90.782398 99.532321
-91.840000 101.277400 -91.902233 101.725480
-92.914780 103.296100 -92.988264 103.758741
-94.015070 105.267400 -94.097788 105.773354
-95.123350 107.187800 -95.207562 107.714574
-96.223200 109.067700 -96.319945 109.623491
-97.263380 110.813500 -97.379015 111.391680
-98.241750 112.423300 -98.419146 113.102444
-99.124850 113.865700 -99.343979 114.599839
-99.918840 115.113700 -100.171643 115.916834
-100.633200 116.204600 -100.911490 117.048213
-101.305600 117.126600 -101.604947 118.064462
-101.873900 117.899200 -102.201535 118.865527
-102.405300 118.508600 -102.762980 119.512227
-102.901800 118.981600 -103.268567 119.967663
-103.418300 119.366800 -103.845825 120.500087
-103.954800 119.734800 -104.202010 120.448820
-104.533600 120.029100 -104.740290 120.659352
-105.136200 120.256600 -105.347080 120.907754
-105.801600 120.452000 -105.874733 120.868576
-106.640800 120.599400 -106.530676 120.744584
-107.630100 120.643400 -107.356413 120.571492
-108.711300 120.530800 -108.340909 120.282813
-109.893600 120.252600 -109.394444 119.858149
-111.159800 119.776100 -110.549431 119.273347
-112.496700 119.062200 -111.800606 118.503851
-113.898700 118.106700 -113.189199 117.589981
-115.384500 116.988900 -114.734917 116.491566
-116.978000 115.737300 -116.304393 115.262406
-118.659900 114.366200 -117.960483 113.896205
-120.438900 112.893300 -119.708143 112.419279
-122.328200 111.322200 -121.617750 110.788827
-124.284900 109.650200 -123.559029 109.102509
-126.332000 107.913600 -125.582847 107.374511
-128.461900 106.101400 -127.701370 105.585493
-130.662300 104.214900 -129.855579 103.680993
-132.923400 102.303500 -132.166737 101.704668
-135.189200 100.390400 -134.418187 99.805096
-137.468500 98.469440 -136.665119 97.888761
-139.748000 96.546090 -138.921798 95.993446
-142.020800 94.620440 -141.160220 94.091105
-144.286200 92.690670 -143.373885 92.172421
-146.547500 90.774040 -145.641689 90.190655
-148.833300 88.871460 -147.880577 88.311337
-151.113400 86.978090 -150.143486 86.443873
-153.379000 85.085390 -152.374757 84.569203
-155.629200 83.206150 -154.607352 82.704115
-157.861400 81.326710 -156.813581 80.833030
-160.058500 79.464550 -158.998676 78.984036
-162.221300 77.608580 -161.207656 77.075049
-164.376700 75.774280 -163.329740 75.247609
-166.524800 73.967130 -165.443341 73.446564
-168.668400 72.191080 -167.558846 71.670040
-170.783100 70.468000 -169.625384 69.925328
-172.829900 68.807490 -171.628924 68.228331
-174.785600 67.216050 -173.613446 66.552973
-176.663800 65.684200 -175.453062 64.998434
-178.444800 64.197390 -177.220498 63.503388
-180.100300 62.765190 -178.895563 62.084622
-181.648600 61.419590 -180.448760 60.750314
-183.088500 60.110320 -181.855168 59.473236
-184.404500 58.801210 -183.025848 58.259838
-185.549500 57.458340 -183.939610 57.060099
-186.455000 56.066080 -184.918417 55.668056
-187.120600 54.647590 -185.743203 54.191440
-187.525600 53.213090 -186.694596 52.420972
-187.748500 51.772320 -186.847267 51.053744
-187.716500 50.330420 -187.029073 49.464731
-187.519800 48.954720 -186.623304 48.280188
-187.091900 47.667580 -186.204759 47.015838
-186.478200 46.430560 -185.559021 45.817888
-185.743700 45.217520 -184.823000 44.609185
-184.898100 44.044150 -183.989235 43.408318
-183.968900 42.858990 -183.072032 42.189438
-182.972800 41.628580 -182.044891 40.915569
-181.887200 40.344680 -180.970317 39.627168
-180.726700 38.951790 -179.814260 38.258165
-179.492700 37.459110 -178.576817 36.806145
-178.162100 35.849180 -177.216137 35.198560
-176.710600 34.142700 -175.761278 33.507832
-175.171800 32.296660 -174.240263 31.695534
-173.559000 30.363270 -172.643111 29.793919
-171.867000 28.346750 -170.995406 27.788817
-170.123400 26.259270 -169.254997 25.646125
-168.337100 24.097840 -167.462736 23.514791
-166.581500 21.908660 -165.691272 21.343339
-164.835100 19.714670 -163.935297 19.162191
-163.104500 17.573870 -162.170256 17.029535
-161.377300 15.429150 -160.360959 14.845095
-159.682200 13.303470 -158.631002 12.741152
-158.088000 11.153610 -156.983253 10.655956
-156.652500 8.940913 -155.496628 8.508190
-155.433700 6.640524 -154.246850 6.345810
-154.451100 4.275819 -153.233920 4.051825
-153.690900 1.836084 -152.533955 1.859806
-153.116700 -0.684920 -151.887617 -0.701644
-152.659200 -3.301845 -151.361724 -3.360066
-152.323800 -6.003442 -150.934353 -6.137506
-152.034900 -8.818435 -150.486797 -9.247041
-151.705400 -11.696490 -150.123518 -12.155519
-151.368100 -14.689410 -149.762786 -15.136895
-151.018300 -17.760610 -149.379387 -18.219606
-150.658400 -20.884570 -148.994871 -21.335955
-150.317300 -24.039630 -148.621989 -24.496683
-149.995500 -27.198720 -148.262126 -27.659873
-149.688200 -30.326210 -147.915319 -30.793095
-149.392500 -33.448800 -147.572730 -34.007067
-149.124700 -36.525700 -147.270838 -37.091542
-148.881400 -39.588890 -146.999239 -40.155021
-148.663600 -42.621440 -146.754382 -43.188081
-148.444100 -45.622170 -146.523775 -46.195831
-148.225800 -48.590750 -146.301536 -49.166657
-148.013500 -51.538440 -146.074859 -52.201457
-147.797700 -54.448530 -145.848798 -55.105638
-147.579700 -57.330200 -145.615691 -57.969662
-147.341500 -60.171640 -145.361827 -60.792878
-147.099100 -62.956470 -145.096752 -63.583228
-146.873600 -65.641890 -144.847304 -66.282079
-146.684200 -68.188960 -144.635032 -68.933261
-146.575000 -70.550950 -144.508247 -71.313904
-146.515200 -72.689370 -144.442924 -73.486797
-146.496000 -74.588600 -144.419682 -75.430671
-146.520100 -76.249210 -144.421451 -77.150924
-146.562400 -77.644470 -144.440595 -78.649175
-146.614700 -78.752900 -144.457742 -79.834287
-146.644400 -79.571930 -144.469817 -80.702027
-146.661300 -80.195760 -144.469186 -81.356880
-146.655800 -80.746170 -144.464993 -81.927073
-146.626400 -81.202170 -144.452807 -82.426534
-146.606400 -81.580050 -144.433859 -82.845448
-146.554400 -81.887990 -144.391082 -83.231245
-146.509800 -82.072680 -144.357492 -83.483697
-146.481300 -82.147900 -144.344033 -83.595482
-146.467500 -82.144490 -144.342705 -83.626000
-146.474300 -82.148460 -144.345446 -83.638451
-146.483700 -82.145920 -144.346844 -83.659453
-146.487400 -82.144780 -144.347711 -83.683753
-146.492900 -82.150980 -144.348541 -83.709389
-146.495200 -82.155360 -144.349084 -83.736854
-146.494300 -82.156570 -144.349301 -83.767358
-146.487800 -82.148430 -144.348899 -83.798213
-146.487300 -82.140910 -144.349028 -83.829901
-146.486500 -82.135050 -144.348938 -83.863616
-146.488100 -82.132520 -144.348903 -83.898887
-146.489000 -82.133460 -144.348781 -83.933852
-146.484700 -82.133480 -144.348426 -83.969583
-146.484900 -82.133510 -144.348439 -84.005855
-146.480100 -82.133670 -144.348623 -84.042449
-146.472100 -82.131890 -144.348726 -84.080499
-146.477500 -82.133220 -144.348854 -84.117800
-146.525000 -82.162010 -144.348673 -84.155938
-146.565900 -82.217300 -144.339772 -84.223736
-146.590600 -82.310130 -144.316534 -84.334164
-146.581800 -82.426170 -144.275566 -84.487483
-146.551800 -82.574220 -144.220939 -84.638648
-146.475900 -82.778480 -144.141477 -84.839512
-146.351300 -83.116710 -144.036542 -84.943168
-146.156300 -83.574440 -143.888514 -84.956426
-145.879500 -84.106160 -143.660192 -85.087971
-145.491300 -84.682600 -143.317693 -85.402295
-144.895700 -85.318510 -142.758505 -86.048032
-144.077500 -86.065360 -142.075696 -86.212893
-142.947400 -86.840620 -141.051833 -86.681242
-141.509200 -87.543350 -139.679804 -87.199419
-139.798500 -88.087580 -138.029614 -87.552299
-137.828100 -88.433330 -136.131567 -87.766142
-135.614800 -88.607530 -133.906916 -87.922330
-133.180100 -88.696560 -131.513588 -87.986142
-130.552000 -88.680490 -128.945304 -87.899568
-127.723900 -88.575690 -126.149425 -87.723453
-124.683500 -88.464330 -123.065607 -87.516611
-121.460200 -88.294280 -119.901969 -87.294482
-118.086600 -88.040550 -116.589043 -87.034978
-114.579400 -87.745070 -113.142710 -86.727528
-110.975100 -87.438680 -109.472648 -86.377567
-107.385700 -87.146760 -105.904635 -86.084126
-103.821100 -86.859660 -102.359181 -85.790168
-100.261700 -86.572000 -98.816467 -85.507083
-96.736140 -86.293870 -95.299217 -85.255883
-93.228880 -86.017520 -91.694553 -84.974816
-89.760830 -85.757500 -88.232867 -84.724627
-86.314280 -85.511300 -84.783498 -84.524549
-82.904810 -85.266650 -81.350271 -84.366196
-79.525840 -84.982830 -77.955735 -84.135819
-76.174850 -84.684980 -74.607415 -83.845642
-72.849640 -84.375480 -71.178230 -83.530920
-69.556400 -84.051650 -67.892376 -83.191476
-66.269780 -83.744240 -64.627671 -82.875928
-62.988460 -83.463860 -61.359920 -82.621923
-59.725320 -83.192290 -58.121249 -82.353750
-56.511930 -82.928720 -54.916031 -82.084457
-53.287950 -82.677770 -51.704304 -81.858469
-50.102380 -82.423820 -48.403565 -81.618771
-46.961330 -82.161740 -45.254189 -81.347383
-43.795000 -81.913070 -42.108759 -81.094371
-40.605850 -81.669580 -38.936489 -80.870191
-37.446990 -81.429200 -35.798855 -80.625189
-34.324130 -81.178460 -32.694402 -80.367221
-31.234230 -80.938930 -29.518535 -80.112787
-28.164850 -80.719500 -26.474460 -79.869609
-25.130870 -80.512870 -23.482308 -79.622917
-22.128140 -80.313820 -20.510421 -79.396172
-19.203440 -80.118030 -17.603397 -79.175202
-16.439970 -79.929640 -14.856656 -78.970206
-13.862420 -79.730950 -12.210122 -78.769797
-11.471000 -79.505250 -9.836730 -78.555834
-9.267307 -79.258710 -7.683524 -78.305579
-7.272311 -78.940490 -5.758518 -77.994916
-5.472914 -78.549550 -3.970974 -77.617266
-3.867830 -78.086270 -2.352241 -77.193110
-2.385605 -77.503960 -0.652502 -76.649600
-1.027851 -76.800120 0.499706 -75.951567
0.166806 -75.911920 1.714877 -75.097942
1.182030 -74.883010 2.869966 -74.092422
1.977241 -73.709730 4.128990 -72.946141
2.625592 -72.432540 4.829254 -71.690305
3.046312 -71.053430 5.552161 -70.319731
3.332790 -69.610070 5.816876 -68.827388
3.505748 -68.096830 5.997612 -67.298834
3.623078 -66.505600 6.086873 -65.711980
3.673887 -64.790020 6.129275 -64.007199
3.664022 -62.925430 6.087567 -62.105432
3.591227 -60.915700 5.992999 -60.105193
3.485568 -58.760380 5.875295 -57.962805
3.375737 -56.493750 5.749069 -55.715373
3.243097 -54.203520 5.605054 -53.425969
3.069795 -51.907210 5.432979 -51.063769
2.871709 -49.612280 5.234296 -48.766956
2.690256 -47.318710 5.026615 -46.472165
2.514617 -45.039680 4.825813 -44.187244
2.336487 -42.787040 4.621490 -41.922445
2.176053 -40.574230 4.423055 -39.622979
2.023801 -38.441270 4.255636 -37.459196
1.895520 -36.414710 4.097291 -35.394836
1.766675 -34.458180 3.920312 -33.420149
1.645582 -32.544470 3.767568 -31.483763
1.524724 -30.674470 3.607729 -29.528552
1.412389 -28.840280 3.470895 -27.656317
1.305986 -27.028700 3.323725 -25.811189
1.191105 -25.239530 3.171977 -23.990794
1.067365 -23.476920 3.010156 -22.198653
0.934574 -21.765460 2.836029 -20.400637
0.802905 -20.140230 2.669852 -18.745695
0.699503 -18.615910 2.523919 -17.185444
0.601767 -17.196320 2.392231 -15.720018
0.507341 -15.885810 2.275643 -14.359314
0.417035 -14.726660 2.170815 -13.102148
0.351258 -13.760620 2.087426 -12.062227
0.299516 -12.930350 2.016008 -11.171878
0.263868 -12.153000 1.948131 -10.345101
0.238575 -11.391050 1.883581 -9.533289
0.198165 -10.644890 1.818611 -8.739505
0.151201 -9.907869 1.747343 -7.927522
0.091011 -9.183499 1.650674 -7.157924
0.016860 -8.476707 1.540425 -6.387995
-0.070862 -7.778389 1.427257 -5.637959
-0.158415 -7.094030 1.320779 -4.877667
-0.234301 -6.412690 1.225765 -4.121108
-0.307917 -5.742297 1.141696 -3.394597
-0.360353 -5.068979 1.067390 -2.671822
-0.401589 -4.328040 0.995186 -1.901960
-0.431289 -3.483170 0.929804 -1.040989
-0.464543 -2.555900 0.874062 -0.071824
-0.487938 -1.556277 0.823624 0.893909
-0.499710 -0.485171 0.781885 1.990506
-0.511556 0.679747 0.725971 3.028406
-0.388368 1.890361 0.720634 4.329875
-0.387786 3.050660 0.673902 5.506341
-0.473375 4.175334 0.513472 6.612171
-0.669462 5.262875 0.282222 7.807339
-0.929674 6.291946 -0.020708 8.505565
-1.229340 7.289411 -0.347458 9.707439
-1.438607 8.249384 -0.607914 10.555367
-1.565470 8.946937 -0.769646 11.219856
-1.615795 9.324632 -0.850412 11.677366
-1.635852 9.404838 -0.884614 11.869379
-1.640332 9.376167 -0.898443 11.908867
-1.643540 9.371050 -0.915193 11.968444
