0.000000 0.000000 0.000000 0.000000
0.059875 0.430540 0.065598 0.392899
0.240194 0.981257 0.238060 0.905244
0.531827 1.620036 0.541988 1.495124
0.999102 2.286905 0.994125 2.134621
1.634196 2.948016 1.605055 2.737213
2.465897 3.579897 2.408571 3.333651
3.507611 4.202254 3.407744 3.871109
4.794196 4.791823 4.649644 4.414795
6.329744 5.330723 6.146492 4.950425
8.109243 5.878028 7.950988 5.513579
10.112010 6.449695 9.922490 6.064839
12.311460 7.000760 12.093883 6.596523
14.649940 7.512325 14.409779 7.080225
17.045990 7.933466 16.791473 7.476403
19.495760 8.228210 19.218886 7.747781
21.992720 8.306307 21.677695 7.797444
24.504830 8.124873 24.149100 7.589085
26.991550 7.679836 26.699712 7.118163
29.438030 6.997717 29.169901 6.439748
31.783040 6.157692 31.523188 5.587561
34.061480 5.135804 33.779057 4.557359
36.249090 3.963231 35.992265 3.377043
38.339410 2.756405 38.111253 2.142381
40.387000 1.476584 40.161993 0.846490
42.507450 0.121543 42.281819 -0.528140
44.798470 -1.255569 44.544180 -1.934714
47.253440 -2.652713 47.034707 -3.409077
49.829130 -4.119797 49.578442 -4.906208
52.496600 -5.654198 52.196679 -6.467896
55.197500 -7.201418 54.869974 -8.053082
57.889050 -8.733355 57.531978 -9.622622
60.568300 -10.237180 60.181625 -11.160823
63.209030 -11.720560 62.829328 -12.687032
65.794730 -13.245590 65.521147 -14.298560
68.306160 -14.789450 68.063075 -15.883863
70.774870 -16.359280 70.551154 -17.490264
73.207180 -17.930420 73.004406 -19.103830
75.585180 -19.500110 75.389709 -20.703225
77.976200 -21.045650 77.782250 -22.290745
80.359750 -22.550030 80.209889 -23.855190
82.721600 -24.045560 82.539577 -25.366864
85.130890 -25.457240 84.908302 -26.808548
87.583520 -26.763470 87.260405 -28.095074
90.052030 -27.962520 89.575694 -29.241302
92.567280 -29.055560 91.948529 -30.290428
95.091560 -30.042180 94.535604 -31.340155
97.627970 -30.999950 97.213654 -32.395780
100.184800 -31.914080 99.792189 -33.357061
102.738700 -32.746220 102.480766 -34.303288
105.306500 -33.553570 105.081938 -35.146379
107.889600 -34.298460 107.651153 -35.918238
110.487000 -34.993230 110.222575 -36.631863
113.094500 -35.631080 112.737427 -37.256971
115.714700 -36.218190 115.397212 -37.889620
118.336800 -36.794500 117.937031 -38.438877
120.956100 -37.311260 120.517879 -38.962358
123.575400 -37.808670 123.277905 -39.518074
126.178100 -38.305940 125.905614 -40.033926
128.749000 -38.789160 128.501951 -40.537893
131.294400 -39.254810 131.057786 -41.026975
133.800300 -39.697620 133.588281 -41.506478
136.267300 -40.152820 136.074471 -41.975634
138.705700 -40.571180 138.538045 -42.417104
141.108200 -40.918610 140.947620 -42.789643
143.486200 -41.184130 143.337037 -43.052641
145.827400 -41.344840 145.583165 -43.185314
148.116900 -41.390150 147.824125 -43.230320
150.394500 -41.337850 150.194632 -43.235076
152.640300 -41.243160 152.481737 -43.185703
154.896300 -41.171990 154.869772 -43.181541
157.139500 -41.129290 157.229210 -43.186685
159.364300 -41.123040 159.479174 -43.223063
161.541500 -41.143410 161.635994 -43.274593
163.691100 -41.184580 163.825180 -43.354948
165.794600 -41.169840 166.023109 -43.389736
167.853000 -41.036680 168.109280 -43.296019
169.861400 -40.814300 170.016186 -43.068669
171.785700 -40.498720 171.776713 -42.728631
173.656900 -40.100850 173.663771 -42.336366
175.466100 -39.643440 175.563303 -41.885766
177.238400 -39.176700 177.205561 -41.399669
179.051200 -38.637820 179.245673 -40.907884
180.842400 -38.130090 181.031933 -40.399280
182.654500 -37.585090 182.925585 -39.869486
184.499200 -36.994200 184.788673 -39.303024
186.326400 -36.336250 186.630811 -38.666584
188.179600 -35.586660 188.480277 -37.950750
190.033300 -34.744990 190.456639 -37.117808
191.950900 -33.866980 192.494356 -36.246724
193.922400 -32.984310 194.487612 -35.367525
195.981900 -32.091960 196.503032 -34.472891
198.044700 -31.179470 198.579621 -33.553024
200.096400 -30.282730 200.651309 -32.644997
202.149000 -29.377620 202.685235 -31.735592
204.205200 -28.490440 204.643328 -30.818122
206.280400 -27.683360 206.525463 -30.018756
208.395100 -26.949400 208.370697 -29.302345
210.511400 -26.248260 210.242226 -28.630455
212.653100 -25.542730 212.340554 -27.956099
214.826000 -24.841570 214.514375 -27.262497
217.025900 -24.115450 216.900781 -26.536363
219.237300 -23.317850 219.132515 -25.768937
221.445500 -22.466040 221.402035 -24.933320
223.667300 -21.584010 223.616354 -24.091807
225.887600 -20.687600 225.860328 -23.222658
228.072000 -19.761640 228.089096 -22.325494
230.220200 -18.813360 230.276841 -21.393637
232.380100 -17.819580 232.544380 -20.409174
234.567900 -16.817990 234.685149 -19.441903
236.713000 -15.809910 236.869486 -18.451522
238.851800 -14.765210 239.030197 -17.430943
241.017000 -13.683470 241.217545 -16.352788
243.189400 -12.578710 243.331573 -15.291276
245.303900 -11.468690 245.738136 -14.138511
247.468200 -10.349670 247.989004 -13.019711
249.645100 -9.231011 250.117132 -11.934494
251.806300 -8.090111 252.316923 -10.804753
253.960700 -6.938930 254.507249 -9.670296
256.101100 -5.755645 256.658694 -8.511605
258.215000 -4.543629 258.924703 -7.254773
260.307600 -3.272954 260.758566 -6.078868
262.344400 -1.883065 262.485657 -4.812105
264.302700 -0.414263 264.800300 -3.256983
266.252100 1.068534 267.539398 -1.532423
268.265900 2.447327 269.939599 -0.014145
270.324900 3.759467 272.077591 1.324200
272.419700 5.022290 274.146426 2.574706
274.560900 6.266911 276.002991 3.697625
276.693900 7.483336 277.775611 4.761430
278.872400 8.703796 279.786509 5.893347
281.097600 9.935075 282.119928 7.139576
283.337500 11.219770 284.509639 8.441833
285.578400 12.544850 286.779538 9.745466
287.831600 13.911530 289.152926 11.136036
290.088700 15.396350 291.441195 12.588829
292.311900 16.932960 293.681737 14.109845
294.493900 18.481610 295.601628 15.544486
296.720900 20.090920 297.169774 16.891538
298.978300 21.804860 299.065703 18.482677
301.361000 23.633810 301.307192 20.312465
303.645300 25.487530 303.282810 22.059307
305.870300 27.427630 305.512668 23.998949
308.019400 29.387000 307.563032 25.893413
310.140700 31.374480 309.314146 27.697379
312.194800 33.399420 311.132927 29.565607
314.189200 35.447230 313.134802 31.585437
316.138800 37.517350 314.982750 33.562349
318.049100 39.628100 317.046993 35.728320
319.943200 41.728570 318.976387 37.830263
321.828600 43.822610 320.865047 39.913527
323.748400 45.934260 322.848894 42.088090
325.706500 48.018020 324.687752 44.108250
327.739600 50.080930 326.491559 46.027496
329.840400 52.117880 328.114247 47.766971
331.997600 54.088750 330.071857 49.600109
334.230000 56.046050 332.291083 51.519888
336.499800 57.995180 334.423697 53.341516
338.816900 59.925620 336.639021 55.168014
341.178100 61.833440 339.193538 57.172469
343.554900 63.722300 341.604751 59.038040
345.957800 65.576790 344.132854 60.941660
348.386500 67.418200 346.880242 62.975623
350.801500 69.229240 349.482956 64.915288
353.254100 71.038830 352.098196 66.845958
355.698600 72.844900 354.652345 68.730284
358.141800 74.650950 357.150799 70.582175
360.583100 76.452920 359.624835 72.411626
363.026300 78.255900 362.169416 74.288725
365.452200 80.044720 364.642081 76.113814
367.845000 81.823410 367.067074 77.918924
370.166400 83.579750 369.401017 79.674837
372.393300 85.288160 371.637298 81.375471
374.497600 86.944540 373.808942 83.024868
376.478000 88.495560 375.901398 84.604534
378.371000 89.933730 377.858162 86.073592
380.183400 91.300940 379.714803 87.460524
381.933000 92.573690 381.558059 88.776595
383.660900 93.763590 383.293441 89.952239
385.476400 94.921870 384.981866 90.981081
387.358800 96.029350 386.773117 91.995154
389.297900 97.086300 388.896927 93.215540
391.333900 98.175050 391.110183 94.443844
393.414000 99.266980 392.967518 95.314080
395.549800 100.322500 395.129408 96.345146
397.704500 101.322500 397.359701 97.400026
399.824200 102.279600 399.422376 98.275119
401.916600 103.140900 401.407105 99.023789
403.950600 103.902700 403.387267 99.714745
405.959700 104.590800 405.166360 100.181867
408.011000 105.108200 407.062897 100.590544
410.135100 105.485400 409.360551 101.075433
412.361000 105.790800 411.486218 101.311761
414.624700 106.058600 413.605578 101.462559
416.897400 106.297800 415.711652 101.551996
419.163900 106.506600 417.790297 101.584365
421.493300 106.727000 420.047206 101.702837
423.737200 106.947800 422.066193 101.742564
425.977100 107.191600 424.345945 101.969339
428.102800 107.420100 426.334172 102.082345
430.149200 107.670800 428.277210 102.235186
432.117500 107.907600 430.418627 102.498357
434.025800 108.008100 432.479390 102.636630
435.758200 108.009100 434.257200 102.591071
437.299000 107.930500 435.828894 102.458762
438.581000 107.769400 437.221011 102.280307
439.666200 107.607000 438.221295 101.985316
440.608900 107.409000 439.259104 101.798572
441.398700 107.289400 440.017606 101.601579
441.992900 107.179100 440.612087 101.439951
442.448600 107.110700 441.057684 101.307096
442.905900 107.038600 441.402930 101.149604
443.346800 107.014100 441.896766 101.077482
443.836000 106.989300 442.431058 101.016060
444.473000 106.989500 443.319987 101.019666
445.205500 106.946300 443.763303 100.836820
446.012900 106.953300 444.228796 100.685017
446.902800 107.033600 444.983401 100.670339
447.889800 107.210000 446.197089 100.794683
448.987400 107.446500 446.831258 100.867261
450.189500 107.822200 447.873518 101.117595
451.491100 108.402100 448.978673 101.477974
452.928900 109.084800 450.320959 101.986067
454.502200 109.798100 451.676576 102.615038
456.158200 110.666600 453.312415 103.432384
457.971900 111.646100 455.061840 104.376052
459.877400 112.735800 456.941855 105.433115
461.883200 113.914900 458.916039 106.572133
463.988700 115.182000 460.978028 107.789537
466.175500 116.517700 463.138632 109.086773
468.435400 117.924700 465.369077 110.447343
470.781100 119.404400 467.660453 111.862632
473.219400 120.926800 470.159892 113.401143
475.743400 122.510800 472.676777 114.948356
478.344300 124.160400 475.257748 116.557658
480.992000 125.864000 477.888342 118.217943
483.679900 127.592900 480.515931 119.879817
486.447600 129.273600 483.115630 121.473436
489.320000 130.826500 485.795127 122.947685
492.282900 132.213200 488.642079 124.289834
495.358000 133.438200 491.507948 125.398851
498.513800 134.409800 494.385236 126.253923
501.751100 135.064200 497.337963 126.832309
505.042300 135.427700 500.604855 127.145703
508.395000 135.556900 503.965306 127.240413
511.770400 135.475700 507.385320 127.122450
515.185000 135.299200 511.009112 126.876236
518.623000 135.097900 514.487579 126.605624
522.144800 134.847000 518.033091 126.284795
525.734400 134.578800 521.650830 125.938340
529.399100 134.293800 525.331286 125.579866
533.133700 134.010400 529.083794 125.218964
536.936600 133.686300 532.903645 124.825377
540.806000 133.326000 536.796298 124.391912
544.802000 132.892300 540.759557 123.911227
548.848400 132.415900 544.786817 123.381776
552.948000 131.900800 549.018004 122.790069
557.104100 131.327900 553.189463 122.160845
561.317500 130.706600 557.421173 121.479052
565.599800 130.051200 561.715897 120.763870
569.941500 129.367300 566.075508 120.020184
574.351700 128.666500 570.511343 119.255652
578.779700 127.953800 574.982843 118.469448
583.237100 127.258900 579.483989 117.679774
587.713000 126.567300 583.982447 116.893652
592.202000 125.884700 588.627320 116.107642
596.683800 125.215200 593.144268 115.359807
601.149700 124.558400 597.666442 114.623546
605.601500 123.870200 602.170348 113.893857
610.038700 123.194200 606.645687 113.182796
614.483600 122.547100 611.167374 112.473099
618.926400 121.903400 615.684486 111.777208
623.350300 121.254400 620.168202 111.088168
627.741900 120.615400 624.611720 110.421971
632.071600 120.016600 629.196489 109.742701
636.318800 119.412600 633.531331 109.112265
640.484000 118.825100 637.810645 108.479144
644.497600 118.256100 641.973508 107.850394
648.278400 117.698400 645.910333 107.245668
651.817400 117.176000 649.584023 106.688355
655.064500 116.712400 652.980655 106.190152
657.980700 116.314200 656.047756 105.759025
660.526400 115.964600 658.743613 105.387482
662.701100 115.630800 661.174567 104.985978
664.544000 115.185100 662.908944 104.544452
666.220700 114.557800 663.846758 104.102053
667.731400 113.722400 664.206202 103.580040
668.815500 112.652100 664.779900 102.713383
669.721700 111.420600 665.874442 101.416302
670.375000 110.040000 666.469743 100.069520
670.743500 108.532100 666.863655 98.593018
670.853700 106.905800 666.893884 97.051790
670.479600 105.203700 666.575922 95.418666
669.886200 103.505000 665.916970 93.841465
668.934000 101.811700 664.961727 92.211723
667.713400 100.128500 663.750418 90.563926
666.284600 98.431790 662.334752 88.889303
664.691900 96.730170 660.761385 87.223191
662.951100 95.069520 659.050423 85.614643
661.045400 93.515090 657.208529 84.112352
658.978100 92.108080 655.167386 82.726725
656.784000 90.796840 652.947940 81.421767
654.501500 89.445100 650.635195 80.120579
652.178300 88.060580 648.207766 78.747218
649.787300 86.622730 645.718580 77.354233
647.361600 85.108610 643.209335 75.881336
644.842400 83.549870 640.607252 74.352409
642.252000 81.948280 637.913220 72.794099
639.681300 80.324390 635.245561 71.223693
637.149300 78.658370 632.638930 69.634294
634.666500 76.993840 630.103426 68.012806
632.251900 75.355150 627.638109 66.412961
629.879500 73.738570 625.160781 64.806663
627.590500 72.163550 622.825930 63.291674
625.387200 70.610050 620.597104 61.796694
623.318500 69.115660 618.518782 60.357744
621.410500 67.709240 616.594680 58.987240
619.670100 66.436970 614.824365 57.775852
618.153900 65.289110 613.278284 56.658781
616.867100 64.327580 611.956545 55.723733
615.819600 63.530860 610.847693 54.899879
614.973800 62.932120 609.982670 54.341686
614.330800 62.461620 609.308460 53.850553
613.811100 62.069300 608.779370 53.477408
613.313200 61.694250 608.289310 53.135243
612.830400 61.322490 607.807148 52.778212
612.348000 60.956790 607.330893 52.428494
611.900500 60.618970 606.872075 52.099218
611.476100 60.298910 606.446187 51.786038
611.109300 60.011850 606.066511 51.504094
610.766100 59.758400 605.738353 51.268235
610.434000 59.483890 605.415166 51.025330
610.127300 59.236310 605.112995 50.797425
609.810600 58.983200 604.815464 50.577622
609.426900 58.683240 604.476297 50.324798
608.885000 58.245010 603.999453 49.963334
608.141400 57.643250 603.368670 49.466571
607.226200 56.864850 602.585932 48.809975
606.175100 55.922830 601.658652 47.985368
604.988800 54.815760 600.617523 46.997647
603.721000 53.539790 599.253092 45.683773
602.357600 52.129810 597.694697 44.162416
600.872200 50.598950 596.168160 42.637448
599.313100 48.940800 594.495754 40.948531
597.636500 47.153860 592.880041 39.280512
595.881100 45.248230 591.105305 37.438423
594.057800 43.236600 589.348865 35.551334
592.228600 41.166150 587.551347 33.552110
590.416500 39.097260 585.725656 31.512273
588.589700 37.035950 583.823415 29.418771
586.727400 34.953000 581.984502 27.406225
584.835300 32.869090 580.107229 25.384247
582.909900 30.778460 578.200513 23.363419
580.956400 28.682870 576.262006 21.333101
578.981900 26.559660 574.289562 19.268622
576.989600 24.412110 572.226660 17.098976
575.013400 22.261790 570.247095 14.994603
573.061000 20.092300 568.278718 12.873671
571.135300 17.941960 566.340611 10.762654
569.253000 15.812370 564.440559 8.664735
567.402800 13.684550 562.579403 6.580197
565.597000 11.594760 560.769457 4.545794
563.776800 9.568871 558.921728 2.523984
562.016200 7.610878 557.098566 0.547872
560.357800 5.761759 555.487327 -1.204142
558.790600 4.059161 553.911785 -2.879369
557.388800 2.556647 552.349632 -4.508377
556.166300 1.224300 551.031937 -5.895827
555.086800 0.038120 549.876841 -7.116394
554.091900 -1.065239 548.950602 -8.114203
553.156200 -2.093206 548.022444 -9.100787
552.265400 -3.039119 547.077089 -10.082280
551.446200 -3.918816 546.213632 -10.978724
550.714900 -4.709150 545.432845 -11.796131
550.055400 -5.411455 544.776801 -12.486462
549.472200 -6.063502 544.259356 -13.053844
548.991400 -6.627882 543.808400 -13.570152
548.582100 -7.090666 543.482716 -13.940461
548.257600 -7.479973 543.191545 -14.274421
547.987500 -7.803179 543.043363 -14.447949
547.768900 -8.070234 542.925232 -14.591790
547.592600 -8.293718 542.863656 -14.679855
547.438700 -8.468806 542.839962 -14.718336
547.312300 -8.609266 542.862107 -14.709201
547.212800 -8.727030 542.912303 -14.666157
547.137900 -8.816118 542.981134 -14.601482
547.093000 -8.878200 543.075622 -14.507770
547.069500 -8.915003 543.211064 -14.369234
547.040300 -8.948208 543.383629 -14.190775
546.977500 -9.002351 543.552114 -14.016539
546.906300 -9.075048 543.679347 -13.885450
546.823300 -9.175395 543.801272 -13.760957
546.717900 -9.307750 543.889413 -13.674056
546.577700 -9.471357 543.958558 -13.610178
546.411500 -9.667371 544.006092 -13.568744
546.222400 -9.896104 543.996536 -13.589280
546.013600 -10.141830 543.984491 -13.613573
545.783400 -10.398320 543.923716 -13.687941
545.569500 -10.646660 543.815504 -13.808834
545.387700 -10.868510 543.794282 -13.841037
545.242600 -11.049650 543.777096 -13.867331
