0 0.000000 0.000317 100.000000 13.513514
0 0.000000 0.000281 200.000000 13.605442
0 0.000000 0.000182 300.000000 14.084507
10 0.000000 0.000217 100.000000 13.513514
10 0.000000 0.000042 200.000000 13.698630
10 0.000000 0.000087 300.000000 14.150944
20 0.000005 0.000135 100.000000 13.513514
20 0.000000 0.000084 200.000000 13.698630
20 0.000000 0.000067 300.000000 14.285714
30 0.000000 0.001223 100.000000 13.513514
30 0.000000 0.000425 200.000000 13.793103
30 0.000000 0.000321 300.000000 14.354067
40 0.000000 0.000695 100.000000 13.333333
40 0.000002 0.000057 200.000000 13.888889
40 0.000000 0.000212 300.000000 14.492754
50 0.000005 0.000699 100.000000 13.333333
50 0.000002 0.000332 200.000000 13.986014
50 0.000002 0.000045 300.000000 14.563107
60 0.000005 0.000717 100.000000 13.333333
60 0.000000 0.000291 200.000000 13.986014
60 0.000000 0.000306 300.000000 14.634147
70 0.000005 0.000604 100.000000 13.333333
70 0.000000 0.000394 200.000000 14.184397
80 0.000000 0.000258 100.000000 13.513514
80 0.000000 0.000054 200.000000 14.285714
90 0.000000 0.000272 100.000000 13.513514
90 0.000000 0.000138 200.000000 14.492754
100 0.000000 0.000318 100.000000 13.698630
100 0.000000 0.000526 200.000000 14.705882
110 0.000000 0.000177 100.000000 14.084507
110 0.000000 0.000192 200.000000 14.814815
120 0.000000 0.000470 100.000000 14.285714
120 0.000000 0.000647 200.000000 15.037594
130 0.000005 0.000243 100.000000 14.492754
130 0.000000 0.000312 200.000000 15.151515
140 0.000000 0.000585 100.000000 14.705882
140 0.000000 0.000483 200.000000 15.384615
150 0.000000 0.000112 100.000000 14.925373
160 0.000000 0.000894 100.000000 15.151515
170 0.000000 0.000044 100.000000 15.384615
180 0.000000 0.000143 100.000000 15.384615
190 0.000000 0.000709 100.000000 15.625000
200 0.000005 0.000633 100.000000 15.625000
