0 0.000121 0.144348 100.000000 11.627907
0 0.000060 0.072991 200.000000 12.048193
0 0.000035 0.048739 300.000000 10.273973
0 0.000030 0.035997 400.000000 10.282776
0 0.000024 0.028685 500.000000 10.330579
0 0.000020 0.023821 600.000000 10.771993
0 0.000017 0.020577 700.000000 11.128776
0 0.000015 0.018071 800.000000 10.796222
10 0.000020 0.024851 100.000000 11.627907
10 0.000011 0.012936 200.000000 12.048193
10 0.000011 0.008505 300.000000 9.771987
10 0.000005 0.006250 400.000000 10.335917
10 0.000004 0.004931 500.000000 10.309278
10 0.000004 0.004263 600.000000 10.791367
10 0.000003 0.003600 700.000000 11.146497
10 0.000003 0.003115 800.000000 10.796222
20 0.000005 0.000371 100.000000 11.764706
20 0.000000 0.000163 200.000000 11.904762
20 0.000005 0.000189 300.000000 9.615385
20 0.000000 0.000204 400.000000 10.362695
20 0.000000 0.000046 500.000000 10.330579
20 0.000001 0.000108 600.000000 10.830325
20 0.000000 0.000037 700.000000 11.164274
20 0.000001 0.000043 800.000000 10.810811
30 0.000000 0.000435 100.000000 11.764706
30 0.000000 0.000029 200.000000 11.494253
30 0.000000 0.000184 300.000000 9.615385
30 0.000000 0.000209 400.000000 10.416667
30 0.000000 0.000016 500.000000 10.373444
30 0.000000 0.000025 600.000000 10.849910
30 0.000000 0.000008 700.000000 11.164274
30 0.000000 0.000043 800.000000 10.825439
40 0.000000 0.000093 100.000000 11.904762
40 0.000000 0.000072 200.000000 11.049724
40 0.000000 0.000124 300.000000 9.615385
40 0.000000 0.000099 400.000000 10.443864
40 0.000000 0.000004 500.000000 10.416667
40 0.000000 0.000028 600.000000 10.889292
40 0.000000 0.000045 700.000000 11.164274
40 0.000000 0.000031 800.000000 10.854816
50 0.000000 0.000040 100.000000 11.904762
50 0.000000 0.000074 200.000000 10.752688
50 0.000000 0.000312 300.000000 9.646302
50 0.000000 0.000087 400.000000 10.416667
50 0.000000 0.000180 500.000000 10.438414
50 0.000000 0.000174 600.000000 10.909091
50 0.000002 0.000027 700.000000 11.093502
50 0.000000 0.000010 800.000000 10.884354
60 0.000000 0.000754 100.000000 12.048193
60 0.000000 0.000354 200.000000 10.526316
60 0.000000 0.000316 300.000000 9.708738
60 0.000000 0.000140 400.000000 10.282776
60 0.000000 0.000182 500.000000 10.482181
60 0.000000 0.000180 600.000000 10.948905
60 0.000000 0.000073 700.000000 10.869565
60 0.000000 0.000011 800.000000 10.914052
70 0.000005 0.000708 100.000000 12.048193
70 0.000002 0.000238 200.000000 10.309278
70 0.000000 0.000166 300.000000 9.740260
70 0.000000 0.000072 400.000000 10.126582
70 0.000001 0.000179 500.000000 10.526316
70 0.000001 0.000091 600.000000 10.968922
70 0.000002 0.000072 700.000000 10.719755
70 0.000001 0.000025 800.000000 10.943913
80 0.000000 0.000242 100.000000 12.195122
80 0.000005 0.000244 200.000000 9.900990
80 0.000000 0.000163 300.000000 9.803922
80 0.000000 0.000135 400.000000 10.025063
80 0.000000 0.000170 500.000000 10.570825
80 0.000000 0.000083 600.000000 11.009174
80 0.000000 0.000066 700.000000 10.654490
80 0.000000 0.000032 800.000000 10.973937
90 0.000000 0.000274 100.000000 12.195122
90 0.000011 0.000186 200.000000 9.174312
90 0.000002 0.000148 300.000000 9.868421
90 0.000000 0.000024 400.000000 10.000000
90 0.000000 0.000076 500.000000 10.593221
90 0.000000 0.000063 600.000000 11.029411
90 0.000000 0.000094 700.000000 10.654490
90 0.000000 0.000058 800.000000 11.004127
100 0.000000 0.000696 100.000000 12.048193
100 0.000009 0.000428 200.000000 8.810573
100 0.000000 0.000157 300.000000 9.933775
100 0.000000 0.000019 400.000000 10.000000
100 0.000000 0.000234 500.000000 10.615711
100 0.000000 0.000124 600.000000 11.049724
100 0.000000 0.000077 700.000000 10.654490
100 0.000000 0.000132 800.000000 11.019283
110 0.000000 0.000730 100.000000 11.363636
110 0.000004 0.000566 200.000000 8.733624
110 0.000000 0.000021 300.000000 9.966778
110 0.000000 0.000155 400.000000 10.025063
110 0.000000 0.000129 500.000000 10.638298
110 0.000001 0.000165 600.000000 11.049724
110 0.000000 0.000171 700.000000 10.670732
110 0.000000 0.000040 800.000000 11.034483
120 0.000000 0.000922 100.000000 10.416667
120 0.000000 0.000158 200.000000 8.733624
120 0.000000 0.000133 300.000000 10.000000
120 0.000000 0.000316 400.000000 10.050251
120 0.000000 0.000225 500.000000 10.660981
120 0.000000 0.000099 600.000000 11.029411
120 0.000000 0.000041 700.000000 10.703364
120 0.000000 0.000054 800.000000 11.049724
130 0.000000 0.000556 100.000000 9.803922
130 0.000000 0.000543 200.000000 8.771930
130 0.000000 0.000162 300.000000 9.966778
130 0.000000 0.000102 400.000000 10.075566
130 0.000000 0.000049 500.000000 10.683761
130 0.000000 0.000082 600.000000 10.968922
130 0.000000 0.000103 700.000000 10.719755
130 0.000000 0.000072 800.000000 11.049724
140 0.000000 0.000464 100.000000 9.345795
140 0.000002 0.000439 200.000000 8.771930
140 0.000000 0.000100 300.000000 9.803922
140 0.000000 0.000105 400.000000 10.126582
140 0.000000 0.000153 500.000000 10.706638
140 0.000001 0.000086 600.000000 10.733453
140 0.000001 0.000092 700.000000 10.752688
140 0.000000 0.000005 800.000000 11.065007
150 0.000000 0.000469 100.000000 8.928572
150 0.000000 0.000040 200.000000 8.810573
150 0.000000 0.000046 300.000000 9.584664
150 0.000000 0.000238 400.000000 10.152285
150 0.000000 0.000088 500.000000 10.729613
150 0.000001 0.000122 600.000000 10.507881
150 0.000000 0.000056 700.000000 10.769231
150 0.000000 0.000040 800.000000 11.065007
160 0.000016 0.000149 100.000000 8.264462
160 0.000000 0.000230 200.000000 8.849558
160 0.000000 0.000126 300.000000 9.404388
160 0.000000 0.000031 400.000000 10.178117
160 0.000000 0.000099 500.000000 10.752688
160 0.000000 0.000034 600.000000 10.416667
160 0.000000 0.000030 700.000000 10.802469
160 0.000000 0.000055 800.000000 11.065007
170 0.000017 0.000279 100.000000 7.299270
170 0.000002 0.000227 200.000000 8.928572
170 0.000000 0.000266 300.000000 9.375000
170 0.000000 0.000140 400.000000 10.204082
170 0.000001 0.000195 500.000000 10.775862
170 0.000000 0.000066 600.000000 10.398614
170 0.000000 0.000073 700.000000 10.819165
170 0.000000 0.000003 800.000000 11.080333
180 0.000014 0.000212 100.000000 6.896552
180 0.000000 0.000080 200.000000 9.049774
180 0.000000 0.000105 300.000000 9.404388
180 0.000000 0.000142 400.000000 10.256411
180 0.000000 0.000187 500.000000 10.822511
180 0.000000 0.000155 600.000000 10.416667
180 0.000000 0.000058 700.000000 10.852714
180 0.000000 0.000027 800.000000 11.080333
190 0.000007 0.000100 100.000000 6.896552
190 0.000000 0.000351 200.000000 9.174312
190 0.000000 0.000036 300.000000 9.493670
190 0.000000 0.000221 400.000000 10.362695
190 0.000000 0.000100 500.000000 10.893247
190 0.000000 0.000043 600.000000 10.471204
190 0.000000 0.000025 700.000000 10.920437
190 0.000000 0.000083 800.000000 11.095700
200 0.000007 0.000698 100.000000 7.092198
200 0.000000 0.000282 200.000000 9.389671
200 0.000000 0.000041 300.000000 9.646302
200 0.000000 0.000051 400.000000 10.471204
200 0.000000 0.000172 500.000000 10.989011
200 0.000000 0.000041 600.000000 10.563380
200 0.000000 0.000132 700.000000 10.989011
200 0.000000 0.000012 800.000000 11.142061
210 0.000000 0.000243 100.000000 7.299270
210 0.000000 0.000237 200.000000 9.615385
210 0.000000 0.000082 300.000000 9.803922
210 0.000000 0.000101 400.000000 10.610080
210 0.000000 0.000099 500.000000 11.086474
210 0.000000 0.000146 600.000000 10.676157
210 0.000000 0.000053 700.000000 11.075950
210 0.000001 0.000089 800.000000 11.204482
220 0.000000 0.000321 100.000000 7.575758
220 0.000000 0.000035 200.000000 9.803922
220 0.000000 0.000294 300.000000 9.966778
220 0.000000 0.000254 400.000000 10.752688
220 0.000000 0.000033 500.000000 11.160714
220 0.000000 0.000043 600.000000 10.771993
220 0.000000 0.000104 700.000000 11.164274
220 0.000000 0.000050 800.000000 11.267606
230 0.000000 0.000206 100.000000 7.812500
230 0.000000 0.000402 200.000000 10.000000
230 0.000000 0.000145 300.000000 10.135135
230 0.000000 0.000104 400.000000 10.899182
230 0.000002 0.000169 500.000000 11.210762
230 0.000000 0.000095 600.000000 10.869565
230 0.000000 0.000048 700.000000 11.235955
230 0.000000 0.000030 800.000000 11.315417
240 0.000000 0.000594 100.000000 8.064516
240 0.000000 0.000164 200.000000 10.050251
240 0.000000 0.000197 300.000000 10.273973
240 0.000000 0.000204 400.000000 11.019283
240 0.000004 0.000060 500.000000 11.135858
240 0.000000 0.000049 600.000000 10.948905
240 0.000000 0.000035 700.000000 11.308562
240 0.000000 0.000035 800.000000 11.363636
250 0.000000 0.000235 100.000000 8.333333
250 0.000000 0.000059 200.000000 10.000000
250 0.000000 0.000084 300.000000 10.416667
250 0.000000 0.000104 400.000000 11.142061
250 0.000002 0.000083 500.000000 10.964912
250 0.000000 0.000073 600.000000 11.029411
250 0.000000 0.000047 700.000000 11.363636
250 0.000000 0.000015 800.000000 11.428572
260 0.000000 0.000165 100.000000 8.620689
260 0.000000 0.000347 200.000000 9.852217
260 0.000000 0.000176 300.000000 10.563380
260 0.000000 0.000171 400.000000 11.267606
260 0.000001 0.000171 500.000000 10.845987
260 0.000000 0.000115 600.000000 11.131725
260 0.000000 0.000066 700.000000 11.437908
260 0.000000 0.000069 800.000000 11.494253
270 0.000005 0.003370 100.000000 8.928572
270 0.000002 0.000319 200.000000 9.900990
270 0.000002 0.000345 300.000000 10.752688
270 0.000000 0.000405 400.000000 11.396011
270 0.000000 0.000331 500.000000 10.869565
270 0.000001 0.000212 600.000000 11.235955
270 0.000000 0.000134 700.000000 11.513158
270 0.000001 0.000071 800.000000 11.577424
280 0.000015 0.001207 100.000000 9.433962
280 0.000008 0.001398 200.000000 10.050251
280 0.000005 0.001467 300.000000 10.989011
280 0.000004 0.001498 400.000000 11.594203
280 0.000003 0.001366 500.000000 10.964912
280 0.000003 0.000874 600.000000 11.342155
280 0.000002 0.000520 700.000000 11.608624
280 0.000002 0.000280 800.000000 11.678832
290 0.000010 0.000796 100.000000 10.101010
290 0.000005 0.000848 200.000000 10.309278
290 0.000003 0.000882 300.000000 11.235955
290 0.000002 0.000889 400.000000 11.834319
290 0.000002 0.000801 500.000000 11.086474
290 0.000002 0.000504 600.000000 11.494253
290 0.000001 0.000305 700.000000 11.725293
290 0.000001 0.000145 800.000000 11.782032
300 0.000000 0.000517 100.000000 10.869565
300 0.000002 0.000363 200.000000 10.638298
300 0.000000 0.000338 300.000000 11.538462
300 0.000000 0.000318 400.000000 12.048193
300 0.000000 0.000269 500.000000 11.235955
300 0.000000 0.000170 600.000000 11.650485
300 0.000000 0.000119 700.000000 11.864407
300 0.000000 0.000061 800.000000 11.904762
310 0.000011 0.001192 100.000000 11.764706
310 0.000005 0.001075 200.000000 10.989011
310 0.000004 0.001098 300.000000 11.857708
310 0.000003 0.001090 400.000000 12.307693
310 0.000002 0.000926 500.000000 11.389522
310 0.000002 0.000594 600.000000 11.811024
310 0.000002 0.000345 700.000000 11.986301
310 0.000001 0.000177 800.000000 12.030075
320 0.000000 0.000452 100.000000 12.500000
320 0.000000 0.000120 200.000000 11.299435
320 0.000000 0.000187 300.000000 12.096774
320 0.000000 0.000084 400.000000 12.500000
320 0.000000 0.000064 500.000000 11.520738
320 0.000000 0.000051 600.000000 11.928430
320 0.000000 0.000057 700.000000 12.068966
320 0.000000 0.000036 800.000000 12.121212
330 0.000007 0.000901 100.000000 13.157895
330 0.000003 0.000563 200.000000 11.494253
330 0.000002 0.000591 300.000000 12.295082
330 0.000001 0.000573 400.000000 12.618297
330 0.000001 0.000447 500.000000 11.627907
330 0.000001 0.000296 600.000000 12.024048
330 0.000001 0.000169 700.000000 12.110726
330 0.000001 0.000103 800.000000 12.195122
340 0.000000 0.000480 100.000000 13.698630
340 0.000000 0.000573 200.000000 11.695907
340 0.000002 0.000507 300.000000 12.396694
340 0.000001 0.000461 400.000000 12.658228
340 0.000000 0.000347 500.000000 11.682243
340 0.000000 0.000206 600.000000 12.072434
340 0.000000 0.000144 700.000000 12.110726
340 0.000001 0.000128 800.000000 12.232416
350 0.000000 0.000506 100.000000 13.698630
350 0.000000 0.000465 200.000000 11.764706
350 0.000000 0.000310 300.000000 12.448133
350 0.000000 0.000251 400.000000 12.618297
350 0.000000 0.000264 500.000000 11.709601
350 0.000000 0.000087 600.000000 12.072434
350 0.000000 0.000078 700.000000 12.068966
350 0.000000 0.000031 800.000000 12.232416
360 0.000000 0.000919 100.000000 13.333333
360 0.000002 0.000161 200.000000 11.834319
360 0.000000 0.000208 300.000000 12.448133
360 0.000001 0.000214 400.000000 12.383901
360 0.000001 0.000145 500.000000 11.737089
360 0.000001 0.000086 600.000000 12.072434
360 0.000000 0.000024 700.000000 12.048193
360 0.000000 0.000017 800.000000 12.213740
370 0.000005 0.000893 100.000000 12.048193
370 0.000000 0.000149 200.000000 11.834319
370 0.000000 0.000150 300.000000 12.500000
370 0.000000 0.000200 400.000000 11.799410
370 0.000001 0.000250 500.000000 11.764706
370 0.000000 0.000086 600.000000 12.072434
370 0.000000 0.000123 700.000000 12.048193
370 0.000000 0.000028 800.000000 12.066365
380 0.000005 0.000147 100.000000 10.869565
380 0.000002 0.000030 200.000000 11.834319
380 0.000000 0.000300 300.000000 12.448133
380 0.000001 0.000026 400.000000 11.428572
380 0.000001 0.000015 500.000000 11.792453
380 0.000000 0.000058 600.000000 12.048193
380 0.000001 0.000045 700.000000 12.048193
380 0.000001 0.000007 800.000000 11.922503
390 0.000000 0.000298 100.000000 10.309278
390 0.000000 0.000059 200.000000 11.834319
390 0.000000 0.000183 300.000000 12.448133
390 0.000000 0.000090 400.000000 11.299435
390 0.000000 0.000092 500.000000 11.792453
390 0.000000 0.000099 600.000000 12.000000
390 0.000000 0.000055 700.000000 12.048193
390 0.000000 0.000003 800.000000 11.816839
400 0.000000 0.000453 100.000000 10.101010
400 0.000000 0.000346 200.000000 11.764706
400 0.000000 0.000350 300.000000 12.396694
400 0.000000 0.000260 400.000000 11.235955
400 0.000000 0.000101 500.000000 11.764706
400 0.000000 0.000056 600.000000 11.952191
400 0.000000 0.000075 700.000000 12.027492
400 0.000001 0.000006 800.000000 11.713031
410 0.000000 0.000171 100.000000 10.000000
410 0.000000 0.000357 200.000000 11.764706
410 0.000000 0.000220 300.000000 12.295082
410 0.000000 0.000318 400.000000 11.235955
410 0.000000 0.000081 500.000000 11.764706
410 0.000000 0.000030 600.000000 11.857708
410 0.000000 0.000045 700.000000 12.027492
410 0.000000 0.000055 800.000000 11.577424
420 0.000000 0.000452 100.000000 10.101010
420 0.000000 0.000295 200.000000 11.764706
420 0.000000 0.000017 300.000000 12.244898
420 0.000000 0.000014 400.000000 11.267606
420 0.000001 0.000068 500.000000 11.764706
420 0.000000 0.000093 600.000000 11.811024
420 0.000001 0.000052 700.000000 12.027492
430 0.000000 0.000081 100.000000 10.309278
430 0.000000 0.000125 200.000000 11.904762
430 0.000002 0.000091 300.000000 12.096774
430 0.000000 0.000057 400.000000 11.331445
430 0.000000 0.000017 500.000000 11.792453
430 0.000000 0.000046 600.000000 11.811024
430 0.000000 0.000031 700.000000 12.027492
440 0.000000 0.000435 100.000000 10.752688
440 0.000000 0.000124 200.000000 12.195122
440 0.000009 0.000162 300.000000 11.904762
440 0.000000 0.000014 400.000000 11.461318
440 0.000000 0.000128 500.000000 11.876485
440 0.000000 0.000037 600.000000 11.881188
440 0.000000 0.000011 700.000000 12.027492
450 0.000000 0.000292 100.000000 11.363636
450 0.000000 0.000322 200.000000 12.500000
450 0.000009 0.000092 300.000000 11.627907
450 0.000001 0.000039 400.000000 11.627907
450 0.000000 0.000153 500.000000 12.019231
450 0.000000 0.000018 600.000000 11.976048
450 0.000001 0.000051 700.000000 12.048193
460 0.000000 0.000141 100.000000 12.048193
460 0.000000 0.000256 200.000000 12.903226
460 0.000009 0.000049 300.000000 11.538462
460 0.000000 0.000066 400.000000 11.799410
460 0.000000 0.000082 500.000000 12.135922
460 0.000000 0.000004 600.000000 12.096774
460 0.000000 0.000056 700.000000 12.048193
470 0.000000 0.000102 100.000000 12.820513
470 0.000002 0.000212 200.000000 13.333333
470 0.000003 0.000093 300.000000 11.583012
470 0.000001 0.000112 400.000000 11.976048
470 0.000000 0.000026 500.000000 12.254902
470 0.000000 0.000025 600.000000 12.219959
470 0.000000 0.000023 700.000000 12.068966
480 0.000000 0.000870 100.000000 13.333333
480 0.000000 0.000120 200.000000 13.605442
480 0.000000 0.000195 300.000000 11.583012
480 0.000000 0.000045 400.000000 12.121212
480 0.000000 0.000109 500.000000 12.345679
480 0.000000 0.000033 600.000000 12.320329
480 0.000000 0.000066 700.000000 12.048193
490 0.000000 0.000415 100.000000 13.698630
490 0.000000 0.000048 200.000000 13.793103
490 0.000000 0.000083 300.000000 11.627907
490 0.000000 0.000044 400.000000 12.195122
490 0.000000 0.000024 500.000000 12.376238
490 0.000000 0.000036 600.000000 12.371134
490 0.000000 0.000094 700.000000 12.006861
500 0.000000 0.000267 100.000000 13.888889
500 0.000002 0.000221 200.000000 13.793103
500 0.000002 0.000144 300.000000 11.627907
500 0.000000 0.000164 400.000000 12.232416
500 0.000000 0.000006 500.000000 12.345679
500 0.000000 0.000114 600.000000 12.396694
500 0.000001 0.000061 700.000000 11.925042
510 0.000005 0.000080 100.000000 13.888889
510 0.000003 0.000095 200.000000 13.698630
510 0.000002 0.000048 300.000000 11.627907
510 0.000001 0.000241 400.000000 12.232416
510 0.000001 0.000005 500.000000 12.254902
510 0.000001 0.000054 600.000000 12.396694
520 0.000005 0.000136 100.000000 13.888889
520 0.000000 0.000207 200.000000 13.422819
520 0.000002 0.000189 300.000000 11.627907
520 0.000000 0.000237 400.000000 12.195122
520 0.000001 0.000007 500.000000 12.165450
520 0.000000 0.000167 600.000000 12.371134
530 0.000005 0.001052 100.000000 13.698630
530 0.000000 0.000318 200.000000 12.658228
530 0.000002 0.000091 300.000000 11.627907
530 0.000000 0.000110 400.000000 12.158054
530 0.000000 0.000167 500.000000 12.106538
530 0.000000 0.000094 600.000000 12.269938
540 0.000000 0.000319 100.000000 13.698630
540 0.000006 0.000134 200.000000 11.363636
540 0.000000 0.000186 300.000000 11.673152
540 0.000000 0.000087 400.000000 12.121212
540 0.000000 0.000153 500.000000 12.077294
540 0.000000 0.000008 600.000000 12.048193
550 0.000000 0.000389 100.000000 13.698630
550 0.000000 0.000216 200.000000 10.869565
550 0.000000 0.000002 300.000000 11.673152
550 0.000000 0.000059 400.000000 12.084592
550 0.000000 0.000037 500.000000 12.077294
550 0.000000 0.000045 600.000000 11.881188
560 0.000000 0.000440 100.000000 13.698630
560 0.000002 0.000172 200.000000 10.695188
560 0.000000 0.000152 300.000000 11.673152
560 0.000000 0.000018 400.000000 12.048193
560 0.000000 0.000184 500.000000 12.106538
560 0.000001 0.000096 600.000000 11.741683
570 0.000000 0.000912 100.000000 13.513514
570 0.000000 0.000114 200.000000 10.638298
570 0.000000 0.000044 300.000000 11.718750
570 0.000000 0.000182 400.000000 11.976048
570 0.000000 0.000055 500.000000 12.106538
570 0.000000 0.000149 600.000000 11.627907
580 0.000000 0.000050 100.000000 13.333333
580 0.000000 0.000374 200.000000 10.638298
580 0.000000 0.000048 300.000000 11.673152
580 0.000000 0.000098 400.000000 11.869436
580 0.000000 0.000123 500.000000 12.106538
590 0.000000 0.000129 100.000000 12.987013
590 0.000000 0.000189 200.000000 10.695188
590 0.000000 0.000196 300.000000 11.673152
590 0.000000 0.000066 400.000000 11.764706
590 0.000000 0.000099 500.000000 12.077294
600 0.000010 0.000043 100.000000 11.764706
600 0.000000 0.000052 200.000000 10.752688
600 0.000000 0.000166 300.000000 11.627907
600 0.000000 0.000082 400.000000 11.695907
600 0.000000 0.000012 500.000000 11.990408
610 0.000015 0.000379 100.000000 9.803922
610 0.000000 0.000319 200.000000 10.752688
610 0.000000 0.000012 300.000000 11.627907
610 0.000000 0.000223 400.000000 11.695907
610 0.000000 0.000030 500.000000 11.764706
620 0.000005 0.000938 100.000000 8.928572
620 0.000000 0.000156 200.000000 10.810811
620 0.000000 0.000067 300.000000 11.583012
620 0.000000 0.000079 400.000000 11.695907
620 0.000000 0.000215 500.000000 11.547344
630 0.000000 0.000651 100.000000 8.695652
630 0.000000 0.000292 200.000000 10.810811
630 0.000000 0.000028 300.000000 11.538462
630 0.000000 0.000179 400.000000 11.695907
630 0.000000 0.000036 500.000000 11.415525
640 0.000000 0.000363 100.000000 8.695652
640 0.000000 0.000211 200.000000 10.869565
640 0.000000 0.000041 300.000000 11.494253
640 0.000001 0.000102 400.000000 11.730206
640 0.000000 0.000052 500.000000 11.312217
650 0.000000 0.000635 100.000000 8.771930
650 0.000000 0.000052 200.000000 10.928962
650 0.000000 0.000090 300.000000 11.406844
650 0.000000 0.000031 400.000000 11.764706
650 0.000000 0.000008 500.000000 11.185682
660 0.000000 0.000189 100.000000 8.849558
660 0.000000 0.000125 200.000000 10.989011
660 0.000002 0.000226 300.000000 11.363636
660 0.000001 0.000068 400.000000 11.799410
670 0.000000 0.000700 100.000000 9.090909
670 0.000000 0.000124 200.000000 11.111111
670 0.000000 0.000236 300.000000 11.363636
670 0.000000 0.000040 400.000000 11.869436
680 0.000013 0.001066 100.000000 9.523809
680 0.000006 0.001133 200.000000 11.363636
680 0.000005 0.001181 300.000000 11.538462
680 0.000003 0.001211 400.000000 11.940298
690 0.000000 0.000345 100.000000 10.101010
690 0.000000 0.000337 200.000000 11.764706
690 0.000000 0.000305 300.000000 11.764706
690 0.000000 0.000315 400.000000 12.084592
700 0.000010 0.000967 100.000000 10.869565
700 0.000004 0.000914 200.000000 12.195122
700 0.000003 0.000920 300.000000 12.096774
700 0.000002 0.000930 400.000000 12.232416
710 0.000012 0.001244 100.000000 11.627907
710 0.000007 0.001277 200.000000 12.658228
710 0.000004 0.001287 300.000000 12.396694
710 0.000003 0.001282 400.000000 12.345679
720 0.000007 0.000897 100.000000 12.500000
720 0.000003 0.000762 200.000000 13.071896
720 0.000003 0.000794 300.000000 12.658228
720 0.000002 0.000755 400.000000 12.422360
730 0.000000 0.000224 100.000000 13.333333
730 0.000000 0.000255 200.000000 13.422819
730 0.000000 0.000215 300.000000 12.931034
730 0.000000 0.000215 400.000000 12.383901
740 0.000000 0.000452 100.000000 13.888889
740 0.000002 0.000522 200.000000 13.605442
740 0.000002 0.000199 300.000000 13.100436
740 0.000000 0.000145 400.000000 12.345679
750 0.000005 0.001110 100.000000 14.084507
750 0.000000 0.000387 200.000000 13.605442
750 0.000000 0.000238 300.000000 13.215859
750 0.000000 0.000197 400.000000 12.232416
760 0.000000 0.000826 100.000000 14.285714
760 0.000000 0.000408 200.000000 13.422819
760 0.000002 0.000291 300.000000 13.215859
760 0.000000 0.000151 400.000000 12.048193
770 0.000000 0.000441 100.000000 14.084507
770 0.000000 0.000125 200.000000 13.071896
770 0.000000 0.000174 300.000000 13.157895
780 0.000000 0.000101 100.000000 13.888889
780 0.000000 0.000200 200.000000 12.820513
780 0.000000 0.000223 300.000000 13.043478
790 0.000000 0.000634 100.000000 13.698630
790 0.000000 0.000138 200.000000 12.658228
790 0.000000 0.000020 300.000000 12.711864
800 0.000000 0.000348 100.000000 13.333333
800 0.000000 0.000129 200.000000 12.658228
800 0.000000 0.000068 300.000000 12.195122
810 0.000000 0.000710 100.000000 13.157895
810 0.000000 0.000083 200.000000 12.658228
810 0.000000 0.000080 300.000000 11.857708
820 0.000000 0.001018 100.000000 12.820513
820 0.000000 0.000076 200.000000 12.658228
820 0.000000 0.000352 300.000000 11.627907
830 0.000000 0.000724 100.000000 12.345679
830 0.000000 0.000046 200.000000 12.658228
830 0.000000 0.000140 300.000000 11.363636
840 0.000000 0.000225 100.000000 12.048193
840 0.000000 0.000025 200.000000 12.658228
850 0.000000 0.000303 100.000000 11.764706
850 0.000000 0.000192 200.000000 12.578616
860 0.000000 0.000880 100.000000 11.627907
860 0.000000 0.000064 200.000000 12.269938
870 0.000000 0.000910 100.000000 11.764706
870 0.000000 0.000161 200.000000 11.764706
880 0.000000 0.000052 100.000000 11.904762
880 0.000000 0.000227 200.000000 11.363636
890 0.000000 0.000556 100.000000 12.048193
890 0.000000 0.000165 200.000000 11.111111
900 0.000007 0.000297 100.000000 12.345679
900 0.000000 0.000200 200.000000 10.989011
910 0.000000 0.000201 100.000000 12.658228
910 0.000000 0.000360 200.000000 10.810811
920 0.000000 0.000973 100.000000 12.987013
930 0.000000 0.001094 100.000000 13.333333
940 0.000000 0.000691 100.000000 13.157895
950 0.000000 0.000633 100.000000 12.048193
960 0.000000 0.000255 100.000000 10.989011
970 0.000000 0.000147 100.000000 10.204082
980 0.000000 0.001000 100.000000 9.708738
990 0.000000 0.000255 100.000000 9.090909
