0 0.000021 0.007095 100.000000 13.513514
0 0.000027 0.009480 200.000000 13.605442
0 0.000005 0.010571 300.000000 14.084507
10 0.000014 0.007241 100.000000 13.513514
10 0.000006 0.008820 200.000000 13.698630
10 0.000011 0.009983 300.000000 14.150944
20 0.000025 0.010224 100.000000 13.513514
20 0.000007 0.010867 200.000000 13.698630
20 0.000006 0.012070 300.000000 14.285714
30 0.000010 0.010885 100.000000 13.513514
30 0.000008 0.009837 200.000000 13.793103
30 0.000009 0.011326 300.000000 14.354067
40 0.000018 0.013174 100.000000 13.333333
40 0.000007 0.010665 200.000000 13.888889
40 0.000006 0.012524 300.000000 14.492754
50 0.000018 0.014148 100.000000 13.333333
50 0.000012 0.011706 200.000000 13.986014
50 0.000006 0.013464 300.000000 14.563107
60 0.000027 0.012136 100.000000 13.333333
60 0.000008 0.012081 200.000000 13.986014
60 0.000007 0.013380 300.000000 14.634147
70 0.000021 0.011478 100.000000 13.333333
70 0.000007 0.012083 200.000000 14.184397
80 0.000017 0.012327 100.000000 13.513514
80 0.000007 0.012955 200.000000 14.285714
90 0.000025 0.012126 100.000000 13.513514
90 0.000012 0.012834 200.000000 14.492754
100 0.000011 0.010145 100.000000 13.698630
100 0.000009 0.012339 200.000000 14.705882
110 0.000018 0.008135 100.000000 14.084507
110 0.000010 0.011407 200.000000 14.814815
120 0.000040 0.008533 100.000000 14.285714
120 0.000020 0.012517 200.000000 15.037594
130 0.000024 0.011997 100.000000 14.492754
130 0.000014 0.014724 200.000000 15.151515
140 0.000012 0.013164 100.000000 14.705882
140 0.000012 0.014951 200.000000 15.384615
150 0.000015 0.012838 100.000000 14.925373
160 0.000018 0.013268 100.000000 15.151515
170 0.000007 0.014777 100.000000 15.384615
180 0.000007 0.015840 100.000000 15.384615
190 0.000005 0.017657 100.000000 15.625000
200 0.000016 0.016389 100.000000 15.625000
