0 0.000036 0.010649 100.000000 9.090909
0 0.000020 0.011790 200.000000 7.633588
0 0.000062 0.015063 300.000000 7.159904
0 0.000014 0.007996 400.000000 6.896552
0 0.000007 0.008039 500.000000 7.278020
0 0.000015 0.008404 600.000000 7.272727
0 0.000004 0.008357 700.000000 7.186858
0 0.000007 0.009119 800.000000 7.305936
10 0.000183 0.010862 100.000000 8.849558
10 0.000017 0.010824 200.000000 7.722008
10 0.000096 0.007893 300.000000 7.075472
10 0.000005 0.006309 400.000000 6.932409
10 0.000008 0.007178 500.000000 7.320644
10 0.000008 0.007864 600.000000 7.290401
10 0.000006 0.007647 700.000000 7.201646
10 0.000007 0.008093 800.000000 7.332722
20 0.000282 0.010360 100.000000 8.196721
20 0.000012 0.014588 200.000000 7.782101
20 0.000064 0.009150 300.000000 7.042253
20 0.000015 0.009248 400.000000 6.968641
20 0.000011 0.009542 500.000000 7.352941
20 0.000008 0.009966 600.000000 7.299270
20 0.000007 0.009868 700.000000 7.209063
20 0.000008 0.010236 800.000000 7.352941
30 0.000036 0.004408 100.000000 7.751938
30 0.000013 0.014592 200.000000 7.782101
30 0.000011 0.008247 300.000000 7.009346
30 0.000007 0.007745 400.000000 6.980803
30 0.000008 0.008449 500.000000 7.374631
30 0.000003 0.008615 600.000000 7.299270
30 0.000003 0.008530 700.000000 7.194244
30 0.000008 0.009717 800.000000 7.359705
40 0.000038 0.005187 100.000000 7.575758
40 0.000024 0.016279 200.000000 7.692307
40 0.000004 0.008841 300.000000 6.993007
40 0.000008 0.008138 400.000000 6.956522
40 0.000009 0.008786 500.000000 7.374631
40 0.000002 0.008785 600.000000 7.281553
40 0.000005 0.008735 700.000000 7.150153
40 0.000003 0.010101 800.000000 7.352941
50 0.000020 0.006941 100.000000 7.407407
50 0.000028 0.015342 200.000000 7.575758
50 0.000007 0.009609 300.000000 6.976744
50 0.000009 0.008829 400.000000 6.932409
50 0.000013 0.009513 500.000000 7.363770
50 0.000021 0.009386 600.000000 7.194244
50 0.000003 0.009173 700.000000 7.113821
50 0.000008 0.010916 800.000000 7.332722
60 0.000028 0.009531 100.000000 7.194244
60 0.000030 0.019837 200.000000 7.407407
60 0.000014 0.010238 300.000000 6.944445
60 0.000014 0.008732 400.000000 6.920415
60 0.000012 0.009286 500.000000 7.352941
60 0.000050 0.008266 600.000000 7.050529
60 0.000008 0.008886 700.000000 7.099391
60 0.000009 0.011164 800.000000 7.305936
70 0.000029 0.011751 100.000000 6.944445
70 0.000055 0.019396 200.000000 7.220217
70 0.000007 0.010037 300.000000 6.849315
70 0.000011 0.008546 400.000000 6.908463
70 0.000009 0.009286 500.000000 7.331378
70 0.000009 0.008019 600.000000 6.993007
70 0.000005 0.008842 700.000000 7.092198
70 0.000006 0.011943 800.000000 7.252946
80 0.000047 0.014563 100.000000 6.711410
80 0.000027 0.021826 200.000000 6.968641
80 0.000101 0.011160 300.000000 6.622517
80 0.000009 0.009213 400.000000 6.896552
80 0.000007 0.010139 500.000000 7.278020
80 0.000004 0.008866 600.000000 6.960557
80 0.000004 0.009576 700.000000 7.092198
80 0.000018 0.009459 800.000000 7.111111
90 0.000023 0.020117 100.000000 6.535948
90 0.000013 0.022863 200.000000 6.711410
90 0.000040 0.009845 300.000000 6.396588
90 0.000009 0.008925 400.000000 6.884682
90 0.000012 0.009376 500.000000 7.173601
90 0.000003 0.008742 600.000000 6.936416
90 0.000006 0.009593 700.000000 7.085020
90 0.000026 0.008894 800.000000 7.048458
100 0.000021 0.021532 100.000000 6.451613
100 0.000018 0.024221 200.000000 6.578948
100 0.000014 0.008747 300.000000 6.342494
100 0.000003 0.008731 400.000000 6.884682
100 0.000041 0.009487 500.000000 7.002801
100 0.000001 0.008855 600.000000 6.928406
100 0.000004 0.009640 700.000000 7.085020
100 0.000015 0.008629 800.000000 7.023705
110 0.000029 0.024177 100.000000 6.535948
110 0.000096 0.021830 200.000000 6.451613
110 0.000010 0.009090 300.000000 6.369427
110 0.000010 0.008710 400.000000 6.920415
110 0.000011 0.009243 500.000000 6.983240
110 0.000005 0.008874 600.000000 6.936416
110 0.000004 0.009543 700.000000 7.099391
110 0.000009 0.008125 800.000000 7.029877
120 0.000153 0.036576 100.000000 6.756757
120 0.000200 0.026945 200.000000 6.410256
120 0.000054 0.016958 300.000000 6.437768
120 0.000046 0.011029 400.000000 6.993007
120 0.000037 0.008965 500.000000 7.022472
120 0.000027 0.009770 600.000000 6.968641
120 0.000016 0.011689 700.000000 7.135576
120 0.000016 0.010208 800.000000 7.060900
130 0.000256 0.037920 100.000000 6.993007
130 0.000256 0.030830 200.000000 6.451613
130 0.000093 0.019578 300.000000 6.521739
130 0.000068 0.011828 400.000000 7.067138
130 0.000058 0.009669 500.000000 7.072136
130 0.000043 0.010830 600.000000 7.009346
130 0.000031 0.013067 700.000000 7.179487
130 0.000032 0.011229 800.000000 7.098492
140 0.000297 0.040363 100.000000 7.299270
140 0.000246 0.034185 200.000000 6.535948
140 0.000113 0.021225 300.000000 6.607930
140 0.000083 0.012620 400.000000 7.142857
140 0.000064 0.010660 500.000000 7.122507
140 0.000054 0.011806 600.000000 7.050529
140 0.000043 0.014539 700.000000 7.231405
140 0.000043 0.012168 800.000000 7.130125
150 0.000146 0.030057 100.000000 7.575758
150 0.000130 0.019838 200.000000 6.622517
150 0.000062 0.013537 300.000000 6.681514
150 0.000047 0.011061 400.000000 7.220217
150 0.000030 0.010349 500.000000 7.173601
150 0.000025 0.010790 600.000000 7.083825
150 0.000029 0.012770 700.000000 7.268951
150 0.000022 0.010213 800.000000 7.162041
160 0.000031 0.026299 100.000000 7.751938
160 0.000013 0.009796 200.000000 6.666667
160 0.000009 0.008898 300.000000 6.741573
160 0.000010 0.009737 400.000000 7.272727
160 0.000005 0.009711 500.000000 7.204611
160 0.000004 0.009351 600.000000 7.092198
160 0.000008 0.010531 700.000000 7.299270
160 0.000001 0.009062 800.000000 7.174888
170 0.000053 0.029457 100.000000 7.751938
170 0.000021 0.012176 200.000000 6.711410
170 0.000021 0.009601 300.000000 6.756757
170 0.000017 0.010036 400.000000 7.312614
170 0.000006 0.009596 500.000000 7.215007
170 0.000006 0.009405 600.000000 7.083825
170 0.000008 0.011093 700.000000 7.314525
170 0.000012 0.009282 800.000000 7.162041
180 0.000047 0.026579 100.000000 7.692307
180 0.000011 0.010541 200.000000 6.734007
180 0.000011 0.009481 300.000000 6.772009
180 0.000011 0.010409 400.000000 7.326007
180 0.000007 0.010451 500.000000 7.173601
180 0.000006 0.009823 600.000000 7.058824
180 0.000003 0.011354 700.000000 7.314525
180 0.000035 0.009126 800.000000 7.117438
190 0.000015 0.026473 100.000000 7.575758
190 0.000009 0.009846 200.000000 6.756757
190 0.000020 0.008935 300.000000 6.787330
190 0.000008 0.010154 400.000000 7.352941
190 0.000060 0.010174 500.000000 7.072136
190 0.000006 0.009378 600.000000 7.058824
190 0.000008 0.011149 700.000000 7.306890
190 0.000010 0.008768 800.000000 7.085917
200 0.000043 0.028908 100.000000 7.518797
200 0.000015 0.009593 200.000000 6.779661
200 0.000014 0.008793 300.000000 6.818182
200 0.000009 0.009981 400.000000 7.366483
200 0.000040 0.009352 500.000000 6.993007
200 0.000008 0.009330 600.000000 7.075472
200 0.000005 0.011408 700.000000 7.306890
200 0.000004 0.008685 800.000000 7.079646
210 0.000094 0.027749 100.000000 7.407407
210 0.000011 0.009325 200.000000 6.779661
210 0.000013 0.008852 300.000000 6.864988
210 0.000011 0.010126 400.000000 7.393715
210 0.000018 0.009651 500.000000 6.983240
210 0.000008 0.009501 600.000000 7.100592
210 0.000004 0.012057 700.000000 7.291667
210 0.000005 0.008646 800.000000 7.092198
220 0.000078 0.022793 100.000000 7.352941
220 0.000098 0.010773 200.000000 6.688963
220 0.000020 0.008937 300.000000 6.912442
220 0.000010 0.010142 400.000000 7.421150
220 0.000006 0.009310 500.000000 6.993007
220 0.000009 0.009555 600.000000 7.125891
220 0.000003 0.012492 700.000000 7.231405
220 0.000004 0.008772 800.000000 7.104796
230 0.000028 0.027634 100.000000 7.142857
230 0.000150 0.009353 200.000000 6.514658
230 0.000012 0.008515 300.000000 6.944445
230 0.000004 0.010130 400.000000 7.407407
230 0.000009 0.009201 500.000000 7.002801
230 0.000007 0.009088 600.000000 7.151371
230 0.000022 0.008867 700.000000 7.150153
230 0.000003 0.008518 800.000000 7.123775
240 0.000015 0.027191 100.000000 6.896552
240 0.000068 0.006875 200.000000 6.329114
240 0.000017 0.007494 300.000000 6.976744
240 0.000009 0.009048 400.000000 7.352941
240 0.000003 0.008697 500.000000 7.012623
240 0.000006 0.008960 600.000000 7.168459
240 0.000022 0.008684 700.000000 7.121058
240 0.000003 0.008217 800.000000 7.136485
250 0.000045 0.027205 100.000000 6.711410
250 0.000024 0.004607 200.000000 6.269592
250 0.000010 0.006890 300.000000 7.009346
250 0.000049 0.009903 400.000000 7.194244
250 0.000005 0.008408 500.000000 7.012623
250 0.000003 0.008522 600.000000 7.185629
250 0.000018 0.008086 700.000000 7.106599
250 0.000003 0.007930 800.000000 7.142857
260 0.000149 0.025644 100.000000 6.369427
260 0.000022 0.006030 200.000000 6.269592
260 0.000008 0.007109 300.000000 7.042253
260 0.000027 0.009273 400.000000 7.092198
260 0.000003 0.008587 500.000000 7.012623
260 0.000007 0.008743 600.000000 7.194244
260 0.000013 0.008632 700.000000 7.099391
260 0.000002 0.008219 800.000000 7.149240
270 0.000277 0.008962 100.000000 5.952381
270 0.000010 0.006371 200.000000 6.269592
270 0.000007 0.006904 300.000000 7.058824
270 0.000012 0.008948 400.000000 7.067138
270 0.000003 0.008363 500.000000 6.993007
270 0.000008 0.008343 600.000000 7.202881
270 0.000003 0.008713 700.000000 7.099391
270 0.000003 0.008134 800.000000 7.155635
280 0.000120 0.012754 100.000000 5.813953
280 0.000021 0.007273 200.000000 6.289308
280 0.000016 0.007048 300.000000 7.075472
280 0.000005 0.009312 400.000000 7.067138
280 0.000004 0.008480 500.000000 6.983240
280 0.000009 0.008512 600.000000 7.211538
280 0.000006 0.009108 700.000000 7.099391
280 0.000002 0.008155 800.000000 7.168459
290 0.000036 0.017562 100.000000 5.813953
290 0.000022 0.008196 200.000000 6.309148
290 0.000018 0.007142 300.000000 7.109005
290 0.000005 0.009534 400.000000 7.067138
290 0.000006 0.008506 500.000000 6.963789
290 0.000012 0.008847 600.000000 7.220217
290 0.000001 0.009079 700.000000 7.092198
290 0.000002 0.008189 800.000000 7.181329
300 0.000043 0.019233 100.000000 5.882353
300 0.000030 0.009185 200.000000 6.329114
300 0.000015 0.008266 300.000000 7.159904
300 0.000010 0.011110 400.000000 7.067138
300 0.000004 0.009175 500.000000 6.944445
300 0.000009 0.008940 600.000000 7.237636
300 0.000030 0.008677 700.000000 7.063572
300 0.000004 0.008386 800.000000 7.200720
310 0.000066 0.017334 100.000000 5.952381
310 0.000039 0.008079 200.000000 6.369427
310 0.000031 0.008765 300.000000 7.194244
310 0.000008 0.010739 400.000000 7.017544
310 0.000010 0.008696 500.000000 6.934813
310 0.000012 0.009742 600.000000 7.246377
310 0.000030 0.008581 700.000000 7.028112
310 0.000007 0.008336 800.000000 7.220217
320 0.000026 0.019406 100.000000 6.024096
320 0.000032 0.009769 200.000000 6.410256
320 0.000012 0.007193 300.000000 7.246377
320 0.000077 0.010159 400.000000 6.932409
320 0.000005 0.008011 500.000000 6.944445
320 0.000010 0.008695 600.000000 7.255139
320 0.000013 0.008453 700.000000 7.007007
320 0.000002 0.008145 800.000000 7.246377
330 0.000041 0.024690 100.000000 6.097561
330 0.000015 0.013318 200.000000 6.472492
330 0.000007 0.008322 300.000000 7.299270
330 0.000075 0.011714 400.000000 6.861063
330 0.000002 0.009470 500.000000 6.973501
330 0.000007 0.008992 600.000000 7.263923
330 0.000009 0.008993 700.000000 7.007007
330 0.000009 0.008649 800.000000 7.266122
340 0.000041 0.026450 100.000000 6.172840
340 0.000015 0.014215 200.000000 6.535948
340 0.000009 0.009137 300.000000 7.352941
340 0.000043 0.012574 400.000000 6.849315
340 0.000006 0.009706 500.000000 7.012623
340 0.000005 0.008872 600.000000 7.263923
340 0.000012 0.008937 700.000000 7.028112
340 0.000009 0.008862 800.000000 7.292616
350 0.000127 0.021455 100.000000 6.134969
350 0.000062 0.012341 200.000000 6.622517
350 0.000051 0.009365 300.000000 7.389163
350 0.000048 0.013860 400.000000 6.872852
350 0.000026 0.010556 500.000000 7.052186
350 0.000026 0.009883 600.000000 7.228916
350 0.000024 0.008855 700.000000 7.049345
350 0.000019 0.008866 800.000000 7.326007
360 0.000301 0.019395 100.000000 6.024096
360 0.000034 0.011555 200.000000 6.734007
360 0.000016 0.009068 300.000000 7.444169
360 0.000010 0.010144 400.000000 6.920415
360 0.000014 0.008245 500.000000 7.092198
360 0.000008 0.008465 600.000000 7.168459
360 0.000005 0.008522 700.000000 7.077857
360 0.000008 0.008478 800.000000 7.359705
370 0.000374 0.023274 100.000000 5.917160
370 0.000034 0.013115 200.000000 6.825939
370 0.000014 0.009836 300.000000 7.481297
370 0.000014 0.010974 400.000000 6.956522
370 0.000014 0.008450 500.000000 7.142857
370 0.000024 0.009172 600.000000 7.142857
370 0.000005 0.008703 700.000000 7.113821
370 0.000006 0.008712 800.000000 7.400555
380 0.000144 0.025428 100.000000 5.813953
380 0.000021 0.015000 200.000000 6.944445
380 0.000004 0.010097 300.000000 7.500000
380 0.000007 0.012056 400.000000 7.005254
380 0.000005 0.009423 500.000000 7.194244
380 0.000029 0.010588 600.000000 7.142857
380 0.000003 0.009269 700.000000 7.150153
380 0.000003 0.008908 800.000000 7.434944
390 0.000087 0.026753 100.000000 5.813953
390 0.000020 0.015207 200.000000 7.067138
390 0.000037 0.016049 300.000000 7.444169
390 0.000003 0.011874 400.000000 7.054674
390 0.000004 0.009187 500.000000 7.235890
390 0.000031 0.010772 600.000000 7.159904
390 0.000002 0.009399 700.000000 7.179487
390 0.000003 0.008760 800.000000 7.476635
400 0.000056 0.032074 100.000000 5.847953
400 0.000010 0.016686 200.000000 7.168459
400 0.000081 0.018449 300.000000 7.317073
400 0.000007 0.013375 400.000000 7.092198
400 0.000008 0.009860 500.000000 7.278020
400 0.000028 0.011421 600.000000 7.168459
400 0.000007 0.009772 700.000000 7.209063
400 0.000004 0.009124 800.000000 7.511737
410 0.000116 0.038584 100.000000 5.988024
410 0.000033 0.019001 200.000000 7.299270
410 0.000091 0.019286 300.000000 7.317073
410 0.000019 0.015292 400.000000 7.142857
410 0.000021 0.010852 500.000000 7.331378
410 0.000031 0.012477 600.000000 7.202881
410 0.000013 0.010316 700.000000 7.246377
410 0.000010 0.009416 800.000000 7.547170
420 0.000216 0.035538 100.000000 6.211180
420 0.000082 0.018110 200.000000 7.462687
420 0.000073 0.020887 300.000000 7.371007
420 0.000042 0.016924 400.000000 7.194244
420 0.000044 0.011886 500.000000 7.396450
420 0.000041 0.012797 600.000000 7.246377
420 0.000027 0.010126 700.000000 7.284079
420 0.000023 0.009480 800.000000 7.597341
430 0.000258 0.024225 100.000000 6.410256
430 0.000120 0.017878 200.000000 7.633588
430 0.000079 0.023627 300.000000 7.462687
430 0.000065 0.018154 400.000000 7.259528
430 0.000061 0.011990 500.000000 7.462687
430 0.000049 0.011776 600.000000 7.290401
430 0.000038 0.009703 700.000000 7.329843
430 0.000034 0.010347 800.000000 7.648183
440 0.000247 0.017996 100.000000 6.622517
440 0.000127 0.016151 200.000000 7.782101
440 0.000080 0.021961 300.000000 7.537688
440 0.000068 0.016526 400.000000 7.312614
440 0.000062 0.011255 500.000000 7.518797
440 0.000044 0.011376 600.000000 7.334963
440 0.000036 0.009302 700.000000 7.376185
440 0.000035 0.009896 800.000000 7.684918
450 0.000081 0.008609 100.000000 6.756757
450 0.000044 0.006916 200.000000 7.905138
450 0.000035 0.010936 300.000000 7.575758
450 0.000028 0.009646 400.000000 7.326007
450 0.000015 0.009369 500.000000 7.552870
450 0.000014 0.010183 600.000000 7.352941
450 0.000015 0.008509 700.000000 7.399577
450 0.000014 0.008340 800.000000 7.714561
460 0.000015 0.009149 100.000000 6.802721
460 0.000020 0.010029 200.000000 7.936508
460 0.000007 0.009343 300.000000 7.575758
460 0.000005 0.008746 400.000000 7.299270
460 0.000009 0.010651 500.000000 7.564297
460 0.000007 0.009334 600.000000 7.343941
460 0.000004 0.008568 700.000000 7.415254
460 0.000005 0.008804 800.000000 7.722008
470 0.000021 0.011142 100.000000 6.802721
470 0.000015 0.012053 200.000000 7.968128
470 0.000005 0.010555 300.000000 7.537688
470 0.000008 0.009574 400.000000 7.233273
470 0.000010 0.011639 500.000000 7.564297
470 0.000042 0.009192 600.000000 7.290401
470 0.000002 0.008754 700.000000 7.430998
470 0.000147 0.010376 800.000000 7.707129
480 0.000022 0.010955 100.000000 6.756757
480 0.000020 0.013137 200.000000 8.000000
480 0.000069 0.010868 300.000000 7.371007
480 0.000005 0.009345 400.000000 7.207207
480 0.000010 0.011864 500.000000 7.552870
480 0.000030 0.008868 600.000000 7.211538
480 0.000002 0.008796 700.000000 7.438895
480 0.000225 0.009964 800.000000 7.677543
490 0.000047 0.009941 100.000000 6.802721
490 0.000016 0.011952 200.000000 8.032128
490 0.000109 0.009352 300.000000 7.159904
490 0.000008 0.009341 400.000000 7.207207
490 0.000006 0.012352 500.000000 7.530120
490 0.000005 0.008726 600.000000 7.177033
490 0.000006 0.008704 700.000000 7.454739
490 0.000266 0.013312 800.000000 7.504691
500 0.000025 0.009038 100.000000 6.896552
500 0.000010 0.011874 200.000000 8.064516
500 0.000049 0.009315 300.000000 7.092198
500 0.000007 0.009116 400.000000 7.233273
500 0.000007 0.013105 500.000000 7.518797
500 0.000008 0.008574 600.000000 7.177033
500 0.000005 0.008732 700.000000 7.478632
500 0.000278 0.013134 800.000000 7.469655
510 0.000023 0.008532 100.000000 7.092198
510 0.000009 0.011577 200.000000 8.163265
510 0.000016 0.009094 300.000000 7.125891
510 0.000003 0.009013 400.000000 7.299270
510 0.000004 0.014049 500.000000 7.485030
510 0.000005 0.008477 600.000000 7.211538
510 0.000002 0.008650 700.000000 7.518797
510 0.000283 0.013228 800.000000 7.483630
520 0.000165 0.015071 100.000000 7.407407
520 0.000096 0.017925 200.000000 8.298756
520 0.000067 0.016639 300.000000 7.211538
520 0.000044 0.011121 400.000000 7.366483
520 0.000050 0.011654 500.000000 7.440476
520 0.000034 0.008573 600.000000 7.255139
520 0.000026 0.009311 700.000000 7.567567
520 0.000308 0.017553 800.000000 7.518797
530 0.000278 0.023858 100.000000 7.692307
530 0.000148 0.027113 200.000000 8.438819
530 0.000103 0.022435 300.000000 7.299270
530 0.000070 0.012586 400.000000 7.448790
530 0.000091 0.010158 500.000000 7.418397
530 0.000052 0.008519 600.000000 7.308161
530 0.000042 0.010132 700.000000 7.616975
530 0.000323 0.020875 800.000000 7.561437
540 0.000290 0.025349 100.000000 8.130081
540 0.000158 0.028383 200.000000 8.620689
540 0.000107 0.022523 300.000000 7.389163
540 0.000073 0.012248 400.000000 7.532957
540 0.000098 0.010645 500.000000 7.440476
540 0.000055 0.008489 600.000000 7.361963
540 0.000044 0.010123 700.000000 7.675438
540 0.000325 0.021954 800.000000 7.604563
550 0.000106 0.011945 100.000000 8.547009
550 0.000078 0.015178 200.000000 8.695652
550 0.000048 0.013183 300.000000 7.500000
550 0.000031 0.010122 400.000000 7.619048
550 0.000061 0.009946 500.000000 7.473842
550 0.000024 0.008732 600.000000 7.416564
550 0.000019 0.009149 700.000000 7.726269
550 0.000303 0.018430 800.000000 7.648183
560 0.000081 0.010928 100.000000 8.849558
560 0.000105 0.014531 200.000000 8.620689
560 0.000040 0.011906 300.000000 7.556675
560 0.000025 0.009897 400.000000 7.692307
560 0.000059 0.009944 500.000000 7.485030
560 0.000018 0.008894 600.000000 7.453416
560 0.000014 0.009014 700.000000 7.777778
560 0.000299 0.018856 800.000000 7.684918
570 0.000037 0.010545 100.000000 9.090909
570 0.000111 0.013691 200.000000 8.298756
570 0.000013 0.009220 300.000000 7.594937
570 0.000009 0.010107 400.000000 7.736944
570 0.000020 0.009535 500.000000 7.485030
570 0.000003 0.008946 600.000000 7.481297
570 0.000003 0.008850 700.000000 7.812500
570 0.000286 0.017817 800.000000 7.707129
580 0.000063 0.012230 100.000000 9.259259
580 0.000010 0.012122 200.000000 8.097166
580 0.000016 0.009454 300.000000 7.575758
580 0.000007 0.010322 400.000000 7.751938
580 0.000011 0.009424 500.000000 7.485030
580 0.000004 0.008953 600.000000 7.490637
580 0.000004 0.008951 700.000000 7.838746
580 0.000284 0.019542 800.000000 7.722008
590 0.000018 0.010295 100.000000 9.345795
590 0.000011 0.011555 200.000000 8.032128
590 0.000017 0.009970 300.000000 7.537688
590 0.000014 0.010087 400.000000 7.751938
590 0.000007 0.009903 500.000000 7.473842
590 0.000002 0.008933 600.000000 7.500000
590 0.000005 0.009016 700.000000 7.856341
590 0.000292 0.023541 800.000000 7.736944
600 0.000021 0.011606 100.000000 9.345795
600 0.000019 0.011882 200.000000 8.000000
600 0.000010 0.010156 300.000000 7.481297
600 0.000006 0.011302 400.000000 7.766990
600 0.000004 0.010184 500.000000 7.462687
600 0.000008 0.008899 600.000000 7.509387
600 0.000005 0.009093 700.000000 7.865169
600 0.000292 0.026150 800.000000 7.751938
610 0.000011 0.012886 100.000000 9.523809
610 0.000021 0.012486 200.000000 7.968128
610 0.000011 0.010378 300.000000 7.425743
610 0.000009 0.011936 400.000000 7.766990
610 0.000018 0.009743 500.000000 7.429420
610 0.000006 0.008884 600.000000 7.528231
610 0.000013 0.009292 700.000000 7.865169
610 0.000290 0.028657 800.000000 7.759457
620 0.000018 0.014662 100.000000 9.615385
620 0.000014 0.012473 200.000000 7.874016
620 0.000015 0.010157 300.000000 7.352941
620 0.000005 0.012541 400.000000 7.766990
620 0.000070 0.009399 500.000000 7.342144
620 0.000005 0.008818 600.000000 7.547170
620 0.000217 0.009954 700.000000 7.838746
620 0.000289 0.030950 800.000000 7.774539
630 0.000036 0.016231 100.000000 9.615385
630 0.000160 0.013955 200.000000 7.518797
630 0.000015 0.010360 300.000000 7.334963
630 0.000004 0.013068 400.000000 7.736944
630 0.000028 0.008908 500.000000 7.267442
630 0.000012 0.008858 600.000000 7.556675
630 0.000271 0.011086 700.000000 7.769145
630 0.000292 0.033851 800.000000 7.789679
640 0.000028 0.016322 100.000000 9.615385
640 0.000105 0.011362 200.000000 7.220217
640 0.000008 0.010172 300.000000 7.334963
640 0.000004 0.014307 400.000000 7.707129
640 0.000014 0.008848 500.000000 7.225433
640 0.000010 0.008848 600.000000 7.566204
640 0.000316 0.016329 700.000000 7.567567
640 0.000292 0.036174 800.000000 7.797271
650 0.000036 0.016514 100.000000 9.433962
650 0.000035 0.010847 200.000000 7.117438
650 0.000007 0.009853 300.000000 7.334963
650 0.000011 0.016099 400.000000 7.561437
650 0.000010 0.008824 500.000000 7.215007
650 0.000006 0.008885 600.000000 7.575758
650 0.000326 0.015105 700.000000 7.534984
650 0.000292 0.038868 800.000000 7.804878
660 0.000027 0.020113 100.000000 9.174312
660 0.000018 0.011228 200.000000 7.067138
660 0.000005 0.009969 300.000000 7.334963
660 0.000049 0.009446 400.000000 7.299270
660 0.000008 0.008611 500.000000 7.215007
660 0.000003 0.008944 600.000000 7.585335
660 0.000331 0.016986 700.000000 7.526882
660 0.000293 0.041850 800.000000 7.812500
670 0.000102 0.013735 100.000000 8.403361
670 0.000022 0.011096 200.000000 7.017544
670 0.000006 0.010018 300.000000 7.334963
670 0.000056 0.009626 400.000000 7.194244
670 0.000009 0.008691 500.000000 7.215007
670 0.000005 0.008884 600.000000 7.604563
670 0.000331 0.018751 700.000000 7.526882
670 0.000293 0.044504 800.000000 7.827789
680 0.000219 0.021187 100.000000 7.407407
680 0.000009 0.011237 200.000000 6.968641
680 0.000014 0.010568 300.000000 7.334963
680 0.000028 0.009721 400.000000 7.142857
680 0.000008 0.008797 500.000000 7.204611
680 0.000003 0.008923 600.000000 7.623888
680 0.000331 0.021333 700.000000 7.534984
680 0.000292 0.047027 800.000000 7.835455
690 0.000038 0.020922 100.000000 7.092198
690 0.000011 0.012421 200.000000 6.896552
690 0.000022 0.010278 300.000000 7.317073
690 0.000015 0.009924 400.000000 7.117438
690 0.000008 0.008836 500.000000 7.204611
690 0.000006 0.009023 600.000000 7.633588
690 0.000334 0.024951 700.000000 7.534984
690 0.000294 0.050104 800.000000 7.850834
700 0.000028 0.020664 100.000000 6.944445
700 0.000008 0.012581 200.000000 6.825939
700 0.000010 0.010530 300.000000 7.317073
700 0.000002 0.010964 400.000000 7.092198
700 0.000007 0.008902 500.000000 7.204611
700 0.000005 0.009097 600.000000 7.643312
700 0.000333 0.028132 700.000000 7.543103
700 0.000295 0.052804 800.000000 7.858546
710 0.000048 0.022643 100.000000 6.849315
710 0.000014 0.012611 200.000000 6.711410
710 0.000011 0.010950 300.000000 7.299270
710 0.000014 0.010372 400.000000 7.054674
710 0.000008 0.008781 500.000000 7.215007
710 0.000010 0.009270 600.000000 7.633588
710 0.000334 0.031349 700.000000 7.551240
710 0.000295 0.055629 800.000000 7.866273
720 0.000041 0.024755 100.000000 6.666667
720 0.000027 0.012692 200.000000 6.578948
720 0.000012 0.011761 300.000000 7.281553
720 0.000073 0.010140 400.000000 6.956522
720 0.000008 0.008925 500.000000 7.215007
720 0.000211 0.012165 600.000000 7.604563
720 0.000332 0.034218 700.000000 7.559395
720 0.000295 0.058130 800.000000 7.866273
730 0.000282 0.027816 100.000000 6.250000
730 0.000013 0.012423 200.000000 6.514658
730 0.000008 0.011273 300.000000 7.246377
730 0.000040 0.009450 400.000000 6.837607
730 0.000008 0.008893 500.000000 7.225433
730 0.000305 0.011037 600.000000 7.547170
730 0.000332 0.037218 700.000000 7.567567
730 0.000292 0.060862 800.000000 7.858546
740 0.000287 0.025578 100.000000 5.780347
740 0.000007 0.011372 200.000000 6.514658
740 0.000014 0.012106 300.000000 7.194244
740 0.000014 0.009101 400.000000 6.791172
740 0.000012 0.008796 500.000000 7.235890
740 0.000365 0.016675 600.000000 7.308161
740 0.000333 0.040274 700.000000 7.575758
740 0.000290 0.063028 800.000000 7.858546
750 0.000086 0.025500 100.000000 5.649717
750 0.000019 0.011344 200.000000 6.535948
750 0.000012 0.014480 300.000000 7.109005
750 0.000016 0.009266 400.000000 6.791172
750 0.000009 0.008978 500.000000 7.256894
750 0.000376 0.014951 600.000000 7.272727
750 0.000332 0.042858 700.000000 7.592191
750 0.000298 0.066257 800.000000 7.850834
760 0.000021 0.025718 100.000000 5.649717
760 0.000014 0.011714 200.000000 6.600660
760 0.000022 0.012434 300.000000 6.912442
760 0.000006 0.009573 400.000000 6.814310
760 0.000011 0.009140 500.000000 7.288630
760 0.000379 0.016817 600.000000 7.272727
760 0.000331 0.045072 700.000000 7.616975
760 0.000301 0.067167 800.000000 7.850834
770 0.000034 0.027754 100.000000 5.714286
770 0.000013 0.012061 200.000000 6.666667
770 0.000067 0.012803 300.000000 6.802721
770 0.000005 0.009805 400.000000 6.849315
770 0.000003 0.009075 500.000000 7.331378
770 0.000382 0.018217 600.000000 7.299270
770 0.000331 0.047313 700.000000 7.650273
770 0.000300 0.068793 800.000000 7.850834
780 0.000028 0.022477 100.000000 5.813953
780 0.000023 0.011975 200.000000 6.756757
780 0.000046 0.013012 300.000000 6.802721
780 0.000007 0.009813 400.000000 6.896552
780 0.000007 0.008769 500.000000 7.396450
780 0.000377 0.019314 600.000000 7.343941
780 0.000326 0.048081 700.000000 7.700770
780 0.000281 0.069416 800.000000 7.843137
790 0.000099 0.012023 100.000000 5.988024
790 0.000059 0.018626 200.000000 6.896552
790 0.000035 0.013292 300.000000 6.864988
790 0.000026 0.009577 400.000000 6.968641
790 0.000024 0.008411 500.000000 7.462687
790 0.000364 0.020589 600.000000 7.398274
790 0.000316 0.048162 700.000000 7.751938
790 0.000254 0.068544 800.000000 7.835455
800 0.000172 0.023366 100.000000 6.211180
800 0.000086 0.026599 200.000000 7.042253
800 0.000011 0.016702 300.000000 6.928406
800 0.000042 0.011022 400.000000 7.042253
800 0.000035 0.008956 500.000000 7.541478
800 0.000354 0.021525 600.000000 7.462687
800 0.000307 0.048078 700.000000 7.812500
800 0.000247 0.067483 800.000000 7.835455
810 0.000241 0.025442 100.000000 6.451613
810 0.000110 0.029728 200.000000 7.220217
810 0.000041 0.020054 300.000000 7.009346
810 0.000054 0.012252 400.000000 7.117438
810 0.000046 0.009007 500.000000 7.621951
810 0.000345 0.022191 600.000000 7.518797
810 0.000299 0.047792 700.000000 7.874016
810 0.000248 0.066104 800.000000 7.812500
820 0.000198 0.019586 100.000000 6.622517
820 0.000085 0.025858 200.000000 7.326007
820 0.000030 0.016777 300.000000 7.075472
820 0.000045 0.010961 400.000000 7.181329
820 0.000039 0.008874 500.000000 7.692307
820 0.000352 0.023770 600.000000 7.566204
820 0.000303 0.049854 700.000000 7.918552
820 0.000242 0.067175 800.000000 7.782101
830 0.000031 0.009359 100.000000 6.666667
830 0.000038 0.013612 200.000000 7.407407
830 0.000023 0.009837 300.000000 7.109005
830 0.000007 0.008751 400.000000 7.220217
830 0.000010 0.008969 500.000000 7.739938
830 0.000388 0.027573 600.000000 7.604563
830 0.000335 0.056077 700.000000 7.963595
830 0.000282 0.073877 800.000000 7.766990
840 0.000025 0.008241 100.000000 6.622517
840 0.000023 0.012564 200.000000 7.462687
840 0.000010 0.009118 300.000000 7.109005
840 0.000006 0.007733 400.000000 7.246377
840 0.000007 0.008621 500.000000 7.776050
840 0.000387 0.030360 600.000000 7.633588
840 0.000336 0.058480 700.000000 7.990868
840 0.000290 0.074060 800.000000 7.766990
850 0.000014 0.010087 100.000000 6.535948
850 0.000035 0.018409 200.000000 7.490637
850 0.000007 0.009969 300.000000 7.109005
850 0.000010 0.008206 400.000000 7.272727
850 0.000005 0.008859 500.000000 7.788162
850 0.000384 0.033350 600.000000 7.653061
850 0.000333 0.060896 700.000000 8.009153
850 0.000288 0.074040 800.000000 7.782101
860 0.000007 0.011055 100.000000 6.451613
860 0.000025 0.019307 200.000000 7.518797
860 0.000021 0.008394 300.000000 7.075472
860 0.000004 0.007577 400.000000 7.299270
860 0.000158 0.018464 500.000000 7.800312
860 0.000380 0.036063 600.000000 7.682458
860 0.000330 0.063008 700.000000 8.027523
860 0.000286 0.074289 800.000000 7.804878
870 0.000026 0.010889 100.000000 6.410256
870 0.000024 0.020814 200.000000 7.575758
870 0.000103 0.008766 300.000000 7.009346
870 0.000007 0.008021 400.000000 7.352941
870 0.000273 0.009591 500.000000 7.800312
870 0.000382 0.039044 600.000000 7.712082
870 0.000334 0.065276 700.000000 8.064516
870 0.000286 0.075342 800.000000 7.835455
880 0.000091 0.017954 100.000000 6.578948
880 0.000060 0.025655 200.000000 7.692307
880 0.000057 0.010912 300.000000 7.009346
880 0.000026 0.007974 400.000000 7.421150
880 0.000337 0.009835 500.000000 7.836991
880 0.000365 0.039167 600.000000 7.772021
880 0.000317 0.064187 700.000000 8.101851
880 0.000274 0.072342 800.000000 7.881773
890 0.000244 0.031546 100.000000 6.802721
890 0.000139 0.037104 200.000000 7.843137
890 0.000045 0.020331 300.000000 7.042253
890 0.000057 0.011055 400.000000 7.518797
890 0.000316 0.010755 500.000000 7.861635
890 0.000343 0.038765 600.000000 7.832898
890 0.000297 0.061816 700.000000 8.158508
890 0.000259 0.068461 800.000000 7.936508
900 0.000355 0.039563 100.000000 7.042253
900 0.000182 0.043028 200.000000 8.000000
900 0.000088 0.024397 300.000000 7.109005
900 0.000076 0.011395 400.000000 7.604563
900 0.000334 0.012421 500.000000 7.788162
900 0.000329 0.038638 600.000000 7.905138
900 0.000283 0.060393 700.000000 8.215962
900 0.000248 0.065942 800.000000 7.984032
910 0.000352 0.036578 100.000000 7.352941
910 0.000171 0.042435 200.000000 8.163265
910 0.000098 0.023488 300.000000 7.177033
910 0.000072 0.011873 400.000000 7.692307
910 0.000368 0.018083 500.000000 7.704160
910 0.000331 0.039200 600.000000 7.968128
910 0.000282 0.060765 700.000000 8.264462
910 0.000249 0.065802 800.000000 8.040201
920 0.000189 0.025353 100.000000 7.575758
920 0.000092 0.034222 200.000000 8.196721
920 0.000041 0.013763 300.000000 7.228916
920 0.000034 0.009701 400.000000 7.766990
920 0.000410 0.018854 500.000000 7.704160
920 0.000358 0.044093 600.000000 8.021390
920 0.000311 0.068032 700.000000 8.293839
920 0.000268 0.072220 800.000000 8.080808
930 0.000062 0.018480 100.000000 7.751938
930 0.000025 0.032835 200.000000 8.000000
930 0.000007 0.008910 300.000000 7.263923
930 0.000011 0.008949 400.000000 7.812500
930 0.000443 0.019821 500.000000 7.704160
930 0.000378 0.049206 600.000000 8.053691
930 0.000338 0.074195 700.000000 8.303678
930 0.000284 0.077232 800.000000 8.105370
940 0.000036 0.017510 100.000000 7.874016
940 0.000074 0.009538 200.000000 7.575758
940 0.000006 0.007597 300.000000 7.299270
940 0.000005 0.008800 400.000000 7.858546
940 0.000456 0.022306 500.000000 7.704160
940 0.000386 0.053071 600.000000 8.086253
940 0.000343 0.077337 700.000000 8.293839
940 0.000290 0.079648 800.000000 8.130081
950 0.000043 0.021755 100.000000 7.936508
950 0.000081 0.010329 200.000000 7.380074
950 0.000002 0.008696 300.000000 7.317073
950 0.000005 0.009065 400.000000 7.905138
950 0.000457 0.023186 500.000000 7.727975
950 0.000385 0.055761 600.000000 8.119080
950 0.000324 0.079701 700.000000 8.235294
950 0.000287 0.080193 800.000000 8.154943
960 0.000028 0.022467 100.000000 8.064516
960 0.000083 0.010547 200.000000 7.299270
960 0.000008 0.008456 300.000000 7.334963
960 0.000007 0.008681 400.000000 7.952286
960 0.000459 0.025659 500.000000 7.751938
960 0.000386 0.059174 600.000000 8.141112
960 0.000308 0.081805 700.000000 8.101851
960 0.000287 0.081291 800.000000 8.171603
970 0.000037 0.022461 100.000000 8.130081
970 0.000057 0.009963 200.000000 7.299270
970 0.000007 0.008257 300.000000 7.371007
970 0.000003 0.008799 400.000000 8.000000
970 0.000461 0.029231 500.000000 7.776050
970 0.000387 0.062195 600.000000 8.174387
970 0.000305 0.082879 700.000000 7.972665
970 0.000287 0.082349 800.000000 8.196721
980 0.000054 0.015790 100.000000 8.264462
980 0.000016 0.008925 200.000000 7.299270
980 0.000007 0.007493 300.000000 7.407407
980 0.000003 0.008898 400.000000 8.048289
980 0.000463 0.032614 500.000000 7.812500
980 0.000389 0.065004 600.000000 8.219178
980 0.000321 0.083552 700.000000 7.936508
980 0.000289 0.083764 800.000000 8.213552
990 0.000061 0.021120 100.000000 8.403361
990 0.000022 0.012701 200.000000 7.352941
990 0.000009 0.008563 300.000000 7.444169
990 0.000011 0.008879 400.000000 8.097166
990 0.000464 0.036019 500.000000 7.849294
990 0.000391 0.067999 600.000000 8.253095
990 0.000332 0.084109 700.000000 7.954545
990 0.000292 0.084992 800.000000 8.238929
1000 0.000053 0.027400 100.000000 8.620689
1000 0.000007 0.011800 200.000000 7.380074
1000 0.000008 0.008116 300.000000 7.518797
1000 0.000002 0.009212 400.000000 8.146640
1000 0.000461 0.038579 500.000000 7.898894
1000 0.000387 0.069900 600.000000 8.298756
1000 0.000329 0.083763 700.000000 7.981756
1000 0.000289 0.085052 800.000000 8.273009
1010 0.000044 0.028646 100.000000 8.849558
1010 0.000020 0.010509 200.000000 7.407407
1010 0.000006 0.007848 300.000000 7.594937
1010 0.000011 0.009075 400.000000 8.196721
1010 0.000461 0.041478 500.000000 7.949126
1010 0.000389 0.072170 600.000000 8.344924
1010 0.000330 0.084572 700.000000 8.018328
1010 0.000287 0.086221 800.000000 8.298756
1020 0.000037 0.029427 100.000000 9.090909
1020 0.000119 0.009686 200.000000 7.352941
1020 0.000004 0.007753 300.000000 7.672634
1020 0.000274 0.014553 400.000000 8.213552
1020 0.000454 0.043631 500.000000 8.000000
1020 0.000386 0.073552 600.000000 8.379889
1020 0.000325 0.083849 700.000000 8.064516
1020 0.000278 0.085747 800.000000 8.333333
1030 0.000026 0.031891 100.000000 9.174312
1030 0.000131 0.009557 200.000000 7.220217
1030 0.000005 0.008163 300.000000 7.731959
1030 0.000441 0.010559 400.000000 8.213552
1030 0.000456 0.047181 500.000000 8.038586
1030 0.000386 0.076235 600.000000 8.415147
1030 0.000326 0.084918 700.000000 8.101851
1030 0.000272 0.086497 800.000000 8.350731
1040 0.000048 0.034509 100.000000 9.090909
1040 0.000044 0.009613 200.000000 7.092198
1040 0.000017 0.008768 300.000000 7.772021
1040 0.000497 0.015334 400.000000 7.984032
1040 0.000463 0.051700 500.000000 8.077544
1040 0.000387 0.080783 600.000000 8.426967
1040 0.000332 0.087356 700.000000 8.130081
1040 0.000275 0.088643 800.000000 8.368201
1050 0.000020 0.040154 100.000000 8.849558
1050 0.000037 0.007481 200.000000 7.042253
1050 0.000024 0.008392 300.000000 7.792208
1050 0.000560 0.023300 400.000000 7.707129
1050 0.000467 0.056653 500.000000 8.090615
1050 0.000394 0.085308 600.000000 8.415147
1050 0.000333 0.089435 700.000000 8.139535
1050 0.000278 0.090093 800.000000 8.368201
1060 0.000032 0.047061 100.000000 7.874016
1060 0.000020 0.008172 200.000000 7.017544
1060 0.000005 0.008624 300.000000 7.812500
1060 0.000571 0.023110 400.000000 7.662835
1060 0.000466 0.060421 500.000000 8.103727
1060 0.000404 0.088458 600.000000 8.379889
1060 0.000336 0.089821 700.000000 8.149011
1060 0.000286 0.090094 800.000000 8.368201
1070 0.000207 0.019802 100.000000 6.944445
1070 0.000020 0.008590 200.000000 6.993007
1070 0.000008 0.007961 300.000000 7.832898
1070 0.000580 0.026045 400.000000 7.648183
1070 0.000468 0.065331 500.000000 8.116883
1070 0.000402 0.091895 600.000000 8.310249
1070 0.000334 0.091338 700.000000 8.158508
1070 0.000293 0.090704 800.000000 8.376964
1080 0.000235 0.026488 100.000000 6.666667
1080 0.000011 0.010943 200.000000 6.993007
1080 0.000007 0.007816 300.000000 7.874016
1080 0.000575 0.028587 400.000000 7.648183
1080 0.000465 0.068226 500.000000 8.143323
1080 0.000354 0.093713 600.000000 8.163265
1080 0.000330 0.091011 700.000000 8.168028
1080 0.000294 0.089233 800.000000 8.394544
1090 0.000099 0.028917 100.000000 6.535948
1090 0.000007 0.012332 200.000000 6.993007
1090 0.000008 0.009080 300.000000 7.915567
1090 0.000572 0.032605 400.000000 7.677543
1090 0.000461 0.071104 500.000000 8.169934
1090 0.000355 0.093992 600.000000 7.947020
1090 0.000326 0.090920 700.000000 8.187135
1090 0.000286 0.088412 800.000000 8.403361
1100 0.000025 0.026351 100.000000 6.493506
1100 0.000028 0.011313 200.000000 6.993007
1100 0.000015 0.009393 300.000000 7.957560
1100 0.000566 0.036422 400.000000 7.692307
1100 0.000456 0.073995 500.000000 8.183306
1100 0.000365 0.092653 600.000000 7.874016
1100 0.000323 0.090889 700.000000 8.196721
1100 0.000283 0.088063 800.000000 8.412198
1110 0.000021 0.035740 100.000000 6.451613
1110 0.000026 0.011917 200.000000 7.017544
1110 0.000011 0.009377 300.000000 7.978724
1110 0.000583 0.046301 400.000000 7.707129
1110 0.000473 0.082588 500.000000 8.210180
1110 0.000390 0.098164 600.000000 7.863696
1110 0.000335 0.096439 700.000000 8.206330
1110 0.000287 0.092439 800.000000 8.412198
1120 0.000078 0.038107 100.000000 6.329114
1120 0.000030 0.013577 200.000000 7.042253
1120 0.000026 0.008417 300.000000 7.978724
1120 0.000589 0.052863 400.000000 7.722008
1120 0.000476 0.087983 500.000000 8.223684
1120 0.000393 0.099934 600.000000 7.874016
1120 0.000337 0.098445 700.000000 8.215962
1120 0.000280 0.093342 800.000000 8.350731
1130 0.000300 0.037434 100.000000 6.097561
1130 0.000026 0.015727 200.000000 7.092198
1130 0.000397 0.022965 300.000000 7.936508
1130 0.000578 0.055777 400.000000 7.751938
1130 0.000470 0.089575 500.000000 8.237232
1130 0.000385 0.098067 600.000000 7.905138
1130 0.000323 0.097579 700.000000 8.225616
1130 0.000269 0.089602 800.000000 8.205129
1140 0.000200 0.039899 100.000000 5.847953
1140 0.000025 0.017550 200.000000 7.142857
1140 0.000603 0.014961 300.000000 7.874016
1140 0.000577 0.059527 400.000000 7.797271
1140 0.000468 0.092297 500.000000 8.264462
1140 0.000385 0.098311 600.000000 7.936508
1140 0.000314 0.097195 700.000000 8.235294
1140 0.000269 0.086324 800.000000 8.171603
1150 0.000076 0.039176 100.000000 5.747127
1150 0.000035 0.017260 200.000000 7.220217
1150 0.000698 0.014896 300.000000 7.518797
1150 0.000584 0.065594 400.000000 7.827789
1150 0.000466 0.096971 500.000000 8.278146
1150 0.000390 0.100651 600.000000 7.968128
1150 0.000314 0.098911 700.000000 8.254717
1150 0.000285 0.084497 800.000000 8.171603
1160 0.000051 0.045789 100.000000 5.780347
1160 0.000019 0.020321 200.000000 7.299270
1160 0.000738 0.019555 300.000000 7.371007
1160 0.000581 0.067209 400.000000 7.889546
1160 0.000468 0.098072 500.000000 8.305648
1160 0.000386 0.099507 600.000000 8.010681
1160 0.000311 0.097319 700.000000 8.284023
1160 0.000291 0.080749 800.000000 8.196721
1170 0.000055 0.052992 100.000000 5.917160
1170 0.000012 0.024127 200.000000 7.434944
1170 0.000746 0.016897 300.000000 7.407407
1170 0.000577 0.069045 400.000000 7.968128
1170 0.000473 0.100651 500.000000 8.347245
1170 0.000384 0.098601 600.000000 8.064516
1170 0.000313 0.096161 700.000000 8.333333
1170 0.000291 0.077749 800.000000 8.238929
1180 0.000038 0.057633 100.000000 6.134969
1180 0.000014 0.026239 200.000000 7.633588
1180 0.000751 0.018442 300.000000 7.500000
1180 0.000576 0.070490 400.000000 8.080808
1180 0.000480 0.101561 500.000000 8.417508
1180 0.000385 0.098207 600.000000 8.141112
1180 0.000321 0.095798 700.000000 8.393286
1180 0.000292 0.075611 800.000000 8.290155
1190 0.000041 0.054173 100.000000 6.369427
1190 0.000028 0.024980 200.000000 7.843137
1190 0.000745 0.019198 300.000000 7.614213
1190 0.000570 0.070295 400.000000 8.196721
1190 0.000476 0.099739 500.000000 8.503402
1190 0.000383 0.096882 600.000000 8.219178
1190 0.000321 0.094666 700.000000 8.464329
1190 0.000291 0.073955 800.000000 8.359457
1200 0.000112 0.026933 100.000000 6.666667
1200 0.000064 0.015416 200.000000 8.064516
1200 0.000721 0.020958 300.000000 7.751938
1200 0.000551 0.066245 400.000000 8.316009
1200 0.000461 0.095328 500.000000 8.576329
1200 0.000368 0.094264 600.000000 8.298756
1200 0.000311 0.093197 700.000000 8.536586
1200 0.000281 0.072532 800.000000 8.421053
1210 0.000186 0.015310 100.000000 6.896552
1210 0.000102 0.017933 200.000000 8.264462
1210 0.000698 0.022846 300.000000 7.853403
1210 0.000529 0.062901 400.000000 8.421053
1210 0.000442 0.091326 500.000000 8.620689
1210 0.000354 0.090830 600.000000 8.368201
1210 0.000302 0.090618 700.000000 8.599508
1210 0.000272 0.069905 800.000000 8.474576
1220 0.000161 0.013013 100.000000 7.142857
1220 0.000087 0.016827 200.000000 8.438819
1220 0.000707 0.024548 300.000000 7.936508
1220 0.000537 0.068632 400.000000 8.510638
1220 0.000420 0.096294 500.000000 8.605852
1220 0.000356 0.094268 600.000000 8.426967
1220 0.000310 0.093131 700.000000 8.652658
1220 0.000275 0.070392 800.000000 8.528785
1230 0.000199 0.015640 100.000000 7.299270
1230 0.000106 0.019909 200.000000 8.620689
1230 0.000698 0.024534 300.000000 8.021390
1230 0.000530 0.069022 400.000000 8.602151
1230 0.000387 0.095839 500.000000 8.488964
1230 0.000350 0.093194 600.000000 8.474576
1230 0.000306 0.091534 700.000000 8.706468
1230 0.000268 0.067405 800.000000 8.565310
1240 0.000095 0.012714 100.000000 7.407407
1240 0.000055 0.015251 200.000000 8.771930
1240 0.000731 0.037278 300.000000 8.086253
1240 0.000553 0.081992 400.000000 8.658009
1240 0.000409 0.106179 500.000000 8.291874
1240 0.000364 0.101799 600.000000 8.522727
1240 0.000314 0.098339 700.000000 8.739077
1240 0.000279 0.070403 800.000000 8.602151
1250 0.000059 0.014152 100.000000 7.462687
1250 0.000019 0.016371 200.000000 8.888889
1250 0.000755 0.050142 300.000000 8.152174
1250 0.000571 0.093802 400.000000 8.714597
1250 0.000440 0.113967 500.000000 8.210180
1250 0.000377 0.109422 600.000000 8.547009
1250 0.000324 0.104242 700.000000 8.760951
1250 0.000288 0.072186 800.000000 8.639309
1260 0.000022 0.018132 100.000000 7.575758
1260 0.000020 0.017550 200.000000 8.968610
1260 0.000779 0.063317 300.000000 8.196721
1260 0.000591 0.105137 400.000000 8.771930
1260 0.000467 0.121479 500.000000 8.196721
1260 0.000392 0.116839 600.000000 8.571428
1260 0.000328 0.110102 700.000000 8.782936
1260 0.000296 0.073359 800.000000 8.658009
1270 0.000023 0.017231 100.000000 7.692307
1270 0.000005 0.016617 200.000000 9.049774
1270 0.000772 0.067479 300.000000 8.241758
1270 0.000585 0.107900 400.000000 8.810573
1270 0.000463 0.120317 500.000000 8.223684
1270 0.000387 0.116528 600.000000 8.595988
1270 0.000324 0.109588 700.000000 8.760951
1270 0.000294 0.070653 800.000000 8.695652
1280 0.000034 0.013929 100.000000 7.936508
1280 0.000010 0.015637 200.000000 9.132421
1280 0.000754 0.066732 300.000000 8.333333
1280 0.000572 0.105676 400.000000 8.888889
1280 0.000453 0.115961 500.000000 8.291874
1280 0.000373 0.113568 600.000000 8.633094
1280 0.000304 0.106223 700.000000 8.717310
1280 0.000296 0.066263 800.000000 8.733624
1290 0.000216 0.025564 100.000000 8.264462
1290 0.000420 0.027264 200.000000 9.259259
1290 0.000689 0.052315 300.000000 8.450705
1290 0.000526 0.090008 400.000000 8.988764
1290 0.000414 0.100109 500.000000 8.361204
1290 0.000336 0.100576 600.000000 8.695652
1290 0.000275 0.093932 700.000000 8.631319
1290 0.000271 0.057909 800.000000 8.781559
1300 0.000321 0.035154 100.000000 8.620689
1300 0.000586 0.027640 200.000000 9.389671
1300 0.000656 0.046453 300.000000 8.595988
1300 0.000504 0.083336 400.000000 9.090909
1300 0.000393 0.092728 500.000000 8.445946
1300 0.000316 0.094476 600.000000 8.759124
1300 0.000265 0.086930 700.000000 8.620689
1300 0.000256 0.054209 800.000000 8.839779
1310 0.000181 0.023549 100.000000 9.090909
1310 0.000806 0.018465 200.000000 9.478673
1310 0.000704 0.063918 300.000000 8.720930
1310 0.000535 0.099495 400.000000 9.195402
1310 0.000423 0.105504 500.000000 8.532423
1310 0.000333 0.104594 600.000000 8.823529
1310 0.000281 0.092854 700.000000 8.641975
1310 0.000271 0.057466 800.000000 8.888889
1320 0.000052 0.015036 100.000000 9.433962
1320 0.000949 0.027550 200.000000 9.049774
1320 0.000741 0.078449 300.000000 8.849558
1320 0.000557 0.113497 400.000000 9.259259
1320 0.000446 0.115873 500.000000 8.605852
1320 0.000351 0.112988 600.000000 8.875740
1320 0.000306 0.096592 700.000000 8.674102
1320 0.000288 0.059588 800.000000 8.938547
1330 0.000008 0.013443 100.000000 9.708738
1330 0.001076 0.052715 200.000000 8.510638
1330 0.000758 0.088182 300.000000 8.928572
1330 0.000571 0.121762 400.000000 9.280743
1330 0.000453 0.120912 500.000000 8.650519
1330 0.000356 0.116726 600.000000 8.902077
1330 0.000326 0.096463 700.000000 8.695652
1330 0.000296 0.059248 800.000000 8.968610
1340 0.000031 0.013770 100.000000 9.900990
1340 0.001111 0.044795 200.000000 8.403361
1340 0.000758 0.094567 300.000000 8.982036
1340 0.000591 0.127348 400.000000 9.280743
1340 0.000456 0.122521 500.000000 8.680555
1340 0.000365 0.117448 600.000000 8.928572
1340 0.000329 0.093483 700.000000 8.717310
1340 0.000293 0.057753 800.000000 8.998875
1350 0.000037 0.012495 100.000000 10.101010
1350 0.001136 0.051758 200.000000 8.368201
1350 0.000769 0.103662 300.000000 9.036144
1350 0.000601 0.133854 400.000000 9.195402
1350 0.000463 0.126089 500.000000 8.710801
1350 0.000380 0.120072 600.000000 8.941877
1350 0.000336 0.091454 700.000000 8.739077
1350 0.000294 0.056971 800.000000 9.009009
1360 0.000015 0.014040 100.000000 10.204082
1360 0.001141 0.055361 200.000000 8.403361
1360 0.000770 0.111906 300.000000 9.063444
1360 0.000554 0.139340 400.000000 9.029346
1360 0.000459 0.128266 500.000000 8.726004
1360 0.000389 0.120578 600.000000 8.968610
1360 0.000337 0.088367 700.000000 8.760951
1360 0.000294 0.055631 800.000000 9.029346
1370 0.000013 0.014196 100.000000 10.526316
1370 0.001147 0.064009 200.000000 8.438819
1370 0.000771 0.118961 300.000000 9.118541
1370 0.000553 0.143122 400.000000 8.658009
1370 0.000457 0.130043 500.000000 8.756567
1370 0.000384 0.121084 600.000000 8.982036
1370 0.000333 0.085704 700.000000 8.782936
1370 0.000294 0.054172 800.000000 9.039548
1380 0.000014 0.015047 100.000000 10.638298
1380 0.001147 0.074838 200.000000 8.474576
1380 0.000772 0.126125 300.000000 9.174312
1380 0.000561 0.144791 400.000000 8.403361
1380 0.000458 0.132237 500.000000 8.771930
1380 0.000383 0.122129 600.000000 8.995502
1380 0.000334 0.082971 700.000000 8.805032
1380 0.000295 0.052661 800.000000 9.049774
1390 0.000022 0.016430 100.000000 10.752688
1390 0.001163 0.088751 200.000000 8.510638
1390 0.000783 0.136365 300.000000 9.202454
1390 0.000579 0.148271 400.000000 8.350731
1390 0.000467 0.136436 500.000000 8.787346
1390 0.000381 0.125110 600.000000 8.995502
1390 0.000338 0.081404 700.000000 8.827238
1390 0.000298 0.051958 800.000000 9.049774
1400 0.000014 0.017437 100.000000 10.752688
1400 0.001150 0.098912 200.000000 8.510638
1400 0.000775 0.141446 300.000000 9.230769
1400 0.000575 0.147178 400.000000 8.350731
1400 0.000461 0.136872 500.000000 8.771930
1400 0.000372 0.124696 600.000000 8.928572
1400 0.000337 0.077324 700.000000 8.838384
1400 0.000295 0.050155 800.000000 9.039548
1410 0.001104 0.044067 100.000000 10.309278
1410 0.001141 0.110825 200.000000 8.510638
1410 0.000775 0.149063 300.000000 9.202454
1410 0.000571 0.148720 400.000000 8.368201
1410 0.000447 0.138908 500.000000 8.771930
1410 0.000355 0.122879 600.000000 8.670520
1410 0.000341 0.073824 700.000000 8.849558
1410 0.000294 0.048672 800.000000 8.978676
1420 0.001795 0.027902 100.000000 9.615385
1420 0.001144 0.122917 200.000000 8.510638
1420 0.000769 0.156849 300.000000 9.174312
1420 0.000574 0.150825 400.000000 8.385744
1420 0.000436 0.140048 500.000000 8.741259
1420 0.000356 0.118195 600.000000 8.559201
1420 0.000335 0.070833 700.000000 8.849558
1420 0.000272 0.048131 800.000000 8.064516
1430 0.002143 0.100474 100.000000 7.575758
1430 0.001138 0.132672 200.000000 8.510638
1430 0.000756 0.161807 300.000000 9.118541
1430 0.000568 0.151205 400.000000 8.385744
1430 0.000428 0.139523 500.000000 8.741259
1430 0.000380 0.112193 600.000000 8.522727
1430 0.000338 0.067334 700.000000 8.860760
1430 0.000272 0.043849 800.000000 7.984032
1440 0.002252 0.088964 100.000000 7.194244
1440 0.001152 0.146026 200.000000 8.547009
1440 0.000798 0.173997 300.000000 9.036144
1440 0.000577 0.155433 400.000000 8.403361
1440 0.000448 0.142660 500.000000 8.726004
1440 0.000389 0.109226 600.000000 8.522727
1440 0.000338 0.065640 700.000000 8.860760
1440 0.000295 0.040616 800.000000 7.968128
1450 0.002296 0.104273 100.000000 7.042253
1450 0.001160 0.160171 200.000000 8.547009
1450 0.000802 0.181923 300.000000 8.849558
1450 0.000581 0.158946 400.000000 8.403361
1450 0.000462 0.144556 500.000000 8.726004
1450 0.000395 0.105676 600.000000 8.534851
1450 0.000339 0.064065 700.000000 8.860760
1450 0.000293 0.037426 800.000000 7.968128
1460 0.002301 0.119468 100.000000 6.993007
1460 0.001165 0.174740 200.000000 8.510638
1460 0.000711 0.190001 300.000000 8.403361
1460 0.000578 0.161467 400.000000 8.385744
1460 0.000470 0.144770 500.000000 8.710801
1460 0.000391 0.100906 600.000000 8.534851
1460 0.000339 0.061683 700.000000 8.849558
1460 0.000295 0.033967 800.000000 7.968128
1470 0.002300 0.144684 100.000000 6.944445
1470 0.001159 0.186760 200.000000 8.510638
1470 0.000718 0.192422 300.000000 7.874016
1470 0.000573 0.163688 400.000000 8.368201
1470 0.000461 0.144903 500.000000 8.710801
1470 0.000390 0.096236 600.000000 8.534851
1470 0.000338 0.059039 700.000000 8.838384
1470 0.000294 0.030853 800.000000 7.968128
1480 0.002305 0.169411 100.000000 6.944445
1480 0.001163 0.199246 200.000000 8.510638
1480 0.000763 0.193781 300.000000 7.731959
1480 0.000578 0.166198 400.000000 8.368201
1480 0.000454 0.146093 500.000000 8.695652
1480 0.000391 0.092471 600.000000 8.547009
1480 0.000337 0.057170 700.000000 8.827238
1480 0.000293 0.027443 800.000000 7.960199
1490 0.002305 0.195525 100.000000 6.944445
1490 0.001164 0.211130 200.000000 8.547009
1490 0.000769 0.195563 300.000000 7.731959
1490 0.000578 0.169060 400.000000 8.368201
1490 0.000451 0.147828 500.000000 8.635578
1490 0.000392 0.088910 600.000000 8.559201
1490 0.000338 0.055775 700.000000 8.827238
1490 0.000294 0.024779 800.000000 7.968128
1500 0.001692 0.167484 100.000000 7.042253
1500 0.000860 0.162613 200.000000 8.620689
1500 0.000567 0.150586 300.000000 7.792208
1500 0.000413 0.138365 400.000000 8.385744
1500 0.000315 0.124235 500.000000 8.488964
1500 0.000302 0.077223 600.000000 8.595988
1500 0.000251 0.054212 700.000000 8.805032
1500 0.000220 0.028655 800.000000 7.984032
1510 0.000950 0.080145 100.000000 7.246377
1510 0.000498 0.086302 200.000000 8.733624
1510 0.000317 0.078744 300.000000 7.874016
1510 0.000223 0.073352 400.000000 8.438819
1510 0.000167 0.064195 500.000000 8.333333
1510 0.000171 0.038372 600.000000 8.645534
1510 0.000144 0.026454 700.000000 8.771930
1510 0.000129 0.012481 800.000000 8.008008
1520 0.000637 0.048192 100.000000 7.462687
1520 0.000322 0.048818 200.000000 8.849558
1520 0.000210 0.043491 300.000000 7.978724
1520 0.000132 0.043190 400.000000 8.510638
1520 0.000098 0.039499 500.000000 8.333333
1520 0.000115 0.024138 600.000000 8.695652
1520 0.000078 0.017708 700.000000 7.874016
1520 0.000084 0.008236 800.000000 8.040201
1530 0.000541 0.046244 100.000000 7.874016
1530 0.000279 0.041947 200.000000 9.090909
1530 0.000186 0.035159 300.000000 8.108109
1530 0.000109 0.034763 400.000000 8.620689
1530 0.000090 0.031091 500.000000 8.403361
1530 0.000105 0.019149 600.000000 8.784773
1530 0.000055 0.015195 700.000000 7.874016
1530 0.000076 0.006683 800.000000 8.088979
1540 0.000383 0.053493 100.000000 8.403361
1540 0.000193 0.031422 200.000000 9.433962
1540 0.000132 0.020582 300.000000 8.310249
1540 0.000070 0.021337 400.000000 8.771930
1540 0.000063 0.019589 500.000000 8.517887
1540 0.000077 0.011994 600.000000 8.888889
1540 0.000034 0.010264 700.000000 7.927520
1540 0.000056 0.006068 800.000000 8.154943
1550 0.000274 0.070540 100.000000 9.009009
1550 0.000133 0.026049 200.000000 9.756098
1550 0.000091 0.012228 300.000000 8.498584
1550 0.000039 0.012379 400.000000 8.908686
1550 0.000049 0.012159 500.000000 8.620689
1550 0.000057 0.009203 600.000000 8.995502
1550 0.000024 0.009195 700.000000 7.990868
1550 0.000042 0.007631 800.000000 8.221993
1560 0.000192 0.099954 100.000000 9.615385
1560 0.000094 0.034389 200.000000 10.050251
1560 0.000061 0.020485 300.000000 8.670520
1560 0.000018 0.016103 400.000000 9.049774
1560 0.000037 0.014120 500.000000 8.726004
1560 0.000045 0.013282 600.000000 9.090909
1560 0.000015 0.012866 700.000000 8.036739
1560 0.000027 0.011455 800.000000 8.281573
1570 0.000105 0.072414 100.000000 10.000000
1570 0.000068 0.039562 200.000000 10.256411
1570 0.000035 0.012793 300.000000 8.797654
1570 0.000006 0.010413 400.000000 9.132421
1570 0.000023 0.009145 500.000000 8.787346
1570 0.000032 0.009657 600.000000 9.160305
1570 0.000010 0.009835 700.000000 8.064516
1570 0.000019 0.008933 800.000000 8.316009
1580 0.000078 0.066891 100.000000 10.416667
1580 0.000077 0.037550 200.000000 10.256411
1580 0.000034 0.011169 300.000000 8.875740
1580 0.000019 0.010722 400.000000 9.195402
1580 0.000026 0.010595 500.000000 8.833922
1580 0.000020 0.010596 600.000000 9.202454
1580 0.000018 0.010860 700.000000 8.083141
1580 0.000015 0.008748 800.000000 8.350731
1590 0.000047 0.062909 100.000000 10.638298
1590 0.000060 0.021513 200.000000 10.050251
1590 0.000010 0.010507 300.000000 8.928572
1590 0.000014 0.010189 400.000000 9.237875
1590 0.000019 0.010187 500.000000 8.880995
1590 0.000015 0.009796 600.000000 9.230769
1590 0.000011 0.010003 700.000000 8.101851
1590 0.000011 0.007914 800.000000 8.368201
1600 0.000044 0.033601 100.000000 10.752688
1600 0.000088 0.008972 200.000000 9.433962
1600 0.000016 0.008694 300.000000 8.928572
1600 0.000019 0.008739 400.000000 9.259259
1600 0.000017 0.007561 500.000000 8.896797
1600 0.000013 0.007498 600.000000 9.244992
1600 0.000012 0.006741 700.000000 8.111239
1600 0.000012 0.005554 800.000000 8.376964
1610 0.000040 0.019466 100.000000 10.752688
1610 0.000083 0.011810 200.000000 8.510638
1610 0.000015 0.011698 300.000000 8.955224
1610 0.000017 0.009897 400.000000 9.259259
1610 0.000011 0.007335 500.000000 8.912656
1610 0.000014 0.007232 600.000000 9.244992
1610 0.000008 0.005776 700.000000 8.120649
1610 0.000012 0.005348 800.000000 8.376964
1620 0.000025 0.016868 100.000000 10.869565
1620 0.000050 0.011393 200.000000 8.196721
1620 0.000021 0.011922 300.000000 8.955224
1620 0.000020 0.009597 400.000000 9.259259
1620 0.000014 0.006884 500.000000 8.944544
1620 0.000012 0.007063 600.000000 9.244992
1620 0.000012 0.005775 700.000000 8.120649
1620 0.000009 0.005444 800.000000 8.368201
1630 0.000075 0.011355 100.000000 10.869565
1630 0.000019 0.017545 200.000000 8.130081
1630 0.000010 0.015385 300.000000 8.928572
1630 0.000013 0.013040 400.000000 9.195402
1630 0.000008 0.008529 500.000000 8.960573
1630 0.000011 0.007316 600.000000 9.216590
1630 0.000009 0.005695 700.000000 8.120649
1630 0.000011 0.005435 800.000000 8.368201
1640 0.000046 0.008162 100.000000 10.869565
1640 0.000031 0.020032 200.000000 8.163265
1640 0.000020 0.016300 300.000000 8.928572
1640 0.000033 0.014527 400.000000 8.908686
1640 0.000025 0.008878 500.000000 8.960573
1640 0.000011 0.007991 600.000000 9.174312
1640 0.000013 0.006238 700.000000 8.120649
1640 0.000011 0.005521 800.000000 8.376964
1650 0.000037 0.011468 100.000000 10.752688
1650 0.000010 0.020235 200.000000 8.196721
1650 0.000037 0.017240 300.000000 8.875740
1650 0.000033 0.011714 400.000000 8.583691
1650 0.000017 0.008063 500.000000 8.976661
1650 0.000007 0.007144 600.000000 8.941877
1650 0.000013 0.005609 700.000000 8.111239
1650 0.000010 0.005175 800.000000 8.376964
1660 0.000038 0.026000 100.000000 10.526316
1660 0.000019 0.021209 200.000000 8.196721
1660 0.000046 0.016647 300.000000 8.849558
1660 0.000016 0.009699 400.000000 8.510638
1660 0.000017 0.007374 500.000000 8.976661
1660 0.000025 0.006572 600.000000 7.822686
1660 0.000011 0.005741 700.000000 8.111239
1660 0.000009 0.005568 800.000000 8.368201
1670 0.000046 0.015017 100.000000 10.204082
1670 0.000014 0.018263 200.000000 8.230453
1670 0.000041 0.013116 300.000000 8.823529
1670 0.000014 0.008018 400.000000 8.492569
1670 0.000016 0.006543 500.000000 8.976661
1670 0.000011 0.005421 600.000000 7.792208
1670 0.000010 0.005256 700.000000 8.111239
1670 0.000010 0.005560 800.000000 8.350731
1680 0.000102 0.024637 100.000000 9.708738
1680 0.000026 0.019406 200.000000 8.230453
1680 0.000019 0.012360 300.000000 8.823529
1680 0.000014 0.007690 400.000000 8.492569
1680 0.000012 0.006984 500.000000 8.976661
1680 0.000012 0.005215 600.000000 7.782101
1680 0.000010 0.005336 700.000000 8.111239
1680 0.000012 0.005797 800.000000 8.342023
1690 0.000120 0.022106 100.000000 8.620689
1690 0.000016 0.022724 200.000000 8.196721
1690 0.000017 0.014322 300.000000 8.823529
1690 0.000014 0.008880 400.000000 8.510638
1690 0.000010 0.007908 500.000000 8.976661
1690 0.000010 0.005245 600.000000 7.782101
1690 0.000009 0.005578 700.000000 8.111239
1690 0.000009 0.005794 800.000000 8.333333
1700 0.000147 0.038463 100.000000 7.042253
1700 0.000017 0.022982 200.000000 8.196721
1700 0.000016 0.014451 300.000000 8.797654
1700 0.000005 0.008908 400.000000 8.510638
1700 0.000010 0.007621 500.000000 8.960573
1700 0.000007 0.004978 600.000000 7.782101
1700 0.000009 0.005501 700.000000 8.101851
1700 0.000008 0.005978 800.000000 8.333333
1710 0.000091 0.034178 100.000000 6.493506
1710 0.000023 0.023322 200.000000 8.163265
1710 0.000021 0.014860 300.000000 8.771930
1710 0.000010 0.008882 400.000000 8.528785
1710 0.000009 0.007410 500.000000 8.944544
1710 0.000009 0.005447 600.000000 7.782101
1710 0.000007 0.005975 700.000000 8.092485
1710 0.000011 0.006923 800.000000 8.333333
1720 0.000041 0.038087 100.000000 6.410256
1720 0.000020 0.022915 200.000000 8.130081
1720 0.000022 0.015826 300.000000 8.695652
1720 0.000005 0.009126 400.000000 8.547009
1720 0.000010 0.007073 500.000000 8.928572
1720 0.000010 0.005392 600.000000 7.772021
1720 0.000011 0.005630 700.000000 8.083141
1720 0.000009 0.007161 800.000000 8.333333
1730 0.000048 0.035479 100.000000 6.451613
1730 0.000029 0.020316 200.000000 8.130081
1730 0.000055 0.015346 300.000000 8.379889
1730 0.000027 0.007520 400.000000 8.547009
1730 0.000009 0.005867 500.000000 8.865249
1730 0.000008 0.004392 600.000000 7.772021
1730 0.000006 0.004493 700.000000 8.092485
1730 0.000008 0.007027 800.000000 8.324662
1740 0.000065 0.034772 100.000000 6.535948
1740 0.000065 0.019115 200.000000 8.130081
1740 0.000058 0.010387 300.000000 8.021390
1740 0.000016 0.006605 400.000000 8.583691
1740 0.000008 0.006467 500.000000 8.695652
1740 0.000013 0.005175 600.000000 7.782101
1740 0.000008 0.005567 700.000000 8.101851
1740 0.000012 0.008164 800.000000 8.316009
1750 0.000015 0.033304 100.000000 6.622517
1750 0.000065 0.020045 200.000000 8.130081
1750 0.000039 0.008541 300.000000 7.978724
1750 0.000018 0.005703 400.000000 8.620689
1750 0.000042 0.005122 500.000000 7.440476
1750 0.000011 0.004110 600.000000 7.792208
1750 0.000011 0.004662 700.000000 8.111239
1750 0.000012 0.006519 800.000000 8.324662
1760 0.000042 0.013704 100.000000 6.711410
1760 0.000076 0.011464 200.000000 8.163265
1760 0.000011 0.005714 300.000000 7.978724
1760 0.000023 0.006136 400.000000 8.658009
1760 0.000024 0.006514 500.000000 7.418397
1760 0.000008 0.004842 600.000000 7.802341
1760 0.000011 0.005272 700.000000 8.120649
1760 0.000014 0.006129 800.000000 8.342023
1770 0.000099 0.049438 100.000000 6.849315
1770 0.000077 0.020471 200.000000 8.230453
1770 0.000027 0.009826 300.000000 8.042895
1770 0.000009 0.007826 400.000000 8.695652
1770 0.000015 0.006458 500.000000 7.429420
1770 0.000012 0.007002 600.000000 7.832898
1770 0.000009 0.008442 700.000000 8.130081
1770 0.000005 0.007889 800.000000 8.368201
1780 0.000099 0.011223 100.000000 7.042253
1780 0.000068 0.006031 200.000000 8.368201
1780 0.000021 0.007819 300.000000 8.108109
1780 0.000013 0.007605 400.000000 8.771930
1780 0.000016 0.009595 500.000000 7.462687
1780 0.000013 0.006252 600.000000 7.874016
1780 0.000012 0.007971 700.000000 8.158508
1780 0.000006 0.006494 800.000000 8.403361
1790 0.000088 0.013847 100.000000 7.246377
1790 0.000042 0.003526 200.000000 8.547009
1790 0.000012 0.005240 300.000000 8.219178
1790 0.000008 0.005520 400.000000 8.869180
1790 0.000013 0.007532 500.000000 7.518797
1790 0.000007 0.005120 600.000000 7.926024
1790 0.000003 0.006850 700.000000 8.196721
1790 0.000003 0.005727 800.000000 8.447730
1800 0.000049 0.028909 100.000000 7.575758
1800 0.000038 0.014238 200.000000 8.733624
1800 0.000034 0.006801 300.000000 8.356546
1800 0.000023 0.005919 400.000000 8.968610
1800 0.000016 0.003765 500.000000 7.587254
1800 0.000015 0.003629 600.000000 7.978724
1800 0.000015 0.004343 700.000000 8.244994
1800 0.000013 0.004277 800.000000 8.501594
1810 0.000173 0.036082 100.000000 7.936508
1810 0.000106 0.024612 200.000000 9.009009
1810 0.000072 0.015116 300.000000 8.522727
1810 0.000056 0.012814 400.000000 9.111617
1810 0.000044 0.009084 500.000000 7.656968
1810 0.000039 0.007308 600.000000 8.053691
1810 0.000034 0.005543 700.000000 8.313540
1810 0.000029 0.006914 800.000000 8.565310
1820 0.000153 0.019365 100.000000 8.474576
1820 0.000092 0.016806 200.000000 9.302325
1820 0.000063 0.010406 300.000000 8.720930
1820 0.000053 0.010144 400.000000 9.259259
1820 0.000040 0.008526 500.000000 7.751938
1820 0.000036 0.006974 600.000000 8.130081
1820 0.000032 0.006265 700.000000 8.383233
1820 0.000027 0.007622 800.000000 8.629990
1830 0.000071 0.010985 100.000000 9.009009
1830 0.000044 0.008183 200.000000 9.615385
1830 0.000039 0.004530 300.000000 8.902077
1830 0.000035 0.005464 400.000000 9.411765
1830 0.000024 0.006000 500.000000 7.836991
1830 0.000023 0.005210 600.000000 8.207934
1830 0.000020 0.005917 700.000000 8.464329
1830 0.000017 0.006636 800.000000 8.695652
1840 0.000134 0.023247 100.000000 9.615385
1840 0.000076 0.018232 200.000000 9.950249
1840 0.000061 0.010133 300.000000 9.118541
1840 0.000053 0.009495 400.000000 9.569378
1840 0.000038 0.007407 500.000000 7.923930
1840 0.000035 0.006292 600.000000 8.287292
1840 0.000030 0.005942 700.000000 8.536586
1840 0.000027 0.007258 800.000000 8.771930
1850 0.000142 0.029589 100.000000 10.204082
1850 0.000075 0.021925 200.000000 10.309278
1850 0.000064 0.011694 300.000000 9.287926
1850 0.000054 0.009574 400.000000 9.708738
1850 0.000040 0.006888 500.000000 8.012820
1850 0.000036 0.005721 600.000000 8.356546
1850 0.000031 0.005368 700.000000 8.610086
1850 0.000026 0.006905 800.000000 8.830022
1860 0.000066 0.023252 100.000000 10.752688
1860 0.000031 0.016276 200.000000 10.526316
1860 0.000036 0.007213 300.000000 9.433962
1860 0.000034 0.005601 400.000000 9.828010
1860 0.000021 0.004155 500.000000 8.064516
1860 0.000018 0.003874 600.000000 8.403361
1860 0.000019 0.005591 700.000000 8.663366
1860 0.000014 0.005156 800.000000 8.879024
1870 0.000014 0.014795 100.000000 10.869565
1870 0.000020 0.012851 200.000000 10.582010
1870 0.000012 0.006207 300.000000 9.523809
1870 0.000017 0.006529 400.000000 9.852217
1870 0.000009 0.005709 500.000000 8.090615
1870 0.000010 0.005824 600.000000 8.426967
1870 0.000009 0.008139 700.000000 8.684863
1880 0.000007 0.013648 100.000000 10.869565
1880 0.000049 0.015165 200.000000 10.152285
1880 0.000032 0.007601 300.000000 9.554140
1880 0.000016 0.007986 400.000000 9.803922
1880 0.000012 0.006132 500.000000 8.090615
1880 0.000012 0.006211 600.000000 8.426967
1880 0.000011 0.009031 700.000000 8.674102
1890 0.000057 0.012026 100.000000 10.638298
1890 0.000056 0.009755 200.000000 9.049774
1890 0.000029 0.006830 300.000000 9.523809
1890 0.000016 0.008434 400.000000 9.546539
1890 0.000017 0.005944 500.000000 8.077544
1890 0.000013 0.006434 600.000000 8.426967
1890 0.000015 0.009576 700.000000 8.641975
1900 0.000127 0.012541 100.000000 10.416667
1900 0.000045 0.007403 200.000000 8.810573
1900 0.000026 0.007734 300.000000 9.523809
1900 0.000045 0.007386 400.000000 7.648183
1900 0.000011 0.006395 500.000000 8.051530
1900 0.000012 0.007307 600.000000 8.415147
1900 0.000014 0.009284 700.000000 8.631319
1910 0.000113 0.009505 100.000000 10.204082
1910 0.000010 0.006576 200.000000 8.733624
1910 0.000032 0.008092 300.000000 9.523809
1910 0.000013 0.008821 400.000000 7.575758
1910 0.000011 0.006673 500.000000 8.038586
1910 0.000013 0.007825 600.000000 8.391608
1910 0.000013 0.008390 700.000000 8.620689
1920 0.000049 0.009670 100.000000 10.204082
1920 0.000017 0.009642 200.000000 8.733624
1920 0.000016 0.008710 300.000000 9.523809
1920 0.000006 0.010360 400.000000 7.561437
1920 0.000004 0.006877 500.000000 8.051530
1920 0.000004 0.008340 600.000000 8.368201
1920 0.000006 0.006997 700.000000 8.620689
1930 0.000032 0.011602 100.000000 10.204082
1930 0.000032 0.009165 200.000000 8.771930
1930 0.000023 0.007899 300.000000 9.523809
1930 0.000010 0.009736 400.000000 7.561437
1930 0.000010 0.006565 500.000000 8.051530
1930 0.000013 0.007653 600.000000 8.356546
1930 0.000009 0.006802 700.000000 8.631319
1940 0.000025 0.011915 100.000000 10.204082
1940 0.000029 0.008536 200.000000 8.810573
1940 0.000023 0.007975 300.000000 9.523809
1940 0.000015 0.009221 400.000000 7.575758
1940 0.000015 0.006739 500.000000 8.051530
1940 0.000014 0.007878 600.000000 8.368201
1940 0.000010 0.007281 700.000000 8.641975
1950 0.000026 0.012667 100.000000 10.204082
1950 0.000027 0.008604 200.000000 8.849558
1950 0.000023 0.008569 300.000000 9.523809
1950 0.000014 0.008803 400.000000 7.575758
1950 0.000016 0.006883 500.000000 8.038586
1950 0.000016 0.008424 600.000000 8.368201
1950 0.000011 0.006854 700.000000 8.652658
1960 0.000054 0.015220 100.000000 10.101010
1960 0.000010 0.008571 200.000000 8.888889
1960 0.000018 0.009247 300.000000 9.493670
1960 0.000010 0.007990 400.000000 7.575758
1960 0.000009 0.006938 500.000000 8.038586
1960 0.000009 0.009312 600.000000 8.379889
1970 0.000087 0.017556 100.000000 9.433962
1970 0.000051 0.008033 200.000000 8.968610
1970 0.000020 0.009466 300.000000 9.463722
1970 0.000014 0.007222 400.000000 7.590133
1970 0.000014 0.006845 500.000000 8.051530
1970 0.000012 0.009917 600.000000 8.379889
1980 0.000114 0.012569 100.000000 8.000000
1980 0.000069 0.008415 200.000000 9.009009
1980 0.000040 0.010689 300.000000 9.287926
1980 0.000031 0.007913 400.000000 7.590133
1980 0.000026 0.007575 500.000000 8.064516
1980 0.000026 0.010380 600.000000 8.368201
1990 0.000063 0.011217 100.000000 7.633588
1990 0.000083 0.009512 200.000000 9.049774
1990 0.000015 0.010847 300.000000 7.109005
1990 0.000042 0.009914 400.000000 7.604563
1990 0.000037 0.010053 500.000000 8.077544
1990 0.000035 0.012134 600.000000 8.368201
2000 0.000136 0.007427 100.000000 7.518797
2000 0.000111 0.010160 200.000000 9.132421
2000 0.000014 0.011970 300.000000 6.976744
2000 0.000045 0.010507 400.000000 7.604563
2000 0.000040 0.010734 500.000000 8.077544
2000 0.000037 0.012236 600.000000 8.379889
2010 0.000121 0.006738 100.000000 7.575758
2010 0.000082 0.010224 200.000000 9.132421
2010 0.000044 0.012059 300.000000 6.944445
2010 0.000034 0.009494 400.000000 7.619048
2010 0.000030 0.009829 500.000000 8.064516
2010 0.000028 0.010342 600.000000 8.391608
2020 0.000073 0.010500 100.000000 7.575758
2020 0.000039 0.007668 200.000000 9.174312
2020 0.000017 0.010989 300.000000 6.944445
2020 0.000016 0.006277 400.000000 7.633588
2020 0.000018 0.007193 500.000000 8.051530
2020 0.000014 0.006555 600.000000 8.403361
2030 0.000021 0.011907 100.000000 7.633588
2030 0.000016 0.006765 200.000000 9.132421
2030 0.000011 0.010218 300.000000 6.944445
2030 0.000004 0.005457 400.000000 7.633588
2030 0.000005 0.007843 500.000000 8.051530
2030 0.000003 0.006210 600.000000 8.403361
2040 0.000049 0.010711 100.000000 7.692307
2040 0.000039 0.007205 200.000000 9.132421
2040 0.000020 0.008993 300.000000 6.944445
2040 0.000016 0.005492 400.000000 7.619048
2040 0.000013 0.007740 500.000000 8.051530
2040 0.000011 0.006336 600.000000 8.415147
2050 0.000045 0.012161 100.000000 7.751938
2050 0.000036 0.009544 200.000000 9.132421
2050 0.000014 0.009319 300.000000 6.960557
2050 0.000012 0.006307 400.000000 7.619048
2050 0.000015 0.008597 500.000000 8.064516
2060 0.000077 0.017370 100.000000 7.936508
2060 0.000053 0.013819 200.000000 9.174312
2060 0.000029 0.011755 300.000000 6.993007
2060 0.000025 0.008698 400.000000 7.648183
2060 0.000022 0.009975 500.000000 8.090615
2070 0.000135 0.022125 100.000000 8.196721
2070 0.000063 0.017237 200.000000 9.302325
2070 0.000037 0.013625 300.000000 7.058824
2070 0.000031 0.010593 400.000000 7.707129
2070 0.000026 0.011208 500.000000 8.143323
2080 0.000227 0.030072 100.000000 8.620689
2080 0.000090 0.023646 200.000000 9.478673
2080 0.000063 0.018683 300.000000 7.142857
2080 0.000047 0.015540 400.000000 7.797271
2080 0.000041 0.015009 500.000000 8.210180
2090 0.000246 0.033232 100.000000 9.259259
2090 0.000096 0.025791 200.000000 9.756098
2090 0.000068 0.019997 300.000000 7.263923
2090 0.000051 0.016821 400.000000 7.905138
2090 0.000045 0.016074 500.000000 8.305648
2100 0.000244 0.031894 100.000000 9.900990
2100 0.000110 0.025870 200.000000 9.950249
2100 0.000074 0.020154 300.000000 7.389163
2100 0.000056 0.017097 400.000000 8.016032
2100 0.000049 0.016732 500.000000 8.389262
2110 0.000195 0.023137 100.000000 10.526316
2110 0.000079 0.021861 200.000000 9.950249
2110 0.000069 0.015618 300.000000 7.500000
2110 0.000045 0.013567 400.000000 8.113590
2110 0.000043 0.014345 500.000000 8.474576
2120 0.000226 0.024301 100.000000 10.989011
2120 0.000041 0.022098 200.000000 6.849315
2120 0.000076 0.017762 300.000000 7.575758
2120 0.000061 0.015783 400.000000 8.179959
2120 0.000055 0.016356 500.000000 8.517887
2130 0.000119 0.011206 100.000000 11.235955
2130 0.000065 0.010233 200.000000 6.688963
2130 0.000026 0.006974 300.000000 7.594937
2130 0.000022 0.007948 400.000000 8.213552
2130 0.000024 0.010354 500.000000 8.547009
2140 0.000071 0.008432 100.000000 11.363636
2140 0.000007 0.010556 200.000000 6.644518
2140 0.000009 0.004708 300.000000 7.614213
2140 0.000013 0.007831 400.000000 8.196721
2140 0.000012 0.007369 500.000000 8.561644
2150 0.000019 0.008631 100.000000 11.363636
2150 0.000018 0.012086 200.000000 6.622517
2150 0.000008 0.006096 300.000000 7.614213
2150 0.000006 0.009074 400.000000 8.146640
2150 0.000007 0.006914 500.000000 8.561644
2160 0.000025 0.009121 100.000000 11.235955
2160 0.000025 0.011166 200.000000 6.622517
2160 0.000006 0.007134 300.000000 7.594937
2160 0.000005 0.010191 400.000000 8.130081
2160 0.000005 0.008053 500.000000 8.561644
2170 0.000051 0.007161 100.000000 11.111111
2170 0.000013 0.008359 200.000000 6.600660
2170 0.000012 0.005483 300.000000 7.575758
2170 0.000009 0.009527 400.000000 8.130081
2170 0.000009 0.006794 500.000000 8.547009
2180 0.000041 0.012828 100.000000 10.869565
2180 0.000029 0.009201 200.000000 6.578948
2180 0.000012 0.008284 300.000000 7.537688
2180 0.000012 0.012348 400.000000 8.130081
2190 0.000032 0.012863 100.000000 10.526316
2190 0.000014 0.007364 200.000000 6.557377
2190 0.000009 0.008264 300.000000 7.518797
2190 0.000011 0.013878 400.000000 8.097166
2200 0.000044 0.014191 100.000000 9.900990
2200 0.000018 0.006479 200.000000 6.535948
2200 0.000014 0.009500 300.000000 7.518797
2200 0.000010 0.016240 400.000000 8.064516
2210 0.000232 0.010712 100.000000 4.901961
2210 0.000032 0.006513 200.000000 6.514658
2210 0.000014 0.009320 300.000000 7.518797
2210 0.000013 0.014537 400.000000 8.032128
2220 0.000196 0.014989 100.000000 4.694836
2220 0.000037 0.007665 200.000000 6.493506
2220 0.000010 0.011757 300.000000 7.481297
2220 0.000009 0.013696 400.000000 8.032128
2230 0.000036 0.016850 100.000000 4.651163
2230 0.000016 0.005114 200.000000 6.493506
2230 0.000020 0.010363 300.000000 7.444169
2230 0.000010 0.007895 400.000000 8.032128
2240 0.000044 0.018558 100.000000 4.651163
2240 0.000008 0.005790 200.000000 6.514658
2240 0.000007 0.010499 300.000000 7.425743
2240 0.000003 0.007269 400.000000 8.048289
2250 0.000053 0.017035 100.000000 4.651163
2250 0.000021 0.006487 200.000000 6.514658
2250 0.000012 0.011265 300.000000 7.425743
2250 0.000009 0.007812 400.000000 8.064516
2260 0.000063 0.011063 100.000000 4.672897
2260 0.000016 0.007206 200.000000 6.514658
2260 0.000014 0.012419 300.000000 7.444169
2260 0.000014 0.008235 400.000000 8.064516
2270 0.000030 0.006817 100.000000 4.672897
2270 0.000027 0.007446 200.000000 6.493506
2270 0.000014 0.013665 300.000000 7.462687
2280 0.000060 0.004709 100.000000 4.716981
2280 0.000037 0.008213 200.000000 6.535948
2280 0.000028 0.015250 300.000000 7.481297
2290 0.000040 0.005187 100.000000 4.761905
2290 0.000014 0.008872 200.000000 6.578948
2290 0.000020 0.016867 300.000000 7.518797
2300 0.000045 0.009185 100.000000 4.854369
2300 0.000034 0.010582 200.000000 6.688963
2300 0.000024 0.018598 300.000000 7.575758
2310 0.000066 0.009776 100.000000 5.000000
2310 0.000012 0.010260 200.000000 6.825939
2310 0.000022 0.018168 300.000000 7.692307
2320 0.000132 0.004937 100.000000 5.181347
2320 0.000058 0.010618 200.000000 7.017544
2320 0.000049 0.019354 300.000000 7.832898
2330 0.000053 0.010750 100.000000 5.434783
2330 0.000018 0.011271 200.000000 7.246377
2330 0.000014 0.019524 300.000000 8.021390
2340 0.000056 0.011212 100.000000 5.747127
2340 0.000019 0.011538 200.000000 7.518797
2340 0.000016 0.019692 300.000000 8.241758
2350 0.000056 0.010173 100.000000 6.097561
2350 0.000019 0.011454 200.000000 7.812500
2350 0.000016 0.019715 300.000000 8.474576
2360 0.000054 0.008709 100.000000 6.493506
2360 0.000018 0.011313 200.000000 8.130081
2360 0.000015 0.019705 300.000000 8.720930
2370 0.000054 0.007712 100.000000 6.944445
2370 0.000017 0.011323 200.000000 8.474576
2370 0.000014 0.019725 300.000000 8.982036
2380 0.000054 0.007792 100.000000 7.462687
2380 0.000016 0.011579 200.000000 8.849558
2380 0.000012 0.019820 300.000000 9.259259
2390 0.000056 0.008519 100.000000 8.064516
2390 0.000015 0.011778 200.000000 9.259259
2390 0.000012 0.019826 300.000000 9.554140
2400 0.000071 0.007561 100.000000 8.771930
2400 0.000022 0.010773 200.000000 9.708738
2400 0.000022 0.019192 300.000000 9.868421
2410 0.000200 0.011715 100.000000 9.433962
2410 0.000103 0.017035 200.000000 10.101010
2410 0.000077 0.023084 300.000000 10.101010
2420 0.000249 0.022443 100.000000 10.000000
2420 0.000131 0.024447 200.000000 10.362695
2420 0.000096 0.027168 300.000000 10.309278
2430 0.000178 0.007403 100.000000 10.416667
2430 0.000098 0.014944 200.000000 10.582010
2430 0.000073 0.018533 300.000000 10.452962
2440 0.000025 0.010870 100.000000 10.638298
2440 0.000027 0.012543 200.000000 10.582010
2440 0.000019 0.009288 300.000000 10.526316
2450 0.000017 0.015028 100.000000 10.638298
2450 0.000014 0.013257 200.000000 10.526316
2450 0.000016 0.008471 300.000000 10.563380
2460 0.000035 0.013984 100.000000 10.638298
2460 0.000023 0.013428 200.000000 10.471204
2460 0.000014 0.007798 300.000000 10.600707
2470 0.000036 0.012954 100.000000 10.638298
2470 0.000022 0.014858 200.000000 10.526316
2470 0.000017 0.009616 300.000000 10.600707
2480 0.000010 0.012706 100.000000 10.526316
2480 0.000021 0.017413 200.000000 10.526316
2490 0.000021 0.011535 100.000000 10.526316
2490 0.000029 0.020105 200.000000 10.526316
2500 0.000022 0.014069 100.000000 10.526316
2500 0.000014 0.024190 200.000000 10.471204
2510 0.000024 0.017505 100.000000 10.638298
2510 0.000011 0.026517 200.000000 10.416667
2520 0.000022 0.018897 100.000000 10.638298
2520 0.000025 0.022292 200.000000 10.416667
2530 0.000029 0.021275 100.000000 10.526316
2530 0.000020 0.016981 200.000000 10.416667
2540 0.000015 0.022291 100.000000 10.204082
2540 0.000011 0.008624 200.000000 10.416667
2550 0.000039 0.019573 100.000000 10.101010
2550 0.000012 0.008013 200.000000 10.471204
2560 0.000020 0.022183 100.000000 10.204082
2560 0.000018 0.011080 200.000000 10.526316
2570 0.000073 0.024142 100.000000 10.309278
2570 0.000028 0.007050 200.000000 10.582010
2580 0.000029 0.027265 100.000000 10.416667
2590 0.000018 0.033766 100.000000 10.309278
2600 0.000035 0.036715 100.000000 10.101010
2610 0.000027 0.026034 100.000000 10.000000
2620 0.000038 0.018215 100.000000 10.101010
2630 0.000029 0.003651 100.000000 10.309278
2640 0.000032 0.005542 100.000000 10.526316
2650 0.000015 0.007358 100.000000 10.638298
2660 0.000015 0.007872 100.000000 10.638298
