0 0.000166 0.148139 100.000000 11.627907
0 0.000082 0.078393 200.000000 12.048193
0 0.000120 0.054249 300.000000 10.273973
0 0.000036 0.038301 400.000000 10.282776
0 0.000031 0.028927 500.000000 10.330579
0 0.000023 0.019810 600.000000 10.771993
0 0.000020 0.010867 700.000000 11.128776
0 0.000018 0.017819 800.000000 10.796222
10 0.000094 0.028511 100.000000 11.627907
10 0.000046 0.018883 200.000000 12.048193
10 0.000101 0.012449 300.000000 9.771987
10 0.000020 0.009678 400.000000 10.335917
10 0.000019 0.007941 500.000000 10.309278
10 0.000016 0.007540 600.000000 10.791367
10 0.000015 0.012937 700.000000 11.146497
10 0.000010 0.008361 800.000000 10.796222
20 0.000041 0.010079 100.000000 11.764706
20 0.000018 0.011220 200.000000 11.904762
20 0.000069 0.008700 300.000000 9.615385
20 0.000009 0.007151 400.000000 10.362695
20 0.000012 0.007165 500.000000 10.330579
20 0.000009 0.010199 600.000000 10.830325
20 0.000008 0.016738 700.000000 11.164274
20 0.000004 0.007957 800.000000 10.810811
30 0.000018 0.012261 100.000000 11.764706
30 0.000009 0.013243 200.000000 11.494253
30 0.000023 0.009648 300.000000 9.615385
30 0.000011 0.007730 400.000000 10.416667
30 0.000013 0.007404 500.000000 10.373444
30 0.000009 0.010947 600.000000 10.849910
30 0.000011 0.017896 700.000000 11.164274
30 0.000006 0.007679 800.000000 10.825439
40 0.000038 0.014460 100.000000 11.904762
40 0.000005 0.017538 200.000000 11.049724
40 0.000015 0.009798 300.000000 9.615385
40 0.000011 0.008377 400.000000 10.443864
40 0.000012 0.007824 500.000000 10.416667
40 0.000012 0.011761 600.000000 10.889292
40 0.000014 0.018965 700.000000 11.164274
40 0.000002 0.007254 800.000000 10.854816
50 0.000007 0.013396 100.000000 11.904762
50 0.000018 0.019942 200.000000 10.752688
50 0.000016 0.008787 300.000000 9.646302
50 0.000013 0.007985 400.000000 10.416667
50 0.000013 0.007924 500.000000 10.438414
50 0.000013 0.013022 600.000000 10.909091
50 0.000017 0.019260 700.000000 11.093502
50 0.000003 0.007380 800.000000 10.884354
60 0.000012 0.014114 100.000000 12.048193
60 0.000011 0.019868 200.000000 10.526316
60 0.000012 0.008800 300.000000 9.708738
60 0.000014 0.008018 400.000000 10.282776
60 0.000014 0.008336 500.000000 10.482181
60 0.000013 0.013844 600.000000 10.948905
60 0.000047 0.008029 700.000000 10.869565
60 0.000003 0.007167 800.000000 10.914052
70 0.000020 0.012482 100.000000 12.048193
70 0.000011 0.020674 200.000000 10.309278
70 0.000009 0.007460 300.000000 9.740260
70 0.000009 0.007459 400.000000 10.126582
70 0.000009 0.008978 500.000000 10.526316
70 0.000009 0.015307 600.000000 10.968922
70 0.000041 0.008297 700.000000 10.719755
70 0.000004 0.007265 800.000000 10.943913
80 0.000015 0.014735 100.000000 12.195122
80 0.000094 0.015943 200.000000 9.900990
80 0.000013 0.008154 300.000000 9.803922
80 0.000012 0.007413 400.000000 10.025063
80 0.000010 0.009340 500.000000 10.570825
80 0.000014 0.016050 600.000000 11.009174
80 0.000003 0.007282 700.000000 10.654490
80 0.000002 0.006735 800.000000 10.973937
90 0.000023 0.015754 100.000000 12.195122
90 0.000153 0.013268 200.000000 9.174312
90 0.000019 0.007370 300.000000 9.868421
90 0.000021 0.007006 400.000000 10.000000
90 0.000015 0.010056 500.000000 10.593221
90 0.000016 0.017237 600.000000 11.029411
90 0.000007 0.007493 700.000000 10.654490
90 0.000006 0.006701 800.000000 11.004127
100 0.000011 0.014810 100.000000 12.048193
100 0.000103 0.009375 200.000000 8.810573
100 0.000022 0.006941 300.000000 9.933775
100 0.000021 0.006994 400.000000 10.000000
100 0.000017 0.011161 500.000000 10.615711
100 0.000015 0.018833 600.000000 11.049724
100 0.000005 0.007599 700.000000 10.654490
100 0.000005 0.006565 800.000000 11.019283
110 0.000025 0.015635 100.000000 11.363636
110 0.000063 0.010923 200.000000 8.733624
110 0.000019 0.006623 300.000000 9.966778
110 0.000018 0.006586 400.000000 10.025063
110 0.000015 0.011593 500.000000 10.638298
110 0.000014 0.019636 600.000000 11.049724
110 0.000005 0.007156 700.000000 10.670732
110 0.000006 0.006218 800.000000 11.034483
120 0.000018 0.019088 100.000000 10.416667
120 0.000018 0.006881 200.000000 8.733624
120 0.000016 0.006373 300.000000 10.000000
120 0.000015 0.007933 400.000000 10.050251
120 0.000012 0.013813 500.000000 10.660981
120 0.000013 0.022246 600.000000 11.029411
120 0.000002 0.007451 700.000000 10.703364
120 0.000005 0.006204 800.000000 11.049724
130 0.000034 0.031411 100.000000 9.803922
130 0.000028 0.007275 200.000000 8.771930
130 0.000015 0.006376 300.000000 9.966778
130 0.000014 0.008273 400.000000 10.075566
130 0.000016 0.015424 500.000000 10.683761
130 0.000009 0.025189 600.000000 10.968922
130 0.000004 0.007341 700.000000 10.719755
130 0.000005 0.005998 800.000000 11.049724
140 0.000027 0.028881 100.000000 9.345795
140 0.000020 0.007041 200.000000 8.771930
140 0.000020 0.006356 300.000000 9.803922
140 0.000017 0.008948 400.000000 10.126582
140 0.000016 0.016677 500.000000 10.706638
140 0.000053 0.007539 600.000000 10.733453
140 0.000004 0.007008 700.000000 10.752688
140 0.000006 0.005718 800.000000 11.065007
150 0.000013 0.031734 100.000000 8.928572
150 0.000022 0.006598 200.000000 8.810573
150 0.000023 0.006021 300.000000 9.584664
150 0.000019 0.009915 400.000000 10.152285
150 0.000017 0.017920 500.000000 10.729613
150 0.000055 0.006790 600.000000 10.507881
150 0.000003 0.006448 700.000000 10.769231
150 0.000004 0.005410 800.000000 11.065007
160 0.000197 0.017548 100.000000 8.264462
160 0.000016 0.005593 200.000000 8.849558
160 0.000012 0.006790 300.000000 9.404388
160 0.000012 0.011336 400.000000 10.178117
160 0.000015 0.019817 500.000000 10.752688
160 0.000004 0.007857 600.000000 10.416667
160 0.000004 0.006792 700.000000 10.802469
160 0.000006 0.005743 800.000000 11.065007
170 0.000369 0.011515 100.000000 7.299270
170 0.000019 0.004954 200.000000 8.928572
170 0.000024 0.006875 300.000000 9.375000
170 0.000013 0.012834 400.000000 10.204082
170 0.000016 0.021620 500.000000 10.775862
170 0.000004 0.007336 600.000000 10.398614
170 0.000003 0.006395 700.000000 10.819165
170 0.000007 0.005654 800.000000 11.080333
180 0.000219 0.005003 100.000000 6.896552
180 0.000030 0.003670 200.000000 9.049774
180 0.000023 0.005857 300.000000 9.404388
180 0.000019 0.013269 400.000000 10.256411
180 0.000018 0.022566 500.000000 10.822511
180 0.000006 0.006982 600.000000 10.416667
180 0.000004 0.005744 700.000000 10.852714
180 0.000008 0.005925 800.000000 11.080333
190 0.000162 0.006431 100.000000 6.896552
190 0.000031 0.003873 200.000000 9.174312
190 0.000027 0.006841 300.000000 9.493670
190 0.000019 0.014772 400.000000 10.362695
190 0.000017 0.023944 500.000000 10.893247
190 0.000005 0.007557 600.000000 10.471204
190 0.000005 0.005929 700.000000 10.920437
190 0.000007 0.006219 800.000000 11.095700
200 0.000111 0.006663 100.000000 7.092198
200 0.000022 0.003089 200.000000 9.389671
200 0.000018 0.006585 300.000000 9.646302
200 0.000012 0.015031 400.000000 10.471204
200 0.000013 0.024818 500.000000 10.989011
200 0.000003 0.006934 600.000000 10.563380
200 0.000004 0.005458 700.000000 10.989011
200 0.000006 0.006640 800.000000 11.142061
210 0.000017 0.009845 100.000000 7.299270
210 0.000019 0.005622 200.000000 9.615385
210 0.000013 0.010022 300.000000 9.803922
210 0.000011 0.017660 400.000000 10.610080
210 0.000011 0.027521 500.000000 11.086474
210 0.000003 0.007894 600.000000 10.676157
210 0.000005 0.005747 700.000000 11.075950
210 0.000005 0.005770 800.000000 11.204482
220 0.000036 0.018841 100.000000 7.575758
220 0.000019 0.008070 200.000000 9.803922
220 0.000017 0.012415 300.000000 9.966778
220 0.000016 0.020198 400.000000 10.752688
220 0.000015 0.029761 500.000000 11.160714
220 0.000003 0.008567 600.000000 10.771993
220 0.000004 0.005954 700.000000 11.164274
220 0.000010 0.005547 800.000000 11.267606
230 0.000018 0.031639 100.000000 7.812500
230 0.000013 0.013508 200.000000 10.000000
230 0.000009 0.017345 300.000000 10.135135
230 0.000009 0.024966 400.000000 10.899182
230 0.000007 0.033598 500.000000 11.210762
230 0.000007 0.010699 600.000000 10.869565
230 0.000007 0.007364 700.000000 11.235955
230 0.000007 0.005544 800.000000 11.315417
240 0.000034 0.035707 100.000000 8.064516
240 0.000017 0.016416 200.000000 10.050251
240 0.000017 0.019461 300.000000 10.273973
240 0.000014 0.026877 400.000000 11.019283
240 0.000064 0.013188 500.000000 11.135858
240 0.000003 0.010642 600.000000 10.948905
240 0.000002 0.006899 700.000000 11.308562
240 0.000004 0.005189 800.000000 11.363636
250 0.000021 0.028567 100.000000 8.333333
250 0.000019 0.014130 200.000000 10.000000
250 0.000016 0.018690 300.000000 10.416667
250 0.000017 0.026609 400.000000 11.142061
250 0.000068 0.009372 500.000000 10.964912
250 0.000003 0.009880 600.000000 11.029411
250 0.000005 0.006258 700.000000 11.363636
250 0.000003 0.005289 800.000000 11.428572
260 0.000037 0.032395 100.000000 8.620689
260 0.000030 0.016747 200.000000 9.852217
260 0.000023 0.021239 300.000000 10.563380
260 0.000018 0.028980 400.000000 11.267606
260 0.000066 0.011204 500.000000 10.845987
260 0.000004 0.010318 600.000000 11.131725
260 0.000007 0.006093 700.000000 11.437908
260 0.000004 0.005176 800.000000 11.494253
270 0.000056 0.025395 100.000000 8.928572
270 0.000027 0.013763 200.000000 9.900990
270 0.000026 0.019403 300.000000 10.752688
270 0.000020 0.027954 400.000000 11.396011
270 0.000018 0.012342 500.000000 10.869565
270 0.000008 0.009371 600.000000 11.235955
270 0.000009 0.005527 700.000000 11.513158
270 0.000007 0.005188 800.000000 11.577424
280 0.000227 0.023275 100.000000 9.433962
280 0.000108 0.022490 200.000000 10.050251
280 0.000082 0.026295 300.000000 10.989011
280 0.000065 0.033571 400.000000 11.594203
280 0.000041 0.020873 500.000000 10.964912
280 0.000035 0.014257 600.000000 11.342155
280 0.000031 0.008462 700.000000 11.608624
280 0.000028 0.005936 800.000000 11.678832
290 0.000324 0.029154 100.000000 10.101010
290 0.000159 0.030687 200.000000 10.309278
290 0.000114 0.033552 300.000000 11.235955
290 0.000089 0.039313 400.000000 11.834319
290 0.000061 0.028173 500.000000 11.086474
290 0.000052 0.018557 600.000000 11.494253
290 0.000045 0.011359 700.000000 11.725293
290 0.000042 0.006999 800.000000 11.782032
300 0.000350 0.033632 100.000000 10.869565
300 0.000179 0.033962 200.000000 10.638298
300 0.000123 0.036597 300.000000 11.538462
300 0.000095 0.041987 400.000000 12.048193
300 0.000067 0.030115 500.000000 11.235955
300 0.000057 0.019723 600.000000 11.650485
300 0.000050 0.012176 700.000000 11.864407
300 0.000045 0.007272 800.000000 11.904762
310 0.000358 0.035461 100.000000 11.764706
310 0.000184 0.035169 200.000000 10.989011
310 0.000125 0.037471 300.000000 11.857708
310 0.000098 0.042923 400.000000 12.307693
310 0.000070 0.030170 500.000000 11.389522
310 0.000058 0.019607 600.000000 11.811024
310 0.000051 0.012122 700.000000 11.986301
310 0.000046 0.007094 800.000000 12.030075
320 0.000295 0.028349 100.000000 12.500000
320 0.000152 0.028038 200.000000 11.299435
320 0.000103 0.031593 300.000000 12.096774
320 0.000081 0.038087 400.000000 12.500000
320 0.000055 0.023599 500.000000 11.520738
320 0.000045 0.015245 600.000000 11.928430
320 0.000042 0.009950 700.000000 12.068966
320 0.000038 0.006289 800.000000 12.121212
330 0.000271 0.026168 100.000000 13.157895
330 0.000147 0.027182 200.000000 11.494253
330 0.000096 0.031761 300.000000 12.295082
330 0.000073 0.039232 400.000000 12.618297
330 0.000048 0.022066 500.000000 11.627907
330 0.000041 0.014300 600.000000 12.024048
330 0.000038 0.009404 700.000000 12.110726
330 0.000035 0.006329 800.000000 12.195122
340 0.000148 0.015416 100.000000 13.698630
340 0.000081 0.017386 200.000000 11.695907
340 0.000051 0.025113 300.000000 12.396694
340 0.000043 0.034892 400.000000 12.658228
340 0.000024 0.013054 500.000000 11.682243
340 0.000020 0.008833 600.000000 12.072434
340 0.000014 0.007327 700.000000 12.110726
340 0.000018 0.005948 800.000000 12.232416
350 0.000027 0.006899 100.000000 13.698630
350 0.000013 0.010793 200.000000 11.764706
350 0.000010 0.021260 300.000000 12.448133
350 0.000015 0.032613 400.000000 12.618297
350 0.000008 0.008050 500.000000 11.709601
350 0.000007 0.006029 600.000000 12.072434
350 0.000008 0.007913 700.000000 12.068966
350 0.000007 0.007051 800.000000 12.232416
360 0.000035 0.006358 100.000000 13.333333
360 0.000017 0.010961 200.000000 11.834319
360 0.000014 0.023780 300.000000 12.448133
360 0.000050 0.023447 400.000000 12.383901
360 0.000006 0.007170 500.000000 11.737089
360 0.000005 0.005459 600.000000 12.072434
360 0.000002 0.007481 700.000000 12.048193
360 0.000005 0.007647 800.000000 12.213740
370 0.000016 0.007485 100.000000 12.048193
370 0.000019 0.014693 200.000000 11.834319
370 0.000017 0.026480 300.000000 12.500000
370 0.000095 0.008884 400.000000 11.799410
370 0.000011 0.007455 500.000000 11.764706
370 0.000008 0.005841 600.000000 12.072434
370 0.000006 0.006649 700.000000 12.048193
370 0.000008 0.008066 800.000000 12.066365
380 0.000030 0.008373 100.000000 10.869565
380 0.000014 0.018070 200.000000 11.834319
380 0.000009 0.029776 300.000000 12.448133
380 0.000036 0.010494 400.000000 11.428572
380 0.000007 0.007750 500.000000 11.792453
380 0.000010 0.006206 600.000000 12.048193
380 0.000005 0.006555 700.000000 12.048193
380 0.000008 0.007637 800.000000 11.922503
390 0.000015 0.011991 100.000000 10.309278
390 0.000023 0.021364 200.000000 11.834319
390 0.000016 0.033249 300.000000 12.448133
390 0.000005 0.009124 400.000000 11.299435
390 0.000004 0.007403 500.000000 11.792453
390 0.000010 0.006514 600.000000 12.000000
390 0.000005 0.006273 700.000000 12.048193
390 0.000007 0.007511 800.000000 11.816839
400 0.000020 0.013608 100.000000 10.101010
400 0.000009 0.025715 200.000000 11.764706
400 0.000011 0.037276 300.000000 12.396694
400 0.000006 0.010305 400.000000 11.235955
400 0.000009 0.007658 500.000000 11.764706
400 0.000013 0.007556 600.000000 11.952191
400 0.000006 0.006388 700.000000 12.027492
400 0.000008 0.007955 800.000000 11.713031
410 0.000027 0.016051 100.000000 10.000000
410 0.000014 0.027910 200.000000 11.764706
410 0.000011 0.039995 300.000000 12.295082
410 0.000011 0.009611 400.000000 11.235955
410 0.000011 0.006961 500.000000 11.764706
410 0.000012 0.008429 600.000000 11.857708
410 0.000007 0.006663 700.000000 12.027492
410 0.000007 0.008021 800.000000 11.577424
420 0.000024 0.021977 100.000000 10.101010
420 0.000014 0.032574 200.000000 11.764706
420 0.000010 0.044128 300.000000 12.244898
420 0.000010 0.010800 400.000000 11.267606
420 0.000013 0.007239 500.000000 11.764706
420 0.000013 0.008181 600.000000 11.811024
420 0.000010 0.006855 700.000000 12.027492
430 0.000024 0.024387 100.000000 10.309278
430 0.000019 0.036551 200.000000 11.904762
430 0.000034 0.052976 300.000000 12.096774
430 0.000011 0.009751 400.000000 11.331445
430 0.000011 0.006311 500.000000 11.792453
430 0.000010 0.008201 600.000000 11.811024
430 0.000008 0.007541 700.000000 12.027492
440 0.000033 0.027378 100.000000 10.752688
440 0.000017 0.038509 200.000000 12.195122
440 0.000123 0.012046 300.000000 11.904762
440 0.000010 0.009385 400.000000 11.461318
440 0.000012 0.006005 500.000000 11.876485
440 0.000011 0.006610 600.000000 11.881188
440 0.000006 0.007858 700.000000 12.027492
450 0.000027 0.028563 100.000000 11.363636
450 0.000018 0.040304 200.000000 12.500000
450 0.000121 0.010608 300.000000 11.627907
450 0.000013 0.008744 400.000000 11.627907
450 0.000012 0.005745 500.000000 12.019231
450 0.000010 0.006581 600.000000 11.976048
450 0.000009 0.008262 700.000000 12.048193
460 0.000044 0.029391 100.000000 12.048193
460 0.000020 0.041264 200.000000 12.903226
460 0.000138 0.007505 300.000000 11.538462
460 0.000006 0.007323 400.000000 11.799410
460 0.000008 0.005351 500.000000 12.135922
460 0.000004 0.006849 600.000000 12.096774
460 0.000005 0.008136 700.000000 12.048193
470 0.000042 0.031195 100.000000 12.820513
470 0.000019 0.043207 200.000000 13.333333
470 0.000060 0.013704 300.000000 11.583012
470 0.000017 0.008948 400.000000 11.976048
470 0.000019 0.006607 500.000000 12.254902
470 0.000012 0.006606 600.000000 12.219959
470 0.000012 0.007674 700.000000 12.068966
480 0.000051 0.029933 100.000000 13.333333
480 0.000024 0.042624 200.000000 13.605442
480 0.000013 0.008920 300.000000 11.583012
480 0.000012 0.006775 400.000000 12.121212
480 0.000013 0.007307 500.000000 12.345679
480 0.000005 0.007177 600.000000 12.320329
480 0.000011 0.008665 700.000000 12.048193
490 0.000021 0.034437 100.000000 13.698630
490 0.000012 0.046571 200.000000 13.793103
490 0.000014 0.009851 300.000000 11.627907
490 0.000009 0.007109 400.000000 12.195122
490 0.000012 0.008496 500.000000 12.376238
490 0.000008 0.006820 600.000000 12.371134
490 0.000009 0.008606 700.000000 12.006861
500 0.000031 0.039660 100.000000 13.888889
500 0.000023 0.050314 200.000000 13.793103
500 0.000020 0.008843 300.000000 11.627907
500 0.000016 0.006367 400.000000 12.232416
500 0.000012 0.009805 500.000000 12.345679
500 0.000006 0.007379 600.000000 12.396694
500 0.000006 0.009311 700.000000 11.925042
510 0.000012 0.042350 100.000000 13.888889
510 0.000011 0.053750 200.000000 13.698630
510 0.000020 0.008964 300.000000 11.627907
510 0.000016 0.006378 400.000000 12.232416
510 0.000019 0.011944 500.000000 12.254902
510 0.000009 0.008333 600.000000 12.396694
520 0.000032 0.044160 100.000000 13.888889
520 0.000017 0.056546 200.000000 13.422819
520 0.000014 0.007334 300.000000 11.627907
520 0.000013 0.006752 400.000000 12.195122
520 0.000009 0.012896 500.000000 12.165450
520 0.000009 0.010159 600.000000 12.371134
530 0.000023 0.049857 100.000000 13.698630
530 0.000154 0.015192 200.000000 12.658228
530 0.000024 0.007947 300.000000 11.627907
530 0.000018 0.008238 400.000000 12.158054
530 0.000017 0.011586 500.000000 12.106538
530 0.000012 0.011721 600.000000 12.269938
540 0.000021 0.052801 100.000000 13.698630
540 0.000187 0.016188 200.000000 11.363636
540 0.000018 0.007203 300.000000 11.673152
540 0.000021 0.010444 400.000000 12.121212
540 0.000011 0.011992 500.000000 12.077294
540 0.000007 0.012699 600.000000 12.048193
550 0.000020 0.055464 100.000000 13.698630
550 0.000030 0.010932 200.000000 10.869565
550 0.000018 0.008109 300.000000 11.673152
550 0.000019 0.013182 400.000000 12.084592
550 0.000011 0.012173 500.000000 12.077294
550 0.000010 0.012848 600.000000 11.881188
560 0.000022 0.057987 100.000000 13.698630
560 0.000021 0.012848 200.000000 10.695188
560 0.000013 0.009672 300.000000 11.673152
560 0.000019 0.016500 400.000000 12.048193
560 0.000008 0.012430 500.000000 12.106538
560 0.000008 0.014067 600.000000 11.741683
570 0.000021 0.062360 100.000000 13.513514
570 0.000032 0.015187 200.000000 10.638298
570 0.000021 0.012148 300.000000 11.718750
570 0.000020 0.019823 400.000000 11.976048
570 0.000010 0.013929 500.000000 12.106538
570 0.000010 0.015443 600.000000 11.627907
580 0.000022 0.064920 100.000000 13.333333
580 0.000032 0.017500 200.000000 10.638298
580 0.000023 0.014976 300.000000 11.673152
580 0.000024 0.023576 400.000000 11.869436
580 0.000012 0.016105 500.000000 12.106538
590 0.000032 0.067578 100.000000 12.987013
590 0.000033 0.020465 200.000000 10.695188
590 0.000024 0.019190 300.000000 11.673152
590 0.000017 0.025237 400.000000 11.764706
590 0.000016 0.019038 500.000000 12.077294
600 0.000250 0.019703 100.000000 11.764706
600 0.000030 0.025101 200.000000 10.752688
600 0.000023 0.023989 300.000000 11.627907
600 0.000016 0.025843 400.000000 11.695907
600 0.000015 0.022524 500.000000 11.990408
610 0.000440 0.078551 100.000000 9.803922
610 0.000040 0.029034 200.000000 10.752688
610 0.000032 0.028201 300.000000 11.627907
610 0.000019 0.025668 400.000000 11.695907
610 0.000013 0.024487 500.000000 11.764706
620 0.000104 0.061287 100.000000 8.928572
620 0.000031 0.033782 200.000000 10.810811
620 0.000026 0.033454 300.000000 11.583012
620 0.000014 0.027500 400.000000 11.695907
620 0.000013 0.025438 500.000000 11.547344
630 0.000064 0.075885 100.000000 8.695652
630 0.000042 0.039371 200.000000 10.810811
630 0.000033 0.038885 300.000000 11.538462
630 0.000017 0.028567 400.000000 11.695907
630 0.000016 0.026669 500.000000 11.415525
640 0.000063 0.084434 100.000000 8.695652
640 0.000039 0.044855 200.000000 10.869565
640 0.000025 0.044889 300.000000 11.494253
640 0.000013 0.030913 400.000000 11.730206
640 0.000013 0.030013 500.000000 11.312217
650 0.000066 0.090273 100.000000 8.771930
650 0.000040 0.050331 200.000000 10.928962
650 0.000030 0.049707 300.000000 11.406844
650 0.000017 0.033855 400.000000 11.764706
650 0.000018 0.030332 500.000000 11.185682
660 0.000070 0.100963 100.000000 8.849558
660 0.000043 0.057791 200.000000 10.989011
660 0.000024 0.053192 300.000000 11.363636
660 0.000018 0.038049 400.000000 11.799410
670 0.000072 0.108983 100.000000 9.090909
670 0.000043 0.063868 200.000000 11.111111
670 0.000027 0.057198 300.000000 11.363636
670 0.000021 0.041504 400.000000 11.869436
680 0.000133 0.102747 100.000000 9.523809
680 0.000081 0.062805 200.000000 11.363636
680 0.000058 0.055527 300.000000 11.538462
680 0.000043 0.043483 400.000000 11.940298
690 0.000311 0.030393 100.000000 10.101010
690 0.000164 0.031064 200.000000 11.764706
690 0.000104 0.033515 300.000000 11.764706
690 0.000085 0.034906 400.000000 12.084592
700 0.000317 0.038311 100.000000 10.869565
700 0.000168 0.032951 200.000000 12.195122
700 0.000103 0.034105 300.000000 12.096774
700 0.000095 0.035870 400.000000 12.232416
710 0.000351 0.043027 100.000000 11.627907
710 0.000183 0.037141 200.000000 12.658228
710 0.000117 0.037912 300.000000 12.396694
710 0.000104 0.039199 400.000000 12.345679
720 0.000347 0.035972 100.000000 12.500000
720 0.000177 0.037485 200.000000 13.071896
720 0.000120 0.038304 300.000000 12.658228
720 0.000099 0.038889 400.000000 12.422360
730 0.000107 0.012574 100.000000 13.333333
730 0.000055 0.022765 200.000000 13.422819
730 0.000038 0.020147 300.000000 12.931034
730 0.000042 0.020768 400.000000 12.383901
740 0.000029 0.005720 100.000000 13.888889
740 0.000023 0.021185 200.000000 13.605442
740 0.000012 0.014841 300.000000 13.100436
740 0.000017 0.016355 400.000000 12.345679
750 0.000041 0.006208 100.000000 14.084507
750 0.000034 0.024185 200.000000 13.605442
750 0.000010 0.013187 300.000000 13.215859
750 0.000015 0.016425 400.000000 12.232416
760 0.000036 0.008555 100.000000 14.285714
760 0.000029 0.027757 200.000000 13.422819
760 0.000014 0.014958 300.000000 13.215859
760 0.000021 0.015907 400.000000 12.048193
770 0.000007 0.014429 100.000000 14.084507
770 0.000016 0.031094 200.000000 13.071896
770 0.000008 0.018205 300.000000 13.157895
780 0.000017 0.019799 100.000000 13.888889
780 0.000025 0.031622 200.000000 12.820513
780 0.000005 0.020800 300.000000 13.043478
790 0.000020 0.025689 100.000000 13.698630
790 0.000009 0.023307 200.000000 12.658228
790 0.000020 0.023505 300.000000 12.711864
800 0.000020 0.031437 100.000000 13.333333
800 0.000006 0.023282 200.000000 12.658228
800 0.000025 0.021108 300.000000 12.195122
810 0.000011 0.038258 100.000000 13.157895
810 0.000014 0.021025 200.000000 12.658228
810 0.000019 0.021299 300.000000 11.857708
820 0.000025 0.043296 100.000000 12.820513
820 0.000015 0.018607 200.000000 12.658228
820 0.000014 0.021348 300.000000 11.627907
830 0.000032 0.047436 100.000000 12.345679
830 0.000014 0.018929 200.000000 12.658228
830 0.000025 0.018790 300.000000 11.363636
840 0.000031 0.048209 100.000000 12.048193
840 0.000010 0.020151 200.000000 12.658228
850 0.000042 0.044629 100.000000 11.764706
850 0.000003 0.021880 200.000000 12.578616
860 0.000041 0.024524 100.000000 11.627907
860 0.000021 0.022959 200.000000 12.269938
870 0.000064 0.020662 100.000000 11.764706
870 0.000025 0.020510 200.000000 11.764706
880 0.000021 0.013146 100.000000 11.904762
880 0.000032 0.016377 200.000000 11.363636
890 0.000037 0.013770 100.000000 12.048193
890 0.000023 0.015752 200.000000 11.111111
900 0.000028 0.016196 100.000000 12.345679
900 0.000015 0.013963 200.000000 10.989011
910 0.000047 0.018274 100.000000 12.658228
910 0.000037 0.014055 200.000000 10.810811
920 0.000047 0.020691 100.000000 12.987013
930 0.000055 0.013736 100.000000 13.333333
940 0.000041 0.009378 100.000000 13.157895
950 0.000068 0.023322 100.000000 12.048193
960 0.000054 0.020121 100.000000 10.989011
970 0.000035 0.022085 100.000000 10.204082
980 0.000025 0.028198 100.000000 9.708738
990 0.000033 0.022159 100.000000 9.090909
