0 0.000091 0.008701 100.000000 5.780347
0 0.000039 0.009686 200.000000 6.369427
0 0.000014 0.008547 300.000000 6.726458
0 0.000031 0.008829 400.000000 6.908463
0 0.000020 0.006186 500.000000 6.297229
0 0.000004 0.006746 600.000000 6.741573
10 0.000169 0.012510 100.000000 6.097561
10 0.000018 0.009434 200.000000 6.451613
10 0.000031 0.010233 300.000000 6.849315
10 0.000052 0.009880 400.000000 7.017544
10 0.000037 0.006755 500.000000 6.369427
10 0.000013 0.007333 600.000000 6.802721
20 0.000283 0.020257 100.000000 6.369427
20 0.000009 0.016163 200.000000 6.493506
20 0.000053 0.015556 300.000000 6.960557
20 0.000081 0.012921 400.000000 7.117438
20 0.000059 0.008398 500.000000 6.435007
20 0.000026 0.008292 600.000000 6.857143
30 0.000376 0.026199 100.000000 6.622517
30 0.000036 0.023607 200.000000 6.535948
30 0.000062 0.020179 300.000000 7.042253
30 0.000107 0.015530 400.000000 7.207207
30 0.000079 0.010019 500.000000 6.501951
30 0.000030 0.009104 600.000000 6.888634
40 0.000234 0.015974 100.000000 6.849315
40 0.000013 0.013714 200.000000 6.578948
40 0.000009 0.014019 300.000000 7.075472
40 0.000079 0.011801 400.000000 7.299270
40 0.000054 0.007781 500.000000 6.561680
40 0.000006 0.008396 600.000000 6.912442
50 0.000032 0.008512 100.000000 7.042253
50 0.000010 0.006517 200.000000 6.600660
50 0.000078 0.007760 300.000000 7.058824
50 0.000026 0.008740 400.000000 7.366483
50 0.000012 0.006265 500.000000 6.605020
50 0.000021 0.007390 600.000000 6.896552
60 0.000028 0.007256 100.000000 7.092198
60 0.000008 0.005465 200.000000 6.622517
60 0.000011 0.006751 300.000000 6.993007
60 0.000021 0.008454 400.000000 7.407407
60 0.000008 0.006439 500.000000 6.640106
60 0.000004 0.007482 600.000000 6.880734
70 0.000041 0.010944 100.000000 7.142857
70 0.000036 0.007103 200.000000 6.644518
70 0.000026 0.009289 300.000000 6.944445
70 0.000018 0.010254 400.000000 7.421150
70 0.000011 0.006936 500.000000 6.666667
70 0.000009 0.007210 600.000000 6.872852
80 0.000028 0.010861 100.000000 7.142857
80 0.000010 0.006208 200.000000 6.688963
80 0.000014 0.007645 300.000000 6.928406
80 0.000018 0.009395 400.000000 7.434944
80 0.000010 0.006629 500.000000 6.684492
80 0.000004 0.007343 600.000000 6.864988
90 0.000046 0.011691 100.000000 7.142857
90 0.000003 0.006535 200.000000 6.711410
90 0.000019 0.007284 300.000000 6.944445
90 0.000026 0.009272 400.000000 7.434944
90 0.000012 0.006406 500.000000 6.711410
90 0.000008 0.007482 600.000000 6.857143
100 0.000070 0.011550 100.000000 7.092198
100 0.000012 0.007351 200.000000 6.756757
100 0.000029 0.008013 300.000000 6.960557
100 0.000012 0.010536 400.000000 7.299270
100 0.000012 0.006738 500.000000 6.729475
100 0.000008 0.007616 600.000000 6.833713
110 0.000050 0.010389 100.000000 7.092198
110 0.000014 0.007832 200.000000 6.802721
110 0.000061 0.007602 300.000000 6.993007
110 0.000063 0.006771 400.000000 6.220840
110 0.000009 0.006454 500.000000 6.756757
110 0.000006 0.007817 600.000000 6.810442
120 0.000141 0.018682 100.000000 7.142857
120 0.000051 0.013751 200.000000 6.872852
120 0.000055 0.009810 300.000000 7.025761
120 0.000052 0.007808 400.000000 6.211180
120 0.000015 0.005805 500.000000 6.793478
120 0.000010 0.007214 600.000000 6.779661
130 0.000299 0.035435 100.000000 7.352941
130 0.000127 0.023280 200.000000 6.993007
130 0.000027 0.012705 300.000000 7.092198
130 0.000070 0.009385 400.000000 6.250000
130 0.000047 0.005493 500.000000 6.839945
130 0.000040 0.007155 600.000000 6.726458
140 0.000344 0.037776 100.000000 7.575758
140 0.000150 0.024527 200.000000 7.142857
140 0.000054 0.013640 300.000000 7.177033
140 0.000064 0.011271 400.000000 6.299212
140 0.000056 0.006825 500.000000 6.896552
140 0.000045 0.007058 600.000000 6.666667
150 0.000141 0.020620 100.000000 7.751938
150 0.000048 0.013468 200.000000 7.246377
150 0.000017 0.009967 300.000000 7.263923
150 0.000015 0.007867 400.000000 6.339144
150 0.000017 0.005711 500.000000 6.934813
150 0.000014 0.007618 600.000000 6.593407
160 0.000075 0.018835 100.000000 7.692307
160 0.000029 0.010867 200.000000 7.299270
160 0.000008 0.009089 300.000000 7.317073
160 0.000009 0.007315 400.000000 6.379585
160 0.000007 0.006516 500.000000 6.963789
160 0.000021 0.007775 600.000000 6.535948
170 0.000148 0.018949 100.000000 7.142857
170 0.000038 0.010056 200.000000 7.272727
170 0.000021 0.009730 300.000000 7.352941
170 0.000015 0.007786 400.000000 6.420546
170 0.000017 0.007252 500.000000 6.963789
180 0.000269 0.009407 100.000000 6.369427
180 0.000091 0.010321 200.000000 7.220217
180 0.000020 0.008858 300.000000 7.407407
180 0.000011 0.006746 400.000000 6.451613
180 0.000049 0.007025 500.000000 6.925208
190 0.000035 0.008062 100.000000 6.172840
190 0.000113 0.006879 200.000000 7.067138
190 0.000028 0.009115 300.000000 7.444169
190 0.000015 0.006537 400.000000 6.493506
190 0.000037 0.007840 500.000000 6.868132
200 0.000035 0.010148 100.000000 6.134969
200 0.000024 0.006624 200.000000 6.872852
200 0.000019 0.008863 300.000000 7.481297
200 0.000009 0.006250 400.000000 6.514658
200 0.000010 0.007590 500.000000 6.821282
210 0.000041 0.009112 100.000000 6.172840
210 0.000016 0.006296 200.000000 6.802721
210 0.000015 0.008207 300.000000 7.500000
210 0.000006 0.005115 400.000000 6.546645
210 0.000005 0.006758 500.000000 6.802721
220 0.000028 0.009008 100.000000 6.211180
220 0.000027 0.008052 200.000000 6.802721
220 0.000031 0.010673 300.000000 7.518797
220 0.000016 0.006070 400.000000 6.568144
220 0.000009 0.006950 500.000000 6.793478
230 0.000031 0.010074 100.000000 6.289308
230 0.000041 0.007771 200.000000 6.825939
230 0.000043 0.011473 300.000000 7.518797
230 0.000021 0.006649 400.000000 6.600660
230 0.000013 0.007734 500.000000 6.784261
240 0.000078 0.011328 100.000000 6.410256
240 0.000068 0.007738 200.000000 6.872852
240 0.000032 0.011285 300.000000 7.334963
240 0.000023 0.005467 400.000000 6.633499
240 0.000020 0.007030 500.000000 6.765900
250 0.000062 0.009972 100.000000 6.493506
250 0.000114 0.008232 200.000000 6.920415
250 0.000070 0.008099 300.000000 5.964215
250 0.000023 0.007303 400.000000 6.666667
250 0.000016 0.008424 500.000000 6.747638
260 0.000062 0.011308 100.000000 6.578948
260 0.000151 0.008257 200.000000 6.944445
260 0.000025 0.006861 300.000000 5.928854
260 0.000021 0.007521 400.000000 6.700168
260 0.000017 0.008748 500.000000 6.693440
270 0.000045 0.013202 100.000000 6.666667
270 0.000098 0.009365 200.000000 6.968641
270 0.000031 0.005611 300.000000 5.940594
270 0.000015 0.006058 400.000000 6.722689
270 0.000015 0.007826 500.000000 6.510417
280 0.000055 0.014391 100.000000 6.756757
280 0.000060 0.009463 200.000000 7.017544
280 0.000023 0.003943 300.000000 5.976096
280 0.000017 0.004053 400.000000 6.756757
280 0.000022 0.006435 500.000000 6.377551
290 0.000029 0.016511 100.000000 6.849315
290 0.000041 0.010462 200.000000 7.117438
290 0.000027 0.004562 300.000000 6.024096
290 0.000009 0.005785 400.000000 6.791172
290 0.000011 0.007168 500.000000 6.321113
300 0.000050 0.021381 100.000000 7.092198
300 0.000058 0.012890 200.000000 7.246377
300 0.000031 0.005255 300.000000 6.109980
300 0.000010 0.005532 400.000000 6.837607
310 0.000124 0.029482 100.000000 7.407407
310 0.000096 0.019832 200.000000 7.462687
310 0.000058 0.011766 300.000000 6.198347
310 0.000020 0.010704 400.000000 6.908463
320 0.000103 0.030025 100.000000 7.751938
320 0.000109 0.020622 200.000000 7.692307
320 0.000065 0.013152 300.000000 6.315790
320 0.000023 0.011164 400.000000 6.993007
330 0.000151 0.035347 100.000000 8.130081
330 0.000173 0.026916 200.000000 7.905138
330 0.000106 0.020416 300.000000 6.410256
330 0.000041 0.017882 400.000000 7.054674
340 0.000081 0.025944 100.000000 8.264462
340 0.000165 0.023082 200.000000 8.097166
340 0.000096 0.017709 300.000000 6.507592
340 0.000004 0.016067 400.000000 7.079646
350 0.000178 0.013154 100.000000 8.130081
350 0.000062 0.012918 200.000000 8.230453
350 0.000028 0.008056 300.000000 6.578948
350 0.000035 0.009012 400.000000 7.042253
360 0.000021 0.013121 100.000000 7.751938
360 0.000033 0.012015 200.000000 8.333333
360 0.000007 0.007585 300.000000 6.622517
360 0.000008 0.008039 400.000000 6.993007
370 0.000072 0.010958 100.000000 7.518797
370 0.000045 0.012535 200.000000 8.368201
370 0.000020 0.008145 300.000000 6.651885
370 0.000010 0.009328 400.000000 6.968641
380 0.000057 0.012844 100.000000 7.407407
380 0.000048 0.013839 200.000000 8.333333
380 0.000021 0.008209 300.000000 6.666667
380 0.000011 0.008778 400.000000 6.932409
390 0.000059 0.014106 100.000000 7.352941
390 0.000043 0.015097 200.000000 8.196721
390 0.000019 0.008496 300.000000 6.681514
390 0.000011 0.009227 400.000000 6.884682
400 0.000127 0.011939 100.000000 7.299270
400 0.000099 0.008278 200.000000 5.747127
400 0.000014 0.006794 300.000000 6.696429
400 0.000007 0.008615 400.000000 6.814310
410 0.000264 0.012362 100.000000 7.246377
410 0.000024 0.007113 200.000000 5.617978
410 0.000009 0.006043 300.000000 6.711410
410 0.000011 0.008222 400.000000 6.700168
420 0.000128 0.012158 100.000000 7.194244
420 0.000028 0.007563 200.000000 5.617978
420 0.000007 0.006140 300.000000 6.726458
420 0.000011 0.008928 400.000000 6.400000
430 0.000065 0.010274 100.000000 7.246377
430 0.000018 0.007645 200.000000 5.633803
430 0.000009 0.005883 300.000000 6.726458
430 0.000026 0.008652 400.000000 6.230530
440 0.000066 0.008857 100.000000 7.352941
440 0.000022 0.007643 200.000000 5.698006
440 0.000009 0.005296 300.000000 6.741573
450 0.000164 0.010138 100.000000 7.575758
450 0.000069 0.010113 200.000000 5.763689
450 0.000010 0.008297 300.000000 6.741573
460 0.000312 0.026203 100.000000 7.874016
460 0.000138 0.021763 200.000000 5.865103
460 0.000027 0.020574 300.000000 6.726458
470 0.000322 0.029986 100.000000 8.196721
470 0.000138 0.024190 200.000000 5.952381
470 0.000013 0.021797 300.000000 6.726458
480 0.000219 0.022343 100.000000 8.620689
480 0.000090 0.016189 200.000000 6.060606
480 0.000033 0.014859 300.000000 6.741573
490 0.000054 0.011284 100.000000 8.928572
490 0.000011 0.005311 200.000000 6.172840
490 0.000009 0.005488 300.000000 6.756757
500 0.000014 0.011655 100.000000 9.259259
500 0.000015 0.004363 200.000000 6.250000
500 0.000014 0.005632 300.000000 6.787330
510 0.000031 0.013035 100.000000 9.433962
510 0.000006 0.004445 200.000000 6.309148
510 0.000006 0.006129 300.000000 6.787330
520 0.000056 0.015287 100.000000 9.345795
520 0.000011 0.004770 200.000000 6.349206
520 0.000005 0.007239 300.000000 6.741573
530 0.000048 0.017073 100.000000 8.196721
530 0.000024 0.004541 200.000000 6.369427
530 0.000015 0.007027 300.000000 6.681514
540 0.000448 0.019175 100.000000 4.608295
540 0.000093 0.013242 200.000000 6.410256
540 0.000058 0.009962 300.000000 6.593407
550 0.000230 0.020304 100.000000 4.566210
550 0.000099 0.016301 200.000000 6.451613
550 0.000064 0.010958 300.000000 6.410256
560 0.000060 0.014298 100.000000 4.566210
560 0.000040 0.007329 200.000000 6.472492
560 0.000018 0.006242 300.000000 6.072875
570 0.000027 0.015141 100.000000 4.587156
570 0.000027 0.005219 200.000000 6.472492
570 0.000018 0.007991 300.000000 5.870842
580 0.000030 0.015312 100.000000 4.629630
580 0.000085 0.006159 200.000000 6.349206
590 0.000054 0.013979 100.000000 4.651163
590 0.000154 0.005601 200.000000 6.153846
600 0.000044 0.012041 100.000000 4.672897
600 0.000035 0.003850 200.000000 5.988024
610 0.000022 0.010476 100.000000 4.694836
610 0.000024 0.003785 200.000000 5.934718
620 0.000046 0.009408 100.000000 4.739336
620 0.000029 0.004472 200.000000 5.899705
630 0.000048 0.010385 100.000000 4.807693
630 0.000030 0.003960 200.000000 5.899705
640 0.000020 0.013849 100.000000 4.950495
640 0.000007 0.004794 200.000000 5.952381
650 0.000019 0.015016 100.000000 5.154639
650 0.000011 0.006435 200.000000 6.079027
660 0.000022 0.017248 100.000000 5.405406
660 0.000016 0.007944 200.000000 6.230530
670 0.000029 0.015865 100.000000 5.714286
670 0.000017 0.007022 200.000000 6.430868
680 0.000029 0.016569 100.000000 6.060606
680 0.000016 0.007539 200.000000 6.644518
690 0.000028 0.017361 100.000000 6.451613
690 0.000016 0.008297 200.000000 6.872852
700 0.000028 0.018193 100.000000 6.896552
700 0.000017 0.008835 200.000000 7.117438
710 0.000027 0.019157 100.000000 7.407407
710 0.000017 0.009557 200.000000 7.380074
720 0.000022 0.021080 100.000000 8.000000
720 0.000013 0.011071 200.000000 7.633588
730 0.000063 0.027246 100.000000 8.695652
730 0.000031 0.015387 200.000000 7.936508
740 0.000127 0.024096 100.000000 9.345795
740 0.000059 0.015706 200.000000 8.163265
750 0.000249 0.026036 100.000000 10.101010
750 0.000121 0.020872 200.000000 8.333333
760 0.000215 0.016209 100.000000 10.526316
760 0.000111 0.016404 200.000000 8.333333
770 0.000055 0.007485 100.000000 10.869565
770 0.000020 0.009204 200.000000 7.843137
780 0.000027 0.014279 100.000000 10.869565
780 0.000012 0.011578 200.000000 7.092198
790 0.000068 0.016383 100.000000 10.526316
800 0.000311 0.016735 100.000000 9.433962
810 0.000077 0.017739 100.000000 8.403361
820 0.000025 0.015747 100.000000 8.000000
830 0.000011 0.015526 100.000000 7.692307
840 0.000018 0.016081 100.000000 7.352941
850 0.000017 0.015128 100.000000 6.993007
860 0.000021 0.016308 100.000000 6.134969
870 0.000029 0.019208 100.000000 5.208333
880 0.000097 0.018119 100.000000 4.830918
