0 0.000163 0.011583 100.000000 8.474576
0 0.000038 0.016078 200.000000 9.433962
0 0.000011 0.016996 300.000000 10.416667
0 0.000051 0.020114 400.000000 10.471204
0 0.000046 0.021327 500.000000 10.416667
0 0.000027 0.019700 600.000000 10.416667
0 0.000006 0.018365 700.000000 10.279001
0 0.000018 0.016666 800.000000 10.282776
10 0.000027 0.009938 100.000000 9.009009
10 0.000066 0.012695 200.000000 9.756098
10 0.000057 0.013691 300.000000 10.714286
10 0.000006 0.011220 400.000000 10.666667
10 0.000004 0.010380 500.000000 10.570825
10 0.000009 0.008494 600.000000 10.544815
10 0.000024 0.008341 700.000000 10.370370
10 0.000009 0.008979 800.000000 10.376135
20 0.000041 0.005409 100.000000 9.615385
20 0.000046 0.009972 200.000000 10.000000
20 0.000031 0.012064 300.000000 10.948905
20 0.000018 0.013513 400.000000 10.810811
20 0.000018 0.012977 500.000000 10.706638
20 0.000002 0.010889 600.000000 10.657193
20 0.000019 0.009714 700.000000 10.447762
20 0.000004 0.009590 800.000000 10.471204
30 0.000048 0.006647 100.000000 10.101010
30 0.000070 0.009853 200.000000 10.256411
30 0.000037 0.011604 300.000000 11.194030
30 0.000021 0.013889 400.000000 10.928962
30 0.000010 0.013152 500.000000 10.822511
30 0.000005 0.010680 600.000000 10.752688
30 0.000023 0.009284 700.000000 10.510510
30 0.000005 0.009030 800.000000 10.554090
40 0.000043 0.009505 100.000000 10.638298
40 0.000073 0.012493 200.000000 10.471204
40 0.000026 0.012759 300.000000 11.406844
40 0.000015 0.015702 400.000000 11.019283
40 0.000013 0.014232 500.000000 10.917030
40 0.000005 0.011779 600.000000 10.830325
40 0.000015 0.010626 700.000000 10.542169
40 0.000007 0.010049 800.000000 10.624170
50 0.000039 0.010398 100.000000 10.989011
50 0.000079 0.013478 200.000000 10.638298
50 0.000024 0.012757 300.000000 11.538462
50 0.000009 0.015614 400.000000 11.080333
50 0.000005 0.013470 500.000000 10.989011
50 0.000006 0.011079 600.000000 10.889292
50 0.000023 0.010165 700.000000 10.558069
50 0.000002 0.010028 800.000000 10.680908
60 0.000033 0.009225 100.000000 11.363636
60 0.000077 0.013745 200.000000 10.810811
60 0.000005 0.013163 300.000000 11.627907
60 0.000014 0.016981 400.000000 11.080333
60 0.000004 0.014372 500.000000 11.013216
60 0.000004 0.011925 600.000000 10.909091
60 0.000023 0.010974 700.000000 10.558069
60 0.000003 0.010832 800.000000 10.723861
70 0.000052 0.011714 100.000000 11.494253
70 0.000073 0.014908 200.000000 10.928962
70 0.000022 0.015012 300.000000 11.627907
70 0.000020 0.018616 400.000000 11.080333
70 0.000030 0.015786 500.000000 10.964912
70 0.000006 0.013546 600.000000 10.909091
70 0.000019 0.012693 700.000000 10.558069
70 0.000003 0.012356 800.000000 10.767160
80 0.000087 0.024456 100.000000 11.494253
80 0.000080 0.015116 200.000000 11.049724
80 0.000021 0.015245 300.000000 11.583012
80 0.000022 0.017497 400.000000 11.049724
80 0.000018 0.013653 500.000000 10.940919
80 0.000003 0.011882 600.000000 10.889292
80 0.000016 0.010839 700.000000 10.558069
80 0.000003 0.010828 800.000000 10.796222
90 0.000106 0.030767 100.000000 11.494253
90 0.000087 0.018334 200.000000 11.235955
90 0.000014 0.015637 300.000000 11.538462
90 0.000018 0.015271 400.000000 11.049724
90 0.000006 0.012837 500.000000 10.917030
90 0.000006 0.011001 600.000000 10.849910
90 0.000009 0.010066 700.000000 10.558069
90 0.000006 0.010390 800.000000 10.825439
100 0.000121 0.025360 100.000000 11.235955
100 0.000059 0.018308 200.000000 11.428572
100 0.000015 0.015883 300.000000 11.450381
100 0.000009 0.015306 400.000000 11.019283
100 0.000007 0.012277 500.000000 10.917030
100 0.000026 0.010583 600.000000 10.771993
100 0.000004 0.009858 700.000000 10.558069
100 0.000007 0.009946 800.000000 10.854816
110 0.000113 0.022528 100.000000 10.869565
110 0.000051 0.018306 200.000000 11.560694
110 0.000028 0.016885 300.000000 11.406844
110 0.000007 0.016482 400.000000 11.019283
110 0.000009 0.013264 500.000000 10.917030
110 0.000025 0.011561 600.000000 10.695188
110 0.000004 0.010907 700.000000 10.574018
110 0.000009 0.010659 800.000000 10.854816
120 0.000113 0.018221 100.000000 10.416667
120 0.000073 0.016898 200.000000 11.695907
120 0.000012 0.015119 300.000000 11.278195
120 0.000012 0.013862 400.000000 11.019283
120 0.000007 0.010926 500.000000 10.893247
120 0.000025 0.009762 600.000000 10.600707
120 0.000006 0.009811 700.000000 10.590015
120 0.000009 0.009980 800.000000 10.825439
130 0.000186 0.015313 100.000000 10.204082
130 0.000060 0.013927 200.000000 11.764706
130 0.000010 0.015244 300.000000 11.152416
130 0.000004 0.013711 400.000000 10.958904
130 0.000009 0.010948 500.000000 10.845987
130 0.000025 0.010139 600.000000 10.526316
130 0.000006 0.010228 700.000000 10.590015
130 0.000017 0.010404 800.000000 10.796222
140 0.000154 0.019459 100.000000 10.101010
140 0.000027 0.015837 200.000000 11.695907
140 0.000021 0.019457 300.000000 11.029411
140 0.000006 0.016511 400.000000 10.928962
140 0.000008 0.013735 500.000000 10.822511
140 0.000023 0.012973 600.000000 10.452962
140 0.000004 0.012218 700.000000 10.606061
140 0.000016 0.012079 800.000000 10.767160
150 0.000151 0.021423 100.000000 10.204082
150 0.000031 0.017098 200.000000 11.627907
150 0.000023 0.021505 300.000000 10.909091
150 0.000022 0.017262 400.000000 10.840109
150 0.000007 0.013831 500.000000 10.775862
150 0.000023 0.012572 600.000000 10.398614
150 0.000004 0.012106 700.000000 10.638298
150 0.000009 0.012612 800.000000 10.752688
160 0.000062 0.020094 100.000000 10.309278
160 0.000061 0.019750 200.000000 11.560694
160 0.000054 0.023990 300.000000 10.869565
160 0.000057 0.018464 400.000000 10.781672
160 0.000015 0.015742 500.000000 10.752688
160 0.000011 0.013926 600.000000 10.380623
160 0.000012 0.012685 700.000000 10.670732
160 0.000010 0.013290 800.000000 10.752688
170 0.000100 0.008423 100.000000 10.638298
170 0.000067 0.014587 200.000000 11.494253
170 0.000062 0.018792 300.000000 10.830325
170 0.000017 0.016473 400.000000 10.752688
170 0.000016 0.014816 500.000000 10.729613
170 0.000007 0.012814 600.000000 10.380623
170 0.000011 0.012017 700.000000 10.703364
170 0.000008 0.012981 800.000000 10.767160
180 0.000072 0.013351 100.000000 10.989011
180 0.000052 0.014889 200.000000 11.428572
180 0.000050 0.017010 300.000000 10.869565
180 0.000019 0.015180 400.000000 10.752688
180 0.000011 0.013683 500.000000 10.683761
180 0.000011 0.011751 600.000000 10.398614
180 0.000011 0.010757 700.000000 10.736197
180 0.000003 0.011974 800.000000 10.767160
190 0.000037 0.018977 100.000000 11.494253
190 0.000082 0.020641 200.000000 11.494253
190 0.000049 0.021686 300.000000 10.909091
190 0.000044 0.018405 400.000000 10.810811
190 0.000008 0.015985 500.000000 10.638298
190 0.000019 0.013836 600.000000 10.434783
190 0.000018 0.012031 700.000000 10.785825
190 0.000017 0.013399 800.000000 10.752688
200 0.000063 0.021378 100.000000 12.195122
200 0.000096 0.022089 200.000000 11.560694
200 0.000047 0.022470 300.000000 11.029411
200 0.000040 0.018752 400.000000 10.869565
200 0.000012 0.016261 500.000000 10.638298
200 0.000018 0.014101 600.000000 10.507881
200 0.000027 0.012432 700.000000 10.819165
200 0.000017 0.013991 800.000000 10.723861
210 0.000067 0.022889 100.000000 12.820513
210 0.000070 0.021270 200.000000 11.695907
210 0.000055 0.020306 300.000000 11.111111
210 0.000024 0.016314 400.000000 10.928962
210 0.000007 0.013986 500.000000 10.615711
210 0.000014 0.012238 600.000000 10.563380
210 0.000027 0.010624 700.000000 10.852714
210 0.000013 0.012489 800.000000 10.709505
220 0.000052 0.024992 100.000000 13.333333
220 0.000089 0.025371 200.000000 11.695907
220 0.000064 0.022681 300.000000 11.194030
220 0.000027 0.018254 400.000000 10.989011
220 0.000012 0.015670 500.000000 10.593221
220 0.000017 0.013446 600.000000 10.619469
220 0.000034 0.012481 700.000000 10.852714
220 0.000020 0.013626 800.000000 10.666667
230 0.000084 0.026739 100.000000 13.698630
230 0.000099 0.030498 200.000000 11.560694
230 0.000069 0.026663 300.000000 11.194030
230 0.000037 0.022084 400.000000 10.989011
230 0.000011 0.019920 500.000000 10.548523
230 0.000027 0.016974 600.000000 10.657193
230 0.000043 0.015896 700.000000 10.852714
230 0.000005 0.016583 800.000000 10.582010
240 0.000132 0.023356 100.000000 13.513514
240 0.000088 0.030110 200.000000 11.428572
240 0.000033 0.025128 300.000000 11.152416
240 0.000033 0.020612 400.000000 10.958904
240 0.000008 0.018675 500.000000 10.460251
240 0.000024 0.015965 600.000000 10.676157
240 0.000038 0.015756 700.000000 10.835914
240 0.000007 0.015782 800.000000 10.498688
250 0.000189 0.025829 100.000000 13.157895
250 0.000112 0.032196 200.000000 11.173184
250 0.000090 0.026328 300.000000 10.989011
250 0.000039 0.021427 400.000000 10.869565
250 0.000004 0.019553 500.000000 10.395010
250 0.000028 0.017026 600.000000 10.695188
250 0.000030 0.017335 700.000000 10.819165
250 0.000015 0.016392 800.000000 10.430247
260 0.000203 0.027858 100.000000 12.500000
260 0.000121 0.031025 200.000000 10.928962
260 0.000064 0.024765 300.000000 10.791367
260 0.000041 0.020978 400.000000 10.752688
260 0.000011 0.018630 500.000000 10.309278
260 0.000024 0.016230 600.000000 10.676157
260 0.000021 0.017143 700.000000 10.769231
260 0.000019 0.015467 800.000000 10.376135
270 0.000173 0.024435 100.000000 11.627907
270 0.000104 0.025761 200.000000 10.695188
270 0.000049 0.022732 300.000000 10.600707
270 0.000026 0.020645 400.000000 10.526316
270 0.000026 0.017658 500.000000 10.245902
270 0.000020 0.015462 600.000000 10.657193
270 0.000009 0.016905 700.000000 10.703364
270 0.000025 0.015083 800.000000 10.309278
280 0.000189 0.025765 100.000000 10.869565
280 0.000072 0.026252 200.000000 10.471204
280 0.000058 0.021900 300.000000 10.452962
280 0.000014 0.019682 400.000000 10.282776
280 0.000022 0.017120 500.000000 10.183299
280 0.000028 0.014951 600.000000 10.600707
280 0.000025 0.016359 700.000000 10.542169
280 0.000020 0.014772 800.000000 10.243278
290 0.000182 0.028050 100.000000 10.416667
290 0.000099 0.025726 200.000000 10.309278
290 0.000042 0.021151 300.000000 10.344828
290 0.000011 0.018600 400.000000 10.101010
290 0.000021 0.015752 500.000000 10.162601
290 0.000037 0.014150 600.000000 10.526316
290 0.000023 0.015474 700.000000 10.385756
290 0.000017 0.014162 800.000000 10.191083
300 0.000138 0.030889 100.000000 9.900990
300 0.000072 0.024420 200.000000 10.204082
300 0.000035 0.019880 300.000000 10.273973
300 0.000009 0.018128 400.000000 9.950249
300 0.000017 0.015333 500.000000 10.162601
300 0.000041 0.013887 600.000000 10.471204
300 0.000018 0.014778 700.000000 10.248902
300 0.000014 0.013473 800.000000 10.139417
310 0.000091 0.032357 100.000000 9.708738
310 0.000025 0.021728 200.000000 10.152285
310 0.000015 0.016125 300.000000 10.238908
310 0.000025 0.014485 400.000000 9.876543
310 0.000010 0.012925 500.000000 10.204082
310 0.000031 0.012727 600.000000 10.452962
310 0.000011 0.013306 700.000000 10.159652
310 0.000017 0.012766 800.000000 10.050251
320 0.000039 0.028758 100.000000 9.615385
320 0.000032 0.016206 200.000000 10.101010
320 0.000010 0.012672 300.000000 10.238908
320 0.000040 0.011305 400.000000 9.828010
320 0.000014 0.010990 500.000000 10.245902
320 0.000009 0.011003 600.000000 10.452962
320 0.000008 0.011372 700.000000 10.115607
320 0.000032 0.011322 800.000000 9.962640
330 0.000032 0.029344 100.000000 9.523809
330 0.000055 0.011823 200.000000 10.050251
330 0.000018 0.012288 300.000000 10.238908
330 0.000049 0.010073 400.000000 9.852217
330 0.000014 0.010926 500.000000 10.309278
330 0.000011 0.010985 600.000000 10.489511
330 0.000013 0.011405 700.000000 10.115607
330 0.000014 0.011367 800.000000 9.925558
340 0.000054 0.025735 100.000000 9.615385
340 0.000025 0.012056 200.000000 10.000000
340 0.000014 0.013859 300.000000 10.238908
340 0.000040 0.010805 400.000000 9.852217
340 0.000014 0.011620 500.000000 10.373444
340 0.000014 0.011817 600.000000 10.507881
340 0.000010 0.012019 700.000000 10.115607
340 0.000010 0.011677 800.000000 9.913259
350 0.000048 0.017647 100.000000 9.708738
350 0.000023 0.013998 200.000000 10.050251
350 0.000018 0.015547 300.000000 10.204082
350 0.000017 0.011619 400.000000 9.900990
350 0.000014 0.012048 500.000000 10.438414
350 0.000021 0.012540 600.000000 10.526316
350 0.000004 0.012335 700.000000 10.130246
350 0.000008 0.011835 800.000000 9.925558
360 0.000025 0.017827 100.000000 9.803922
360 0.000021 0.012572 200.000000 10.101010
360 0.000050 0.014461 300.000000 10.135135
360 0.000012 0.011604 400.000000 9.950249
360 0.000015 0.011940 500.000000 10.482181
360 0.000037 0.012381 600.000000 10.507881
360 0.000005 0.012471 700.000000 10.130246
360 0.000008 0.011782 800.000000 9.937888
370 0.000055 0.019643 100.000000 9.900990
370 0.000014 0.013629 200.000000 10.152285
370 0.000077 0.012623 300.000000 10.033444
370 0.000022 0.013690 400.000000 10.000000
370 0.000010 0.014039 500.000000 10.526316
370 0.000060 0.014003 600.000000 10.452962
370 0.000006 0.013615 700.000000 10.130246
370 0.000009 0.012572 800.000000 9.950249
380 0.000044 0.016888 100.000000 10.000000
380 0.000027 0.012766 200.000000 10.204082
380 0.000056 0.012643 300.000000 9.966778
380 0.000018 0.012954 400.000000 10.050251
380 0.000016 0.013419 500.000000 10.526316
380 0.000039 0.012756 600.000000 10.380623
380 0.000009 0.012661 700.000000 10.144928
380 0.000011 0.011941 800.000000 9.962640
390 0.000015 0.014658 100.000000 10.204082
390 0.000039 0.013851 200.000000 10.309278
390 0.000071 0.013910 300.000000 9.933775
390 0.000021 0.014446 400.000000 10.101010
390 0.000014 0.014147 500.000000 10.526316
390 0.000055 0.013831 600.000000 10.344828
390 0.000009 0.013383 700.000000 10.144928
390 0.000013 0.012333 800.000000 9.975062
400 0.000017 0.014619 100.000000 10.309278
400 0.000025 0.012741 200.000000 10.362695
400 0.000049 0.013418 300.000000 9.900990
400 0.000014 0.013602 400.000000 10.204082
400 0.000024 0.013194 500.000000 10.548523
400 0.000042 0.013117 600.000000 10.273973
400 0.000007 0.012871 700.000000 10.144928
400 0.000012 0.011985 800.000000 10.000000
410 0.000034 0.013005 100.000000 10.416667
410 0.000022 0.011654 200.000000 10.471204
410 0.000061 0.012754 300.000000 9.900990
410 0.000010 0.012874 400.000000 10.282776
410 0.000021 0.012203 500.000000 10.570825
410 0.000028 0.012200 600.000000 10.221465
410 0.000019 0.011947 700.000000 10.101010
410 0.000016 0.011379 800.000000 10.025063
420 0.000032 0.014268 100.000000 10.526316
420 0.000025 0.013950 200.000000 10.471204
420 0.000062 0.013428 300.000000 9.868421
420 0.000010 0.013461 400.000000 10.362695
420 0.000012 0.012628 500.000000 10.615711
420 0.000013 0.012536 600.000000 10.186757
420 0.000047 0.012216 700.000000 10.014306
420 0.000017 0.011392 800.000000 10.062893
430 0.000073 0.016559 100.000000 10.416667
430 0.000034 0.017470 200.000000 10.526316
430 0.000074 0.016315 300.000000 9.868421
430 0.000016 0.015460 400.000000 10.443864
430 0.000010 0.014487 500.000000 10.638298
430 0.000018 0.013943 600.000000 10.186757
430 0.000025 0.012690 700.000000 9.971510
430 0.000015 0.011847 800.000000 10.088272
440 0.000066 0.018194 100.000000 10.309278
440 0.000039 0.019188 200.000000 10.526316
440 0.000065 0.017515 300.000000 9.900990
440 0.000024 0.016557 400.000000 10.526316
440 0.000018 0.015707 500.000000 10.683761
440 0.000019 0.014714 600.000000 10.186757
440 0.000015 0.013023 700.000000 9.943182
440 0.000015 0.012151 800.000000 10.126582
450 0.000116 0.016567 100.000000 10.309278
450 0.000060 0.021603 200.000000 10.416667
450 0.000053 0.017886 300.000000 9.933775
450 0.000032 0.017104 400.000000 10.582010
450 0.000038 0.016725 500.000000 10.683761
450 0.000015 0.015363 600.000000 10.186757
450 0.000018 0.013519 700.000000 9.943182
450 0.000018 0.012600 800.000000 10.152285
460 0.000051 0.015470 100.000000 10.309278
460 0.000075 0.020827 200.000000 10.256411
460 0.000022 0.016527 300.000000 9.933775
460 0.000021 0.015521 400.000000 10.638298
460 0.000043 0.015334 500.000000 10.638298
460 0.000005 0.014035 600.000000 10.169492
460 0.000006 0.012163 700.000000 9.943182
460 0.000013 0.011539 800.000000 10.178117
470 0.000030 0.011609 100.000000 10.309278
470 0.000089 0.012627 200.000000 10.050251
470 0.000012 0.013926 300.000000 9.966778
470 0.000012 0.014152 400.000000 10.638298
470 0.000055 0.013989 500.000000 10.526316
470 0.000004 0.013228 600.000000 10.152285
470 0.000008 0.012125 700.000000 9.929078
470 0.000010 0.011608 800.000000 10.204082
480 0.000067 0.017409 100.000000 10.309278
480 0.000098 0.018064 200.000000 9.852217
480 0.000031 0.018096 300.000000 10.000000
480 0.000010 0.017464 400.000000 10.610080
480 0.000054 0.016329 500.000000 10.416667
480 0.000009 0.014794 600.000000 10.135135
480 0.000015 0.012947 700.000000 9.929078
480 0.000018 0.011779 800.000000 10.243278
490 0.000045 0.013525 100.000000 10.204082
490 0.000101 0.014542 200.000000 9.708738
490 0.000019 0.015495 300.000000 10.067114
490 0.000026 0.015124 400.000000 10.582010
490 0.000055 0.014414 500.000000 10.309278
490 0.000007 0.013876 600.000000 10.101010
490 0.000011 0.012488 700.000000 9.929078
490 0.000012 0.011642 800.000000 10.269576
500 0.000076 0.015410 100.000000 10.309278
500 0.000082 0.016734 200.000000 9.615385
500 0.000020 0.016299 300.000000 10.135135
500 0.000022 0.015052 400.000000 10.582010
500 0.000055 0.014928 500.000000 10.183299
500 0.000012 0.013696 600.000000 10.050251
500 0.000017 0.012185 700.000000 9.943182
500 0.000011 0.011327 800.000000 10.309278
510 0.000029 0.011787 100.000000 10.309278
510 0.000060 0.011402 200.000000 9.523809
510 0.000012 0.012237 300.000000 10.204082
510 0.000043 0.012585 400.000000 10.582010
510 0.000004 0.012759 500.000000 10.101010
510 0.000037 0.012397 600.000000 9.950249
510 0.000008 0.011523 700.000000 9.971510
510 0.000001 0.011000 800.000000 10.335917
520 0.000102 0.019437 100.000000 10.416667
520 0.000121 0.018424 200.000000 9.523809
520 0.000032 0.017018 300.000000 10.344828
520 0.000012 0.015602 400.000000 10.638298
520 0.000027 0.015173 500.000000 10.101010
520 0.000049 0.013655 600.000000 9.884679
520 0.000023 0.012365 700.000000 10.000000
520 0.000015 0.012020 800.000000 10.389610
530 0.000157 0.026039 100.000000 10.526316
530 0.000143 0.022246 200.000000 9.569378
530 0.000051 0.019614 300.000000 10.452962
530 0.000038 0.018101 400.000000 10.695188
530 0.000037 0.017266 500.000000 10.121457
530 0.000026 0.015059 600.000000 9.852217
530 0.000027 0.013619 700.000000 10.043041
530 0.000020 0.013718 800.000000 10.443864
540 0.000017 0.024488 100.000000 10.526316
540 0.000055 0.013412 200.000000 9.661836
540 0.000016 0.013404 300.000000 10.563380
540 0.000012 0.013547 400.000000 10.752688
540 0.000009 0.012660 500.000000 10.121457
540 0.000009 0.011882 600.000000 9.852217
540 0.000007 0.011795 700.000000 10.086455
540 0.000003 0.011758 800.000000 10.484928
550 0.000027 0.025791 100.000000 10.309278
550 0.000011 0.014521 200.000000 9.708738
550 0.000020 0.014027 300.000000 10.676157
550 0.000023 0.014471 400.000000 10.752688
550 0.000015 0.013038 500.000000 10.121457
550 0.000005 0.011797 600.000000 9.868421
550 0.000008 0.011691 700.000000 10.130246
550 0.000005 0.011773 800.000000 10.526316
560 0.000228 0.016268 100.000000 9.803922
560 0.000035 0.017693 200.000000 9.708738
560 0.000026 0.016832 300.000000 10.714286
560 0.000080 0.016895 400.000000 10.638298
560 0.000004 0.015389 500.000000 10.101010
560 0.000007 0.013567 600.000000 9.852217
560 0.000015 0.012971 700.000000 10.159652
560 0.000013 0.013137 800.000000 10.554090
570 0.000158 0.016168 100.000000 9.523809
570 0.000016 0.017223 200.000000 9.756098
570 0.000019 0.017041 300.000000 10.676157
570 0.000044 0.016178 400.000000 10.498688
570 0.000004 0.014830 500.000000 10.080646
570 0.000008 0.013299 600.000000 9.852217
570 0.000012 0.012452 700.000000 10.189228
570 0.000010 0.012675 800.000000 10.596026
580 0.000130 0.017610 100.000000 9.259259
580 0.000013 0.016524 200.000000 9.852217
580 0.000040 0.014576 300.000000 10.676157
580 0.000069 0.014027 400.000000 10.362695
580 0.000009 0.012897 500.000000 10.060362
580 0.000007 0.011572 600.000000 9.852217
580 0.000010 0.010692 700.000000 10.233918
580 0.000008 0.011057 800.000000 10.624170
590 0.000117 0.014871 100.000000 9.009009
590 0.000021 0.014557 200.000000 9.950249
590 0.000060 0.013633 300.000000 10.638298
590 0.000051 0.012717 400.000000 10.204082
590 0.000010 0.012651 500.000000 10.020041
590 0.000012 0.011800 600.000000 9.852217
590 0.000008 0.011341 700.000000 10.263929
590 0.000014 0.012122 800.000000 10.652463
600 0.000140 0.013204 100.000000 8.849558
600 0.000011 0.013503 200.000000 10.050251
600 0.000050 0.012992 300.000000 10.600707
600 0.000031 0.012694 400.000000 10.075566
600 0.000024 0.012617 500.000000 9.920635
600 0.000016 0.012116 600.000000 9.868421
600 0.000008 0.011888 700.000000 10.294118
600 0.000013 0.012799 800.000000 10.695188
610 0.000149 0.013087 100.000000 8.695652
610 0.000011 0.014261 200.000000 10.152285
610 0.000032 0.014040 300.000000 10.638298
610 0.000007 0.013333 400.000000 10.000000
610 0.000050 0.012862 500.000000 9.803922
610 0.000012 0.012224 600.000000 9.900990
610 0.000005 0.011889 700.000000 10.339734
610 0.000013 0.012464 800.000000 10.723861
620 0.000142 0.015049 100.000000 8.695652
620 0.000021 0.013869 200.000000 10.309278
620 0.000015 0.014188 300.000000 10.676157
620 0.000012 0.012705 400.000000 10.000000
620 0.000020 0.012350 500.000000 9.727627
620 0.000012 0.012122 600.000000 9.933775
620 0.000004 0.011985 700.000000 10.385756
620 0.000012 0.012498 800.000000 10.767160
630 0.000125 0.018763 100.000000 8.771930
630 0.000009 0.014878 200.000000 10.471204
630 0.000007 0.015601 300.000000 10.752688
630 0.000007 0.013374 400.000000 10.000000
630 0.000008 0.012224 500.000000 9.708738
630 0.000009 0.011944 600.000000 9.983361
630 0.000003 0.011692 700.000000 10.447762
630 0.000010 0.012118 800.000000 10.810811
640 0.000045 0.020967 100.000000 8.928572
640 0.000015 0.015620 200.000000 10.638298
640 0.000026 0.016904 300.000000 10.830325
640 0.000012 0.013598 400.000000 10.025063
640 0.000008 0.012369 500.000000 9.727627
640 0.000007 0.012252 600.000000 10.033444
640 0.000004 0.012044 700.000000 10.494753
640 0.000010 0.012664 800.000000 10.869565
650 0.000057 0.022137 100.000000 9.174312
650 0.000027 0.017632 200.000000 10.869565
650 0.000032 0.018600 300.000000 10.869565
650 0.000029 0.014328 400.000000 10.075566
650 0.000017 0.012701 500.000000 9.765625
650 0.000007 0.012360 600.000000 10.101010
650 0.000005 0.011707 700.000000 10.574018
650 0.000005 0.012709 800.000000 10.928962
660 0.000152 0.018302 100.000000 9.433962
660 0.000079 0.019621 200.000000 11.111111
660 0.000035 0.021133 300.000000 10.869565
660 0.000053 0.016193 400.000000 10.126582
660 0.000043 0.013769 500.000000 9.823183
660 0.000021 0.012989 600.000000 10.186757
660 0.000017 0.011587 700.000000 10.638298
660 0.000014 0.013102 800.000000 11.004127
670 0.000136 0.018299 100.000000 9.803922
670 0.000110 0.019597 200.000000 11.299435
670 0.000020 0.019651 300.000000 10.830325
670 0.000049 0.015458 400.000000 10.178117
670 0.000038 0.013262 500.000000 9.881423
670 0.000018 0.012226 600.000000 10.256411
670 0.000015 0.011284 700.000000 10.719755
670 0.000011 0.012686 800.000000 11.065007
680 0.000098 0.019540 100.000000 10.101010
680 0.000102 0.019577 200.000000 11.363636
680 0.000023 0.018339 300.000000 10.791367
680 0.000035 0.014955 400.000000 10.230179
680 0.000019 0.012825 500.000000 9.920635
680 0.000007 0.011422 600.000000 10.344828
680 0.000009 0.010858 700.000000 10.785825
680 0.000005 0.011840 800.000000 11.142061
690 0.000139 0.020653 100.000000 10.526316
690 0.000135 0.020133 200.000000 11.494253
690 0.000037 0.018850 300.000000 10.714286
690 0.000043 0.016020 400.000000 10.256411
690 0.000027 0.013309 500.000000 9.960159
690 0.000016 0.011276 600.000000 10.416667
690 0.000013 0.010681 700.000000 10.852714
690 0.000010 0.012081 800.000000 11.204482
700 0.000107 0.020166 100.000000 10.869565
700 0.000135 0.019780 200.000000 11.560694
700 0.000036 0.017863 300.000000 10.600707
700 0.000035 0.015720 400.000000 10.282776
700 0.000018 0.013049 500.000000 10.020041
700 0.000012 0.011253 600.000000 10.489511
700 0.000005 0.011011 700.000000 10.920437
700 0.000008 0.012061 800.000000 11.267606
710 0.000123 0.019873 100.000000 11.363636
710 0.000137 0.020161 200.000000 11.695907
710 0.000015 0.017291 300.000000 10.526316
710 0.000017 0.015411 400.000000 10.230179
710 0.000017 0.012926 500.000000 10.080646
710 0.000016 0.011328 600.000000 10.563380
710 0.000005 0.010897 700.000000 10.989011
710 0.000011 0.012343 800.000000 11.331445
720 0.000165 0.022380 100.000000 11.764706
720 0.000137 0.022903 200.000000 11.834319
720 0.000041 0.018656 300.000000 10.489511
720 0.000025 0.015272 400.000000 10.126582
720 0.000018 0.012872 500.000000 10.121457
720 0.000023 0.010819 600.000000 10.619469
720 0.000009 0.010080 700.000000 11.041010
720 0.000015 0.011892 800.000000 11.396011
730 0.000163 0.022266 100.000000 12.195122
730 0.000101 0.023143 200.000000 11.904762
730 0.000038 0.018136 300.000000 10.452962
730 0.000006 0.015241 400.000000 10.000000
730 0.000020 0.012917 500.000000 10.183299
730 0.000024 0.010665 600.000000 10.695188
730 0.000010 0.010823 700.000000 11.093502
730 0.000013 0.011606 800.000000 11.444921
740 0.000109 0.017127 100.000000 12.658228
740 0.000056 0.019796 200.000000 11.976048
740 0.000029 0.014601 300.000000 10.416667
740 0.000025 0.012191 400.000000 9.950249
740 0.000018 0.010978 500.000000 10.224949
740 0.000018 0.009382 600.000000 10.733453
740 0.000009 0.010137 700.000000 11.146497
740 0.000009 0.010417 800.000000 11.494253
750 0.000051 0.014819 100.000000 12.987013
750 0.000019 0.018747 200.000000 11.976048
750 0.000031 0.013787 300.000000 10.416667
750 0.000015 0.011843 400.000000 9.925558
750 0.000008 0.011312 500.000000 10.266940
750 0.000007 0.010753 600.000000 10.791367
750 0.000004 0.011313 700.000000 11.182109
750 0.000004 0.011256 800.000000 11.544011
760 0.000030 0.014176 100.000000 13.157895
760 0.000079 0.016962 200.000000 11.834319
760 0.000023 0.013691 300.000000 10.344828
760 0.000014 0.012028 400.000000 9.900990
760 0.000008 0.011707 500.000000 10.288066
760 0.000005 0.012020 600.000000 10.830325
760 0.000009 0.012099 700.000000 11.217949
760 0.000006 0.011948 800.000000 11.577424
770 0.000083 0.015498 100.000000 12.987013
770 0.000118 0.016170 200.000000 11.363636
770 0.000018 0.013681 300.000000 10.273973
770 0.000015 0.012374 400.000000 9.852217
770 0.000009 0.011688 500.000000 10.330579
770 0.000008 0.012208 600.000000 10.849910
770 0.000010 0.012274 700.000000 11.254020
770 0.000007 0.012079 800.000000 11.611031
780 0.000113 0.015882 100.000000 12.658228
780 0.000117 0.016344 200.000000 10.928962
780 0.000012 0.014587 300.000000 10.169492
780 0.000009 0.013082 400.000000 9.828010
780 0.000010 0.012075 500.000000 10.351967
780 0.000007 0.012541 600.000000 10.869565
780 0.000009 0.012522 700.000000 11.272141
780 0.000007 0.012121 800.000000 11.627907
790 0.000165 0.014702 100.000000 12.048193
790 0.000097 0.015759 200.000000 10.416667
790 0.000013 0.014097 300.000000 10.033444
790 0.000012 0.012532 400.000000 9.779951
790 0.000008 0.011668 500.000000 10.373444
790 0.000016 0.012356 600.000000 10.889292
790 0.000007 0.011959 700.000000 11.290322
790 0.000005 0.011534 800.000000 11.644833
800 0.000143 0.015831 100.000000 11.764706
800 0.000051 0.015543 200.000000 9.950249
800 0.000072 0.013770 300.000000 9.740260
800 0.000020 0.012514 400.000000 9.756098
800 0.000006 0.012092 500.000000 10.373444
800 0.000019 0.013210 600.000000 10.889292
800 0.000007 0.012135 700.000000 11.308562
800 0.000008 0.011621 800.000000 11.611031
810 0.000046 0.015982 100.000000 11.363636
810 0.000023 0.013645 200.000000 9.661836
810 0.000051 0.012814 300.000000 9.404388
810 0.000019 0.012084 400.000000 9.732360
810 0.000004 0.012331 500.000000 10.395010
810 0.000017 0.012545 600.000000 10.889292
810 0.000009 0.012390 700.000000 11.308562
810 0.000038 0.011966 800.000000 11.510792
820 0.000019 0.020029 100.000000 11.111111
820 0.000008 0.014052 200.000000 9.478673
820 0.000008 0.012642 300.000000 9.202454
820 0.000009 0.011910 400.000000 9.708738
820 0.000003 0.012278 500.000000 10.395010
820 0.000011 0.011975 600.000000 10.909091
820 0.000005 0.012007 700.000000 11.326860
820 0.000041 0.010969 800.000000 11.267606
830 0.000098 0.026187 100.000000 10.752688
830 0.000047 0.015792 200.000000 9.345795
830 0.000012 0.012673 300.000000 9.118541
830 0.000004 0.011209 400.000000 9.732360
830 0.000006 0.011341 500.000000 10.416667
830 0.000007 0.010686 600.000000 10.909091
830 0.000006 0.010248 700.000000 11.345219
830 0.000007 0.008600 800.000000 11.111111
840 0.000251 0.023649 100.000000 10.204082
840 0.000025 0.016203 200.000000 9.259259
840 0.000015 0.013650 300.000000 9.090909
840 0.000010 0.012380 400.000000 9.756098
840 0.000009 0.012719 500.000000 10.438414
840 0.000009 0.012015 600.000000 10.948905
840 0.000008 0.011688 700.000000 11.382113
840 0.000013 0.009824 800.000000 11.034483
850 0.000221 0.021603 100.000000 9.708738
850 0.000024 0.018853 200.000000 9.216590
850 0.000022 0.018046 300.000000 9.090909
850 0.000037 0.017557 400.000000 9.803922
850 0.000027 0.018606 500.000000 10.504202
850 0.000025 0.017737 600.000000 11.009174
850 0.000021 0.017769 700.000000 11.419250
850 0.000017 0.015143 800.000000 10.973937
860 0.000391 0.020696 100.000000 9.433962
860 0.000050 0.018347 200.000000 9.216590
860 0.000045 0.018111 300.000000 9.118541
860 0.000044 0.018430 400.000000 9.900990
860 0.000035 0.019686 500.000000 10.570825
860 0.000032 0.018950 600.000000 11.070110
860 0.000027 0.019043 700.000000 11.494253
870 0.000354 0.023962 100.000000 9.009009
870 0.000071 0.020416 200.000000 9.174312
870 0.000066 0.020426 300.000000 9.146341
870 0.000052 0.021187 400.000000 9.975062
870 0.000051 0.022522 500.000000 10.638298
870 0.000037 0.021585 600.000000 11.131725
870 0.000030 0.021915 700.000000 11.532125
880 0.000308 0.021643 100.000000 8.620689
880 0.000115 0.018339 200.000000 9.009009
880 0.000076 0.019127 300.000000 9.174312
880 0.000046 0.020381 400.000000 10.025063
880 0.000051 0.022494 500.000000 10.683761
880 0.000033 0.020677 600.000000 11.194030
880 0.000029 0.020986 700.000000 11.570248
890 0.000122 0.018669 100.000000 8.403361
890 0.000187 0.016986 200.000000 8.733624
890 0.000054 0.015473 300.000000 9.202454
890 0.000029 0.016402 400.000000 10.101010
890 0.000038 0.017699 500.000000 10.729613
890 0.000022 0.016278 600.000000 11.235955
890 0.000033 0.015762 700.000000 11.570248
900 0.000053 0.015307 100.000000 8.264462
900 0.000047 0.013474 200.000000 8.510638
900 0.000026 0.011711 300.000000 9.259259
900 0.000011 0.012976 400.000000 10.152285
900 0.000022 0.012206 500.000000 10.775862
900 0.000011 0.011949 600.000000 11.278195
900 0.000052 0.011198 700.000000 11.419250
910 0.000045 0.013050 100.000000 8.130081
910 0.000012 0.010432 200.000000 8.403361
910 0.000013 0.009144 300.000000 9.287926
910 0.000005 0.010944 400.000000 10.204082
910 0.000014 0.009313 500.000000 10.822511
910 0.000008 0.009313 600.000000 11.320755
910 0.000038 0.008023 700.000000 11.217949
920 0.000151 0.010962 100.000000 8.130081
920 0.000046 0.008293 200.000000 8.403361
920 0.000025 0.008490 300.000000 9.345795
920 0.000017 0.009864 400.000000 10.256411
920 0.000011 0.009419 500.000000 10.893247
920 0.000010 0.009653 600.000000 11.406844
920 0.000005 0.008491 700.000000 11.128776
930 0.000236 0.011978 100.000000 8.264462
930 0.000115 0.008250 200.000000 8.474576
930 0.000049 0.009777 300.000000 9.463722
930 0.000037 0.010307 400.000000 10.389610
930 0.000028 0.010945 500.000000 10.989011
930 0.000023 0.011124 600.000000 11.494253
930 0.000013 0.010587 700.000000 11.128776
940 0.000318 0.016460 100.000000 8.403361
940 0.000157 0.014288 200.000000 8.583691
940 0.000075 0.015798 300.000000 9.615385
940 0.000056 0.016005 400.000000 10.526316
940 0.000042 0.017461 500.000000 11.111111
940 0.000035 0.017564 600.000000 11.605416
940 0.000025 0.016793 700.000000 11.146497
950 0.000183 0.013884 100.000000 8.620689
950 0.000086 0.010095 200.000000 8.733624
950 0.000033 0.009480 300.000000 9.771987
950 0.000025 0.010567 400.000000 10.666667
950 0.000017 0.011285 500.000000 11.235955
950 0.000014 0.011244 600.000000 11.718750
950 0.000014 0.010017 700.000000 11.146497
960 0.000252 0.019380 100.000000 8.849558
960 0.000102 0.014569 200.000000 8.849558
960 0.000055 0.013619 300.000000 9.933775
960 0.000045 0.014468 400.000000 10.781672
960 0.000030 0.015469 500.000000 11.363636
960 0.000028 0.015420 600.000000 11.834319
960 0.000031 0.013710 700.000000 11.146497
970 0.000291 0.026217 100.000000 9.009009
970 0.000128 0.020101 200.000000 8.968610
970 0.000072 0.018606 300.000000 10.101010
970 0.000049 0.019524 400.000000 10.928962
970 0.000040 0.020642 500.000000 11.494253
970 0.000037 0.020391 600.000000 11.952191
980 0.000213 0.020238 100.000000 9.259259
980 0.000080 0.014403 200.000000 9.174312
980 0.000049 0.012831 300.000000 10.273973
980 0.000025 0.014460 400.000000 11.080333
980 0.000028 0.014869 500.000000 11.627907
980 0.000025 0.014451 600.000000 12.072434
990 0.000211 0.021398 100.000000 9.345795
990 0.000086 0.015246 200.000000 9.345795
990 0.000062 0.014060 300.000000 10.452962
990 0.000029 0.016299 400.000000 11.235955
990 0.000035 0.015925 500.000000 11.792453
990 0.000030 0.015637 600.000000 12.195122
1000 0.000146 0.012316 100.000000 9.174312
1000 0.000011 0.008660 200.000000 9.523809
1000 0.000025 0.007992 300.000000 10.638298
1000 0.000003 0.011430 400.000000 11.396011
1000 0.000012 0.009543 500.000000 11.904762
1000 0.000012 0.009101 600.000000 12.269938
1010 0.000244 0.011894 100.000000 8.928572
1010 0.000023 0.010378 200.000000 9.661836
1010 0.000005 0.010980 300.000000 10.791367
1010 0.000019 0.012371 400.000000 11.527377
1010 0.000003 0.011501 500.000000 12.048193
1010 0.000026 0.010897 600.000000 12.295082
1020 0.000049 0.011154 100.000000 8.695652
1020 0.000012 0.009577 200.000000 9.756098
1020 0.000012 0.010795 300.000000 10.948905
1020 0.000016 0.010350 400.000000 11.627907
1020 0.000004 0.010546 500.000000 12.135922
1020 0.000052 0.010597 600.000000 12.170385
1030 0.000011 0.011368 100.000000 8.620689
1030 0.000015 0.009379 200.000000 9.900990
1030 0.000009 0.011651 300.000000 11.070110
1030 0.000019 0.010271 400.000000 11.730206
1030 0.000009 0.010289 500.000000 12.224939
1030 0.000050 0.008818 600.000000 11.952191
1040 0.000061 0.016233 100.000000 8.620689
1040 0.000038 0.014577 200.000000 10.000000
1040 0.000023 0.016488 300.000000 11.194030
1040 0.000027 0.015334 400.000000 11.834319
1040 0.000017 0.015031 500.000000 12.345679
1040 0.000023 0.012990 600.000000 11.834319
1050 0.000026 0.018025 100.000000 8.620689
1050 0.000046 0.015948 200.000000 10.152285
1050 0.000031 0.017935 300.000000 11.320755
1050 0.000029 0.016435 400.000000 11.940298
1050 0.000021 0.016241 500.000000 12.437811
1050 0.000026 0.013798 600.000000 11.764706
1060 0.000034 0.017545 100.000000 8.695652
1060 0.000047 0.016118 200.000000 10.309278
1060 0.000031 0.017428 300.000000 11.450381
1060 0.000028 0.016435 400.000000 12.048193
1060 0.000021 0.016103 500.000000 12.531328
1060 0.000021 0.013083 600.000000 11.718750
1070 0.000047 0.017239 100.000000 8.771930
1070 0.000047 0.016004 200.000000 10.471204
1070 0.000027 0.016420 300.000000 11.583012
1070 0.000027 0.015336 400.000000 12.158054
1070 0.000021 0.014893 500.000000 12.626263
1070 0.000008 0.011808 600.000000 11.627907
1080 0.000062 0.016061 100.000000 8.849558
1080 0.000039 0.015463 200.000000 10.695188
1080 0.000032 0.015873 300.000000 11.718750
1080 0.000023 0.014457 400.000000 12.307693
1080 0.000015 0.013881 500.000000 12.755102
1090 0.000068 0.015666 100.000000 9.009009
1090 0.000041 0.014988 200.000000 10.869565
1090 0.000048 0.015015 300.000000 11.904762
1090 0.000025 0.011976 400.000000 12.461060
1090 0.000018 0.011845 500.000000 12.853471
1100 0.000050 0.011224 100.000000 9.345795
1100 0.000013 0.010788 200.000000 11.173184
1100 0.000017 0.014677 300.000000 12.096774
1100 0.000006 0.010692 400.000000 12.658228
1100 0.000010 0.010236 500.000000 12.987013
1110 0.000174 0.016781 100.000000 9.803922
1110 0.000113 0.017258 200.000000 11.560694
1110 0.000046 0.021420 300.000000 12.396694
1110 0.000052 0.020202 400.000000 12.861736
1110 0.000042 0.020293 500.000000 13.157895
1120 0.000196 0.018442 100.000000 10.309278
1120 0.000124 0.018312 200.000000 11.976048
1120 0.000058 0.021308 300.000000 12.658228
1120 0.000058 0.021234 400.000000 13.114754
1120 0.000028 0.021799 500.000000 13.262600
1130 0.000080 0.007974 100.000000 10.869565
1130 0.000050 0.008524 200.000000 12.345679
1130 0.000011 0.008685 300.000000 12.931034
1130 0.000017 0.009028 400.000000 13.333333
1130 0.000036 0.009040 500.000000 13.262600
1140 0.000023 0.008166 100.000000 11.235955
1140 0.000008 0.011253 200.000000 12.658228
1140 0.000018 0.009952 300.000000 13.157895
1140 0.000009 0.010192 400.000000 13.559322
1140 0.000063 0.009504 500.000000 13.054831
1150 0.000024 0.007038 100.000000 11.627907
1150 0.000012 0.010964 200.000000 12.903226
1150 0.000024 0.008923 300.000000 13.333333
1150 0.000012 0.008869 400.000000 13.698630
1150 0.000038 0.006793 500.000000 12.820513
1160 0.000044 0.009065 100.000000 11.904762
1160 0.000025 0.012936 200.000000 13.157895
1160 0.000019 0.011131 300.000000 13.513514
1160 0.000014 0.010724 400.000000 13.840831
1160 0.000018 0.008439 500.000000 12.690355
1170 0.000073 0.013375 100.000000 12.345679
1170 0.000039 0.015995 200.000000 13.333333
1170 0.000029 0.015086 300.000000 13.698630
1170 0.000023 0.014558 400.000000 13.986014
1170 0.000027 0.011402 500.000000 12.594459
1180 0.000080 0.012722 100.000000 12.658228
1180 0.000034 0.014586 200.000000 13.605442
1180 0.000030 0.014111 300.000000 13.824884
1180 0.000020 0.013352 400.000000 14.084507
1180 0.000011 0.010050 500.000000 12.468828
1190 0.000048 0.011486 100.000000 13.157895
1190 0.000031 0.012770 200.000000 13.793103
1190 0.000021 0.011707 300.000000 14.018692
1190 0.000013 0.010802 400.000000 14.234876
1200 0.000020 0.009467 100.000000 13.513514
1200 0.000038 0.012642 200.000000 13.986014
1200 0.000010 0.009379 300.000000 14.150944
1200 0.000002 0.008356 400.000000 14.285714
1210 0.000059 0.010111 100.000000 13.698630
1210 0.000022 0.016346 200.000000 14.084507
1210 0.000012 0.010269 300.000000 14.285714
1210 0.000022 0.009345 400.000000 14.285714
1220 0.000051 0.011829 100.000000 13.888889
1220 0.000032 0.008193 200.000000 14.184397
1220 0.000017 0.006941 300.000000 14.354067
1220 0.000054 0.005610 400.000000 13.986014
1230 0.000044 0.016850 100.000000 14.084507
1230 0.000020 0.009398 200.000000 14.285714
1230 0.000012 0.009435 300.000000 14.423077
1230 0.000075 0.007628 400.000000 13.333333
1240 0.000021 0.017146 100.000000 14.285714
1240 0.000016 0.010182 200.000000 14.285714
1240 0.000011 0.009354 300.000000 14.492754
1240 0.000010 0.006369 400.000000 12.861736
1250 0.000010 0.015560 100.000000 14.285714
1250 0.000007 0.011660 200.000000 14.388489
1250 0.000008 0.010273 300.000000 14.492754
1250 0.000014 0.007033 400.000000 12.578616
1260 0.000013 0.013405 100.000000 14.285714
1260 0.000011 0.012835 200.000000 14.388489
1260 0.000012 0.010135 300.000000 14.563107
1260 0.000016 0.006265 400.000000 12.232416
1270 0.000057 0.016435 100.000000 14.285714
1270 0.000012 0.014424 200.000000 14.388489
1270 0.000007 0.011382 300.000000 14.492754
1280 0.000082 0.024226 100.000000 14.084507
1280 0.000015 0.012112 200.000000 14.388489
1280 0.000015 0.009069 300.000000 14.423077
1290 0.000083 0.013577 100.000000 14.084507
1290 0.000021 0.015764 200.000000 14.388489
1290 0.000095 0.011779 300.000000 13.953488
1300 0.000066 0.019683 100.000000 14.084507
1300 0.000021 0.016478 200.000000 14.388489
1300 0.000098 0.013186 300.000000 12.931034
1310 0.000027 0.021865 100.000000 14.084507
1310 0.000012 0.014242 200.000000 14.492754
1310 0.000017 0.008653 300.000000 12.345679
1320 0.000031 0.023087 100.000000 14.084507
1320 0.000010 0.012752 200.000000 14.492754
1320 0.000015 0.008032 300.000000 12.000000
1330 0.000029 0.023173 100.000000 14.084507
1330 0.000021 0.011925 200.000000 14.492754
1330 0.000015 0.005195 300.000000 11.538462
1340 0.000045 0.025730 100.000000 14.084507
1340 0.000032 0.010823 200.000000 14.492754
1350 0.000072 0.034189 100.000000 14.285714
1350 0.000040 0.017897 200.000000 14.285714
1360 0.000046 0.019276 100.000000 14.285714
1360 0.000104 0.014770 200.000000 13.605442
1370 0.000037 0.012011 100.000000 14.492754
1370 0.000122 0.008479 200.000000 12.269938
1380 0.000012 0.008148 100.000000 14.492754
1380 0.000022 0.002890 200.000000 11.494253
1390 0.000030 0.007818 100.000000 14.492754
1390 0.000024 0.003396 200.000000 11.049724
1400 0.000028 0.008090 100.000000 14.492754
1410 0.000019 0.012401 100.000000 14.492754
1420 0.000097 0.006399 100.000000 13.888889
1430 0.000344 0.022091 100.000000 12.195122
1440 0.000165 0.002904 100.000000 10.101010
1450 0.000054 0.003275 100.000000 9.259259
1460 0.000028 0.005352 100.000000 8.547009
