0.000000 -0.000000 0.000000 0.000000
0.287920 2.986691 0.344542 2.946265
0.971569 5.887651 1.087588 5.793585
2.050498 8.646240 2.216960 8.505718
3.483068 11.215600 3.756465 11.093643
5.252124 13.530580 5.587132 13.358532
7.315983 15.554830 7.710997 15.351122
9.617499 17.248350 10.077921 17.006995
12.138440 18.605410 12.659515 18.330644
14.845670 19.655580 15.434942 19.358905
17.710960 20.442900 18.371155 20.106634
20.708720 20.958900 21.421824 20.571394
23.853650 21.214680 24.720241 20.764583
27.127230 21.215640 28.064243 20.715396
30.502910 21.029600 31.528431 20.486644
33.942320 20.718590 35.049713 20.110689
37.526800 20.278900 38.693279 19.604646
41.305500 19.746480 42.531277 18.994055
45.281370 19.137530 46.562328 18.299730
49.442010 18.473180 50.777626 17.540987
53.784140 17.768220 55.171199 16.734254
58.319700 17.046980 59.743911 15.905434
63.045640 16.314830 64.660670 15.030119
67.933580 15.564290 69.597076 14.164128
72.949570 14.807080 74.653092 13.290801
78.112070 14.037650 79.865561 12.401167
83.403150 13.249300 85.211691 11.490399
88.827470 12.428430 90.695532 10.546496
94.384170 11.569350 96.313160 9.561646
100.052700 10.639880 102.064074 8.507296
105.791000 9.611618 107.892654 7.353064
111.620600 8.486629 113.991635 6.050892
117.518200 7.246929 119.958530 4.669799
123.481700 5.883248 125.970424 3.161348
129.500400 4.402279 132.031286 1.531379
135.583700 2.806947 138.163581 -0.210370
141.730400 1.132152 144.347949 -2.034796
147.930500 -0.644931 150.569874 -3.963226
154.181200 -2.533182 156.838272 -6.003934
160.473700 -4.525316 163.162904 -8.152069
166.825700 -6.614701 169.747484 -10.471294
173.224500 -8.806086 176.176162 -12.821446
179.671400 -11.085600 182.680686 -15.265957
186.169900 -13.447970 189.211187 -17.792008
192.708700 -15.908790 195.783324 -20.418359
199.295800 -18.474840 202.386311 -23.147022
205.877000 -21.127230 208.999731 -25.969918
212.474400 -23.878960 215.687349 -28.885201
219.085400 -26.695130 222.374752 -31.866332
225.674300 -29.566300 229.034660 -34.912970
232.258400 -32.511370 235.912214 -38.132290
238.826600 -35.515520 242.519393 -41.311663
245.357100 -38.591140 249.070734 -44.564955
251.842400 -41.746310 255.543147 -47.889756
258.295100 -44.977770 262.001594 -51.302194
264.734000 -48.300070 268.469004 -54.813790
271.174400 -51.720410 274.964778 -58.422464
277.658000 -55.253110 281.471344 -62.129691
284.188500 -58.892510 287.959385 -65.939006
290.770400 -62.649290 294.559907 -69.882023
297.421200 -66.505210 301.466898 -74.069022
304.114100 -70.451700 308.193204 -78.224473
310.871400 -74.512450 314.851159 -82.461177
317.638300 -78.729880 321.404713 -86.811349
324.412000 -83.100090 328.066164 -91.340360
331.147700 -87.570510 334.663628 -95.962660
337.838900 -92.151540 341.233915 -100.700991
344.489200 -96.836160 347.854472 -105.572923
351.109400 -101.590900 354.398382 -110.508403
357.680900 -106.441100 360.904861 -115.528823
364.205100 -111.363100 367.342841 -120.616144
370.654300 -116.349400 373.988302 -125.966504
377.044400 -121.373300 380.247650 -131.141447
383.353100 -126.497900 386.716213 -136.525057
389.648900 -131.627300 392.923308 -141.836891
395.838500 -136.824400 399.208166 -147.281115
401.977500 -142.068800 405.433266 -152.789083
408.063900 -147.386100 411.641531 -158.357338
414.119900 -152.725600 417.852031 -163.970510
420.140100 -158.070100 423.924058 -169.545646
426.135700 -163.442300 429.925434 -175.128666
432.096100 -168.831000 436.056645 -180.888149
438.042000 -174.202900 441.718836 -186.272045
444.039200 -179.520000 447.450813 -191.635093
450.064000 -184.791600 452.624626 -196.567555
456.158000 -189.992400 458.498470 -201.847683
462.246200 -195.183000 464.622562 -207.272274
468.350900 -200.337600 470.443357 -212.454776
474.468300 -205.478700 476.238132 -217.583998
480.606000 -210.588600 482.084794 -222.701948
486.757700 -215.677000 488.199969 -227.966291
492.916600 -220.757600 494.379534 -233.256028
499.072200 -225.827000 500.929648 -238.830878
505.239000 -230.914300 507.229890 -244.209116
511.393900 -235.996900 513.480132 -249.560325
517.549300 -241.076200 519.624972 -254.834717
523.710600 -246.155700 525.788041 -260.118536
529.865100 -251.222800 531.919178 -265.372667
536.037700 -256.292500 538.079784 -270.638593
542.213600 -261.366100 544.262475 -275.926662
548.376000 -266.436600 550.459111 -281.234876
554.549300 -271.525400 556.593961 -286.501270
560.720400 -276.614600 562.922056 -291.932856
566.895900 -281.702100 569.037719 -297.177522
573.077300 -286.787100 575.141817 -302.401977
579.254000 -291.852900 581.272656 -307.632451
585.438300 -296.913900 587.343714 -312.793473
591.610800 -301.938300 593.428727 -317.938000
597.802700 -306.948800 599.554185 -323.090917
604.002400 -311.952300 605.748819 -328.285804
610.204100 -316.963500 611.947289 -333.491850
616.401400 -321.978100 618.337887 -338.864241
622.606700 -326.989100 624.513706 -344.056474
628.813800 -331.994200 630.696001 -349.246448
635.032400 -336.999800 636.866770 -354.413633
641.237400 -341.988600 643.035656 -359.565141
647.445400 -346.968600 649.198908 -364.695846
653.662300 -351.935500 655.341699 -369.790831
659.877900 -356.880600 661.505194 -374.882807
666.112000 -361.828900 667.668514 -379.957249
672.350500 -366.769500 673.882156 -385.070077
678.587600 -371.720300 680.300860 -390.367821
684.819800 -376.684200 686.484042 -395.486988
691.040800 -381.648800 692.669490 -400.610638
697.271000 -386.614300 698.885731 -405.738949
703.506500 -391.568600 705.086237 -410.836169
709.744100 -396.517700 711.277879 -415.911378
715.983900 -401.433800 717.445537 -420.945771
722.229600 -406.329600 723.599683 -425.944364
728.498300 -411.207700 729.772838 -430.930836
734.766400 -416.073400 735.966243 -435.913115
741.047900 -420.934000 742.387935 -441.061821
747.328900 -425.791700 748.694268 -446.123098
753.611600 -430.654100 754.853435 -451.046759
759.909100 -435.497600 760.999112 -455.936572
766.234600 -440.329500 767.172835 -460.814816
772.573000 -445.140400 773.412951 -465.715083
778.917600 -449.932200 779.678676 -470.608666
785.270600 -454.711000 786.115465 -475.628188
791.604400 -459.487600 792.522269 -480.641158
797.914000 -464.271400 798.797283 -485.570394
804.202800 -469.044800 805.170249 -490.587862
810.490200 -473.819600 811.373829 -495.459743
816.791500 -478.590500 817.615062 -500.334033
823.116400 -483.340400 823.791687 -505.115716
829.464500 -488.061400 829.961177 -509.849875
835.854100 -492.776100 836.211298 -514.613621
842.262300 -497.485400 842.537591 -519.419162
848.682700 -502.196400 849.055529 -524.381808
855.114700 -506.913500 855.461904 -529.249857
861.557000 -511.637000 861.831341 -534.074310
868.011600 -516.355400 868.444807 -539.072966
874.441900 -521.049300 874.747018 -543.804849
880.882200 -525.706500 880.753133 -548.252809
887.323800 -530.307900 886.821586 -552.707336
893.755000 -534.861900 892.974736 -557.190021
900.174200 -539.374300 899.060269 -561.584354
906.591000 -543.848100 905.390366 -566.138764
912.989900 -548.291900 911.890457 -570.804613
919.400600 -552.731200 918.228133 -575.332528
925.806600 -557.125700 924.718147 -579.969065
932.226300 -561.535200 931.177611 -584.582911
938.632500 -565.932700 937.765924 -589.263294
945.057500 -570.322000 944.149191 -593.771987
951.507700 -574.710200 950.434838 -598.172283
957.980400 -579.074900 956.719965 -602.538300
964.464000 -583.424600 963.065053 -606.922244
970.963300 -587.758200 969.605479 -611.431290
977.455300 -592.093300 976.025078 -615.844768
983.961700 -596.421100 982.581860 -620.362202
990.461700 -600.766400 989.090228 -624.839386
996.966300 -605.096100 995.814120 -629.450363
1003.471000 -609.407800 1002.290097 -633.870002
1009.973000 -613.695400 1008.664763 -638.195892
1016.458000 -617.959200 1015.104840 -642.561587
1022.925000 -622.217200 1021.518078 -646.894704
1029.367000 -626.452700 1027.898493 -651.191229
1035.804000 -630.641600 1034.260734 -655.451834
1042.231000 -634.798800 1040.674547 -659.738965
1048.656000 -638.946200 1046.821682 -663.788281
1055.084000 -643.051500 1052.988309 -667.820599
1061.525000 -647.144100 1059.251676 -671.880653
1067.966000 -651.185500 1066.087794 -676.358791
1074.401000 -655.235300 1072.592778 -680.590924
1080.840000 -659.293400 1078.880617 -684.655134
1087.270000 -663.328400 1085.253462 -688.768193
1093.718000 -667.347400 1091.166032 -692.507680
1100.195000 -671.340900 1097.604168 -696.601967
1106.668000 -675.317100 1103.929412 -700.590159
1113.157000 -679.272000 1110.243539 -704.538801
1119.659000 -683.201000 1116.644339 -708.520946
1126.198000 -687.131900 1123.148098 -712.548202
1132.753000 -691.046400 1129.802349 -716.632682
1139.341000 -694.955400 1136.293091 -720.590897
1145.954000 -698.852200 1142.962032 -724.647977
1152.585000 -702.740800 1149.929952 -728.904143
1159.229000 -706.637800 1156.626507 -732.973319
1165.886000 -710.538400 1163.130499 -736.910119
1172.562000 -714.459000 1169.590053 -740.813998
1179.271000 -718.394000 1176.273461 -744.864986
1186.021000 -722.344800 1183.004401 -748.927814
1192.784000 -726.294800 1189.709235 -752.959582
1199.585000 -730.258400 1196.810935 -757.227420
1206.417000 -734.212600 1203.632739 -761.291998
1213.283000 -738.159200 1210.450183 -765.327163
1220.173000 -742.105200 1217.184349 -769.274142
1227.101000 -746.027900 1223.394762 -772.807644
1234.074000 -749.929400 1229.889147 -776.490001
1241.082000 -753.823500 1237.000974 -780.572717
1248.123000 -757.717500 1243.964875 -784.532703
1255.209000 -761.611600 1251.187947 -788.642641
1262.318000 -765.501500 1258.242736 -792.612961
1269.473000 -769.393200 1264.184103 -795.803284
1276.670000 -773.287000 1271.065400 -799.577859
1283.885000 -777.170800 1278.291068 -803.593952
1291.103000 -781.040700 1285.376759 -807.498240
1298.329000 -784.899000 1292.450809 -811.376975
1305.561000 -788.742100 1299.631956 -815.309681
1312.794000 -792.571300 1306.588351 -819.075225
1320.032000 -796.384600 1313.892327 -823.055810
1327.287000 -800.172300 1320.903326 -826.820858
1334.542000 -803.950000 1327.781770 -830.481953
1341.797000 -807.723100 1334.894718 -834.284664
1349.058000 -811.481900 1341.770675 -837.915302
1356.319000 -815.232700 1348.819796 -841.648415
1363.568000 -818.960500 1356.614560 -845.824779
1370.797000 -822.663500 1363.955519 -849.719145
1378.014000 -826.342400 1371.132152 -853.490502
1385.241000 -830.002800 1377.923295 -856.986517
1392.473000 -833.639800 1384.580803 -860.374187
1399.712000 -837.258600 1391.622863 -863.991636
1406.940000 -840.856000 1398.642999 -867.571113
1414.145000 -844.419900 1405.815184 -871.226543
1421.338000 -847.958700 1412.761155 -874.716257
1428.540000 -851.473700 1419.860920 -878.251321
1435.735000 -854.974700 1426.175987 -881.302811
1442.936000 -858.462100 1433.246893 -884.820548
1450.116000 -861.922600 1440.155307 -888.218951
1457.288000 -865.353900 1447.349997 -891.782537
1464.432000 -868.758100 1454.788471 -895.484243
1471.550000 -872.135000 1462.113102 -899.097002
1478.642000 -875.485100 1469.407877 -902.677817
1485.696000 -878.796500 1476.880442 -906.361402
1492.712000 -882.085000 1484.140031 -909.919007
1499.686000 -885.346400 1491.209496 -913.326461
1506.608000 -888.579300 1498.071924 -916.627899
1513.510000 -891.787400 1505.090655 -920.006781
1520.388000 -894.966500 1511.708353 -923.127039
1527.242000 -898.117000 1518.551620 -926.371623
1534.067000 -901.240100 1525.057234 -929.400756
1540.873000 -904.334900 1531.740004 -932.521913
1547.641000 -907.393900 1538.383554 -935.610288
1554.374000 -910.425200 1544.926541 -938.623249
1561.071000 -913.426300 1551.697532 -941.778856
1567.716000 -916.424100 1557.562805 -944.420689
1574.331000 -919.426300 1563.066428 -946.841477
1580.910000 -922.431500 1568.553629 -949.302604
1587.477000 -925.449400 1573.796590 -951.645834
1593.998000 -928.484000 1575.243942 -951.800221
1600.456000 -931.552300 1577.558662 -952.549486
1606.851000 -934.653500 1580.313137 -953.638741
1613.177000 -937.795300 1587.334380 -957.312659
1619.446000 -940.960600 1595.837114 -961.909534
1625.639000 -944.138700 1607.049170 -968.135144
1631.780000 -947.302000 1617.165851 -973.730914
1637.876000 -950.461600 1626.123241 -978.648450
1643.920000 -953.598100 1634.340581 -983.141529
1649.931000 -956.702500 1642.107381 -987.345388
1655.907000 -959.742900 1648.767057 -990.852108
1661.857000 -962.732200 1653.418073 -993.138720
1667.828000 -965.652000 1656.579336 -994.479043
1673.786000 -968.517000 1660.570779 -996.272453
1679.740000 -971.331200 1666.564542 -999.209551
1685.682000 -974.128800 1673.828945 -1002.881562
1691.585000 -976.910500 1680.420130 -1006.158297
1697.460000 -979.678900 1686.973794 -1009.396255
1703.321000 -982.431100 1692.699369 -1012.158514
1709.144000 -985.145100 1698.498472 -1014.945808
1714.950000 -987.831400 1703.347501 -1017.165272
1720.748000 -990.466700 1708.972949 -1019.790426
1726.528000 -993.063100 1714.845392 -1022.528694
1732.261000 -995.615600 1720.670267 -1025.215982
1737.915000 -998.126400 1726.116941 -1027.683166
1743.475000 -1000.590000 1731.463541 -1030.099200
1748.971000 -1002.990000 1737.832416 -1033.101317
1754.388000 -1005.375000 1743.529923 -1035.764306
1759.751000 -1007.751000 1748.726659 -1038.176041
1764.998000 -1010.123000 1753.827398 -1040.560815
1770.113000 -1012.467000 1759.412244 -1043.228415
1775.097000 -1014.785000 1765.135425 -1046.000810
1779.954000 -1017.080000 1770.555553 -1048.654240
1784.649000 -1019.347000 1776.150127 -1051.450722
1789.178000 -1021.604000 1779.108325 -1052.922199
1793.508000 -1023.881000 1778.950178 -1052.862913
1797.645000 -1026.269000 1775.731701 -1051.365090
1801.573000 -1028.814000 1777.284283 -1052.670521
1805.302000 -1031.525000 1780.633195 -1055.214431
1808.823000 -1034.439000 1784.410540 -1058.293507
1812.120000 -1037.563000 1788.033120 -1061.621282
1815.169000 -1040.921000 1791.559125 -1065.253552
1817.931000 -1044.484000 1794.848329 -1069.120531
1820.326000 -1048.207000 1797.867001 -1073.293038
1822.465000 -1052.152000 1800.097169 -1077.304891
1824.255000 -1056.260000 1801.764003 -1081.360702
1825.688000 -1060.491000 1802.996423 -1085.494820
1826.758000 -1064.825000 1803.650187 -1089.599935
1827.464000 -1069.230000 1803.796723 -1093.693387
1827.812000 -1073.687000 1803.656472 -1097.881673
1827.812000 -1078.165000 1803.075457 -1102.041572
1827.468000 -1082.643000 1802.615276 -1106.501910
1826.704000 -1087.072000 1802.529636 -1111.558662
1825.633000 -1091.489000 1802.507116 -1116.662035
1824.183000 -1095.811000 1802.115206 -1121.678941
1822.357000 -1099.995000 1801.341123 -1126.546368
1820.139000 -1103.994000 1800.188964 -1131.211059
1817.589000 -1107.799000 1798.374137 -1135.445083
1814.723000 -1111.351000 1795.907756 -1139.208060
1811.551000 -1114.626000 1792.830608 -1142.486652
1808.088000 -1117.606000 1789.205177 -1145.286774
1804.284000 -1120.246000 1785.005854 -1147.764012
1800.315000 -1122.623000 1780.619081 -1149.800791
1796.124000 -1124.692000 1776.333945 -1151.784948
1791.742000 -1126.471000 1771.883269 -1153.498973
1787.194000 -1127.955000 1767.436347 -1155.043788
1782.506000 -1129.180000 1763.559269 -1156.873854
1777.702000 -1130.193000 1759.945811 -1158.782750
1772.797000 -1131.038000 1755.954830 -1160.316221
1767.796000 -1131.740000 1751.694723 -1161.568987
1762.736000 -1132.348000 1747.380118 -1162.722170
1757.655000 -1132.885000 1742.575541 -1163.451639
1752.565000 -1133.366000 1737.348696 -1163.943494
1747.458000 -1133.818000 1732.029713 -1164.192558
1742.342000 -1134.251000 1726.528600 -1164.292478
1737.220000 -1134.667000 1721.047001 -1164.414026
1732.115000 -1135.064000 1715.670113 -1164.609940
1727.075000 -1135.441000 1710.487398 -1164.908721
1722.082000 -1135.788000 1705.484540 -1165.287390
1717.161000 -1136.086000 1700.785310 -1165.857603
1712.341000 -1136.271000 1696.417631 -1166.607731
1707.613000 -1136.285000 1691.445412 -1166.814573
1703.031000 -1136.085000 1685.449530 -1165.762050
1698.586000 -1135.613000 1678.077162 -1163.146047
1694.241000 -1134.791000 1669.431142 -1158.947870
1689.991000 -1133.671000 1661.536898 -1154.739662
1685.870000 -1132.171000 1655.530993 -1151.518731
1681.961000 -1130.284000 1650.224939 -1148.300245
1678.306000 -1127.996000 1646.645593 -1145.980394
1674.826000 -1125.267000 1644.004929 -1143.913279
1671.787000 -1122.274000 1641.955295 -1141.769817
1669.099000 -1118.972000 1640.508186 -1139.601669
1666.783000 -1115.408000 1639.275753 -1137.062107
1664.817000 -1111.609000 1638.347683 -1134.277516
1663.209000 -1107.637000 1637.565127 -1131.131060
1661.958000 -1103.507000 1636.640352 -1127.303240
1661.115000 -1099.284000 1635.869127 -1123.028490
1660.724000 -1094.939000 1635.552217 -1118.726637
1660.665000 -1090.516000 1635.679436 -1114.223353
1661.140000 -1086.159000 1636.186262 -1109.787473
1662.049000 -1081.841000 1637.076907 -1105.331286
1663.374000 -1077.556000 1638.462177 -1101.006767
1665.055000 -1073.325000 1640.269183 -1096.806892
1667.040000 -1069.131000 1642.451403 -1092.728853
1669.233000 -1064.989000 1644.824490 -1088.615511
1671.640000 -1060.840000 1647.394957 -1084.494549
1674.135000 -1056.683000 1650.026426 -1080.265981
1676.716000 -1052.451000 1652.653840 -1075.887423
1679.381000 -1048.145000 1655.424210 -1071.298661
