0.000000 -0.000000 0.000000 0.000000
0.003267 4.566315 -0.004758 4.579665
-0.031716 9.099118 -0.032792 9.105631
-0.081952 13.587370 -0.077660 13.589618
-0.172757 18.042800 -0.141506 18.039394
-0.267875 22.451640 -0.213972 22.591862
-0.358400 26.802010 -0.286841 26.949286
-0.442803 31.082040 -0.354103 31.243670
-0.523018 35.271990 -0.415175 35.455724
-0.611006 39.330190 -0.471499 39.543580
-0.673187 43.239550 -0.507864 43.477213
-0.695957 46.977480 -0.508141 47.479938
-0.690361 50.605530 -0.462948 50.881584
-0.609462 54.132960 -0.338691 54.518865
-0.411112 57.531050 -0.095086 57.863601
-0.030280 60.807340 0.318477 61.046524
0.568852 63.940690 0.928196 64.112630
1.400581 66.903860 1.745074 67.087013
2.445156 69.702430 2.772742 69.833307
3.697183 72.300100 4.015034 72.378939
5.171922 74.740420 5.529802 74.768306
6.852965 76.941870 7.203049 76.755830
8.750799 78.905900 9.109895 78.732594
10.823450 80.634320 11.186980 80.466688
13.066210 82.178440 13.442228 81.948961
15.504950 83.526400 15.880714 83.160177
18.101340 84.588810 18.463334 84.077285
20.853170 85.339470 21.196950 84.739111
23.704110 85.757740 24.178260 85.201041
26.596700 85.903500 27.135587 85.375613
29.539120 85.860020 30.166946 85.362069
32.495530 85.669740 33.228824 85.215220
35.473920 85.419290 36.318740 84.986849
38.479390 85.150930 39.409488 84.710488
41.523140 84.840110 42.521948 84.399983
44.591610 84.512730 45.653132 84.075543
47.698590 84.159740 48.806324 83.741725
50.851300 83.780360 52.017749 83.391540
54.021280 83.370120 55.253825 82.996432
57.236480 82.963200 58.634874 82.598792
60.484150 82.564450 61.961641 82.238092
63.801630 82.126570 65.334031 81.834602
67.115350 81.671290 68.678856 81.366758
70.485000 81.248710 72.110821 80.962995
73.889090 80.831410 75.613165 80.579773
77.339480 80.402860 79.130920 80.176644
80.814430 79.981940 82.711760 79.781288
84.311560 79.560560 86.335930 79.383287
87.843140 79.132970 90.098388 78.958383
91.452740 78.712050 93.798411 78.560571
95.109110 78.302620 97.546138 78.176556
98.802080 77.939830 101.364810 77.811911
102.537600 77.577720 105.248596 77.446606
106.283100 77.182590 109.138221 77.055923
110.001900 76.763780 113.013483 76.638624
113.690700 76.253080 116.809493 76.151464
117.341000 75.581300 120.547530 75.515839
120.903700 74.751300 123.931467 74.745772
124.437500 73.785660 126.961597 73.851953
127.882800 72.651860 129.952584 72.788349
131.253600 71.361680 133.125505 71.546417
134.528800 69.931300 136.186512 70.167090
137.742000 68.328450 139.360793 68.603012
140.926800 66.546730 142.342618 66.880924
144.031200 64.574810 145.298120 64.966066
147.051200 62.406270 148.354522 62.776157
149.969500 60.049300 151.290954 60.449060
152.781800 57.504160 154.021398 57.954032
155.436800 54.746640 156.531716 55.265508
157.947400 51.752940 158.922775 52.347989
160.279800 48.634580 161.272185 49.195253
162.349000 45.353340 163.380780 45.891259
164.179800 41.946720 165.335863 42.446364
165.830900 38.447790 167.107684 38.895943
167.335400 34.861970 168.703520 35.261197
168.691200 31.242820 170.265999 31.513624
169.969500 27.582240 171.710928 27.675663
171.127300 23.900190 173.003952 23.977591
172.263200 20.221330 174.246347 20.270562
173.377000 16.599090 175.455385 16.603579
174.627000 13.004350 176.671212 12.995072
175.942500 9.442182 177.894754 9.479873
177.356800 5.917093 179.147724 6.083322
178.928800 2.434985 180.488730 2.810538
180.675800 -0.971876 181.971916 -0.346996
182.554400 -4.252484 183.596574 -3.368343
184.560700 -7.384682 185.445782 -6.316940
186.750900 -10.368790 187.521866 -9.116841
189.116500 -13.135630 189.776459 -11.716981
191.665700 -15.656880 192.295821 -14.190324
194.385900 -17.931220 195.073269 -16.524019
197.226100 -19.980800 197.992882 -18.578860
200.271800 -21.743030 201.054056 -20.314531
203.448300 -23.203180 204.267072 -21.729540
206.758900 -24.325190 207.720503 -22.821897
210.184300 -25.068170 211.166651 -23.519158
213.630700 -25.424490 214.665365 -23.843905
217.117000 -25.407460 218.209322 -23.832721
220.571900 -25.039820 221.748216 -23.465816
224.021200 -24.363710 225.256940 -22.761636
227.429900 -23.372920 228.695034 -21.724924
230.747500 -22.058700 232.054713 -20.371786
233.928400 -20.443850 235.391050 -18.656503
237.019600 -18.526770 238.473208 -16.688437
239.961000 -16.355940 241.428625 -14.466589
242.779800 -13.984550 244.245865 -12.037118
245.458500 -11.414060 246.926601 -9.421107
247.997000 -8.674394 249.452443 -6.622759
250.390600 -5.759310 251.830493 -3.657570
252.655600 -2.686673 254.071791 -0.535523
254.806500 0.534019 256.189693 2.719524
256.864000 3.862410 258.311994 6.219757
258.884400 7.263272 260.344339 9.695988
260.877600 10.718320 262.342526 13.223391
262.828700 14.222610 264.302487 16.797902
264.741600 17.745920 266.234055 20.406249
266.637600 21.266150 268.147313 24.011646
268.527700 24.786100 270.052234 27.618132
270.375000 28.334210 271.967151 31.220153
272.219500 31.917810 273.888753 34.843944
274.124700 35.502240 275.824391 38.508596
276.050500 39.060050 277.772056 42.195393
277.989700 42.665330 279.793665 46.034907
279.912600 46.301830 281.753759 49.759349
281.775800 49.949900 283.699411 53.475925
283.563100 53.532720 285.610895 57.172965
285.356500 57.056770 287.460925 60.844173
287.075600 60.536460 289.239509 64.460393
288.712000 63.954910 290.944988 68.014224
290.293900 67.289100 292.599397 71.477299
291.871100 70.559820 294.232692 74.841534
293.538100 73.753600 295.957225 78.179731
295.351100 76.864560 297.688944 81.254005
297.261700 79.892800 299.387040 84.005166
299.367900 82.771990 301.106715 86.408915
301.654700 85.444430 302.968428 88.562700
304.129900 87.873730 305.097154 90.577875
306.795800 90.009740 307.505896 92.425799
309.610300 91.815310 310.226937 94.139681
312.540600 93.287990 313.294088 95.700645
315.589700 94.424870 316.416675 96.917828
318.731100 95.231100 319.616657 97.784088
321.947000 95.719040 322.839314 98.284754
325.202000 95.875140 326.067643 98.426920
328.404100 95.672520 329.264412 98.214188
331.635400 95.086030 332.380392 97.641021
334.756200 94.171900 335.407590 96.722231
337.636900 92.963350 338.315834 95.481427
340.363200 91.461070 341.176804 93.858987
342.964100 89.692180 343.765235 91.952704
345.403300 87.579170 346.146023 89.732501
347.592200 85.092570 348.287111 87.222497
349.463400 82.321490 350.147653 84.457645
351.002500 79.397790 351.673053 81.527612
352.204000 76.402830 352.858555 78.504597
353.107800 73.306490 353.808748 75.368858
353.811200 70.096650 354.636110 71.939200
354.464700 66.889050 355.280402 68.894812
355.047400 63.664610 355.876074 65.626137
355.500500 60.449100 356.402045 62.251082
355.866900 57.296080 356.830547 59.029710
356.198500 54.208160 357.216539 55.877113
356.525800 51.221050 357.606482 52.821854
356.961300 48.369400 358.066696 49.911159
357.538900 45.752540 358.620437 47.242339
358.275300 43.388830 359.284927 44.895298
359.266800 41.238890 360.141161 42.858980
360.571800 39.373830 361.349253 41.045732
362.156300 37.835540 362.891895 39.486000
363.974400 36.638300 364.652547 38.299754
366.080400 35.761110 366.705217 37.461547
368.547300 35.234490 369.016020 36.953477
371.148400 35.045060 371.632023 36.783561
373.899500 35.175270 374.356024 36.920365
376.698100 35.611110 377.161735 37.345677
379.470900 36.322790 379.997326 38.050521
382.212100 37.294470 382.779820 39.019227
384.867700 38.517990 385.477814 40.240305
387.364100 39.991850 388.110693 41.777909
389.701500 41.780710 390.475336 43.566439
391.802700 43.839190 392.623663 45.624150
393.689400 46.099010 394.561428 47.902285
395.383900 48.474340 396.319121 50.305175
396.942200 50.928340 397.902639 52.784399
398.325500 53.450140 399.310899 55.332557
399.544900 56.052550 400.586203 58.042598
400.579700 58.728940 401.639867 60.743675
401.390700 61.486590 402.474059 63.515462
401.978000 64.333130 403.065654 66.365249
402.335300 67.250270 403.397492 69.260768
402.474600 70.259740 403.508001 72.244297
402.447300 73.356030 403.471169 75.364347
402.341800 76.540880 403.352110 78.575295
402.228800 79.805450 403.173532 81.863882
402.075400 83.156280 402.944884 85.337749
401.927800 86.597120 402.685206 88.774235
401.721900 90.113350 402.388276 92.279866
401.455800 93.737450 402.062010 95.864226
401.169200 97.438860 401.710358 99.521178
400.835400 101.196700 401.329865 103.246258
400.479100 104.981000 400.921113 107.009357
400.086700 108.745200 400.471321 110.759604
399.638200 112.493800 399.979191 114.490078
399.138700 116.226700 399.427187 118.323748
398.603300 119.924700 398.859321 122.004748
398.025400 123.612000 398.260726 125.662266
397.409200 127.314800 397.648324 129.304275
396.829000 131.013100 397.035179 132.960121
396.222300 134.687900 396.420112 136.584738
395.601900 138.281700 395.823589 140.185902
395.033400 141.881600 395.251813 143.813842
394.483600 145.487500 394.695914 147.421937
393.961300 149.091800 394.143420 151.138548
393.456700 152.724500 393.611516 154.793960
392.964400 156.362200 393.087166 158.446742
392.473900 160.012200 392.561512 162.115772
391.988000 163.681600 392.035888 165.790738
391.511200 167.360500 391.514286 169.485030
391.037700 171.040400 390.999846 173.158874
390.574400 174.743200 390.485559 176.876935
390.110100 178.440800 389.977417 180.564995
389.662900 182.147700 389.488402 184.309746
389.244100 185.891700 389.069013 187.966363
388.894800 189.677500 388.705229 191.732840
388.606000 193.461200 388.408797 195.444207
388.392800 197.250000 388.174884 199.145947
388.242200 201.058600 387.994880 202.889842
388.167200 204.843700 387.873949 206.751797
388.164900 208.656700 387.806377 210.715562
388.225800 212.467100 387.806482 214.623985
388.337900 216.277100 387.871277 218.521304
388.518500 220.100100 388.004605 222.258540
388.781300 223.924000 388.200023 226.141946
389.110400 227.762200 388.478254 229.885962
389.519500 231.600300 388.831136 233.743327
390.000700 235.455300 389.245143 237.694683
390.533100 239.323100 389.721748 241.615295
391.126500 243.191800 390.270008 245.409415
391.817200 247.082900 390.895714 249.416166
392.446500 250.991000 391.632815 253.399279
393.192700 254.933200 392.457588 257.213539
394.129800 258.841200 393.395133 261.123877
395.212400 262.725700 394.428093 265.041394
396.381300 266.559900 395.526522 268.836857
397.591700 270.309200 396.686392 272.678370
398.915600 273.988100 397.896979 276.439705
400.261600 277.620100 399.155219 280.117605
401.674900 281.230100 400.468570 283.895422
403.099300 284.836200 401.810529 287.571060
404.552600 288.368900 403.208384 291.312645
405.981400 291.858600 404.554844 294.859556
407.396700 295.286300 405.894134 298.337906
408.787500 298.654400 407.218573 301.731216
410.160300 301.970700 408.530639 305.071818
411.532700 305.248600 409.837995 308.365275
412.910200 308.514300 411.145796 311.633582
414.286500 311.815200 412.449440 314.896672
415.632400 315.158100 413.771122 318.247180
416.955300 318.554600 415.205226 321.870719
418.356500 321.950200 416.686021 325.341631
419.919100 325.360500 418.271920 328.728024
421.619500 328.772700 419.938071 331.968676
423.465300 332.205100 421.725094 335.301110
425.389400 335.648500 423.618156 338.730489
427.393700 339.062100 425.585925 342.174889
429.441400 342.427400 427.603908 345.617578
431.502800 345.736000 429.666519 349.137166
433.555500 349.037600 431.680113 352.422287
435.647400 352.345100 433.792568 355.833600
437.737700 355.673900 435.838205 359.121939
439.858900 359.019800 437.903447 362.433000
441.938400 362.354800 439.928793 365.701919
444.011500 365.707600 441.958717 369.071046
446.074200 369.043000 443.955158 372.332748
448.108100 372.393000 445.980538 375.744128
450.106200 375.748500 448.011387 379.177585
452.077600 379.076100 450.062253 382.621444
454.072700 382.382200 452.165171 386.056676
456.149900 385.671800 454.226397 389.385882
458.224600 388.968400 456.317033 392.732403
460.351800 392.205600 458.427114 395.998330
462.503100 395.388100 460.502981 399.083070
464.568500 398.419600 462.522650 402.011794
466.632000 401.347200 464.533882 404.922651
468.654400 404.221700 466.468304 407.651308
470.657600 407.038900 468.410723 410.395942
472.677800 409.783700 470.324533 413.076149
474.657200 412.487100 472.284802 415.817763
476.592600 415.139500 474.117207 418.376340
478.496300 417.710700 475.879996 420.822997
480.372100 420.213300 477.644458 423.243705
482.195400 422.602900 479.360318 425.533566
483.955500 424.843700 480.998000 427.639158
485.628500 426.923600 482.564597 429.620421
487.190800 428.865800 484.125790 431.643342
488.699400 430.731200 485.603068 433.574455
490.108000 432.491800 486.957974 435.308532
491.375400 434.138900 488.198989 436.948372
492.521700 435.661300 489.389791 438.567150
493.585300 437.088500 490.571005 440.226114
494.601900 438.498800 491.459737 441.400721
495.493900 439.942600 492.121796 442.377881
496.198400 441.455900 492.748994 443.705095
496.643000 443.038900 494.240078 447.344818
496.894900 444.688300 494.763016 449.505685
496.838300 446.434300 494.943223 451.563866
496.587000 448.236400 494.606593 453.099932
496.020500 450.035800 494.155739 455.003224
495.316800 451.880800 493.403738 456.683754
494.382600 453.714700 492.534381 458.538383
493.357500 455.591800 491.537858 460.436452
492.259600 457.525200 490.473869 462.326335
491.138900 459.531700 489.363875 464.307395
489.968800 461.583000 488.177216 466.424291
488.778600 463.722100 486.997270 468.569654
487.527700 465.987400 485.782467 470.830744
486.241900 468.332900 484.547951 473.244685
484.929200 470.750300 483.277338 475.721077
483.595100 473.196800 481.966999 478.218096
482.240900 475.680400 480.632954 480.729427
480.881200 478.179700 479.303347 483.291162
479.506700 480.715200 477.974530 485.937400
478.139700 483.249600 476.587213 488.660566
476.741800 485.776600 475.178839 491.060573
475.327000 488.358200 473.787153 493.676869
473.905700 490.923000 472.404870 496.276219
472.463600 493.499100 470.988439 498.833196
471.030900 496.048700 469.581511 501.385058
469.654400 498.493900 468.225919 503.841192
468.311000 500.883700 466.916424 506.252414
467.003300 503.201000 465.640385 508.582827
465.767600 505.385700 464.384675 510.832572
464.618000 507.421200 463.252322 512.853017
463.563200 509.303500 462.212830 514.714722
462.581700 511.077100 461.255400 516.475845
461.620900 512.827500 460.321251 518.209809
460.698800 514.516100 459.418080 519.867066
459.825600 516.111800 458.564393 521.414133
459.035800 517.582500 457.784339 522.860187
458.312900 518.912300 457.074200 524.149689
457.589200 520.176600 456.393150 525.355654
456.756600 521.359000 455.625669 526.501939
455.798000 522.446500 454.727613 527.532290
454.695200 523.354600 453.507160 528.660771
453.456700 523.963300 452.056113 529.739463
452.010000 524.448000 450.538770 530.450520
450.370300 524.664900 448.909534 530.801649
448.645800 524.629300 447.233516 530.770006
446.853700 524.242200 445.446712 530.468819
445.001300 523.578900 443.597700 529.892794
443.053700 522.715000 441.727519 529.061262
441.070200 521.621600 439.715776 527.991112
439.068600 520.385000 437.743608 526.776170
437.067600 519.079900 435.770681 525.478768
435.131900 517.711100 433.850725 524.115766
433.248700 516.276400 431.989580 522.686186
431.409100 514.772600 430.179902 521.198903
429.653800 513.188400 428.384119 519.594698
427.979000 511.552500 426.719644 517.980148
426.376200 509.872800 425.122444 516.324680
424.896200 508.159600 423.627617 514.634308
423.477300 506.386900 422.208772 512.890644
422.151700 504.603800 420.870950 511.159606
420.895300 502.757100 419.615402 509.359797
419.698800 500.847600 418.418671 507.494147
418.553100 498.879100 417.276515 505.569775
417.436100 496.852200 416.142539 503.521255
416.341100 494.769800 415.074929 501.480042
415.299400 492.613200 414.041955 499.382124
414.283100 490.400400 413.034894 497.236633
413.291100 488.174100 412.064696 495.070300
412.307400 485.928500 411.110265 492.908118
411.321100 483.659600 410.172733 490.734449
410.385800 481.369500 409.275490 488.548662
409.484300 479.070200 408.407405 486.352018
408.605900 476.771200 407.555493 484.078710
407.747600 474.482200 406.763409 481.888536
406.916200 472.194500 405.993535 479.710751
406.106200 469.923800 405.247527 477.560918
405.321800 467.714100 404.530933 475.469496
404.581200 465.613200 403.858273 473.486812
403.881000 463.647100 403.224406 471.648108
403.196100 461.842900 402.628052 469.974359
402.563700 460.074300 402.033088 468.383262
401.946900 458.305600 401.441615 466.755557
401.296600 456.548600 400.824436 465.167286
400.651300 454.770400 400.224488 463.575081
399.996700 452.984700 399.597841 461.963618
399.329600 451.125900 398.999725 460.329782
398.618400 449.218000 398.352014 458.621357
397.822000 447.249700 397.636849 456.819529
396.969800 445.208000 396.817739 454.854912
396.116100 443.116600 396.001175 452.891593
395.211200 440.967800 395.100769 450.774225
394.287700 438.749400 394.198912 448.673133
393.341900 436.497700 393.318908 446.604846
392.358600 434.221800 392.464384 444.582937
391.343800 431.907700 391.563289 442.489032
390.285600 429.531900 390.610591 440.319705
389.177900 427.104300 389.629605 438.144509
388.002000 424.633000 388.563367 435.861858
386.786000 422.153600 387.398582 433.442319
385.529200 419.645500 386.230341 431.070607
384.252800 417.122900 385.077922 428.769248
382.927300 414.575600 383.868066 426.397492
381.591500 412.030100 382.631207 424.007002
380.224100 409.463100 381.406555 421.681476
378.830100 406.889400 380.134802 419.302386
377.404400 404.303400 378.851017 416.942772
375.940700 401.722300 377.526800 414.567174
374.431300 399.137000 376.149150 412.159721
372.878200 396.550200 374.676410 409.654363
371.286300 393.960100 373.221683 407.246538
369.662600 391.367800 371.732992 404.837430
368.012000 388.798400 370.198571 402.404586
366.357200 386.258300 368.603624 399.906525
364.686300 383.683500 367.060478 397.528501
362.990500 381.103100 365.556190 395.257765
361.274100 378.545400 364.024215 392.979257
359.479500 376.079600 362.490195 390.751739
357.743100 373.713700 360.944467 388.565183
356.046500 371.424400 359.466369 386.525227
354.349500 369.168400 357.945204 384.441645
352.662900 366.944000 356.479048 382.462652
351.018900 364.780500 355.055216 380.541916
349.445300 362.679200 353.726309 378.741346
347.970100 360.669800 352.487067 377.057914
346.587900 358.760700 351.304815 375.440131
345.269200 357.004900 350.202914 373.973667
343.987600 355.420000 349.152673 372.668705
342.722300 353.942300 348.031861 371.320289
341.428400 352.599100 346.502782 369.453102
340.132200 351.423100 344.101856 366.366336
338.769300 350.441200 341.208740 362.772766
337.341700 349.681300 338.440380 359.734637
335.777200 349.128400 335.784563 357.360052
334.132400 348.908200 333.515057 356.007775
332.452400 349.031300 331.365965 355.272955
330.797800 349.428100 329.740999 355.593628
329.211100 350.167300 328.016184 356.031643
327.641800 351.098300 326.406251 356.825358
326.094800 352.236000 324.835576 357.847755
324.512700 353.489700 323.204990 359.070851
322.875800 354.863500 321.576786 360.380814
321.135500 356.302000 319.824777 361.715982
319.250000 357.710100 317.904262 362.988265
317.242300 359.002400 315.916153 364.219575
315.093800 360.160000 313.740012 365.238353
312.852600 361.167400 311.428499 366.072357
310.509200 362.008200 308.999348 366.715567
308.069100 362.662200 306.472218 367.200270
305.560600 363.146700 303.872420 367.531119
302.953900 363.438100 301.223624 367.719724
300.313300 363.558500 298.434914 367.757503
297.631800 363.522600 295.669089 367.657565
294.885100 363.381000 292.826005 367.429604
292.104200 363.172300 289.934484 367.125823
289.300900 362.939000 287.077293 366.818067
286.491000 362.678500 284.272004 366.499980
283.693500 362.370200 281.415240 366.104480
280.920600 362.098000 278.618003 365.738935
278.169000 361.857400 275.782980 365.400195
275.446800 361.657400 273.062942 365.109084
272.737000 361.519800 270.362367 364.882381
270.035600 361.455000 267.676893 364.737517
267.327700 361.497700 265.006070 364.689515
264.630400 361.676000 262.336715 364.782779
261.940300 361.979900 259.656260 365.012219
259.250900 362.413000 256.990849 365.375495
256.573600 362.959900 254.276473 365.851156
253.917300 363.655300 251.637632 366.464135
251.288400 364.497000 249.066267 367.228197
248.680300 365.504900 246.491823 368.140417
246.094700 366.666900 243.920329 369.239865
243.562600 367.994000 241.389136 370.505966
241.083300 369.508300 238.889338 371.942432
238.697300 371.174900 236.462453 373.536681
236.432200 372.983900 234.004892 375.346237
234.282400 374.915600 231.738731 377.222500
232.221400 376.965100 229.658315 379.206065
230.283900 379.136000 227.674326 381.314703
228.445400 381.408600 225.845857 383.520150
226.762700 383.789500 224.200117 385.822519
225.240300 386.284200 222.637413 388.247610
223.870500 388.875300 221.225625 390.785581
222.651800 391.576800 219.944774 393.524079
221.610300 394.407600 218.864763 396.294788
220.731600 397.346700 217.974216 399.172836
220.036100 400.374900 217.278849 402.145628
219.492700 403.546000 216.764589 405.238245
219.131100 406.829700 216.415041 408.451793
218.954900 410.176200 216.231535 411.739017
218.961000 413.566100 216.196735 415.081408
219.145900 416.967900 216.307683 418.467859
219.451900 420.389700 216.525498 421.902798
219.829800 423.806600 216.868490 425.432533
220.310500 427.237200 217.297656 428.857073
220.868900 430.684800 217.778128 432.309082
221.441400 434.161900 218.295756 435.776539
222.038500 437.663400 218.843886 439.265157
222.674200 441.192400 219.411341 442.786651
223.324700 444.766400 219.993618 446.348625
223.976800 448.390400 220.580209 449.960091
224.645100 452.052600 221.173899 453.610784
225.326300 455.738000 221.797818 457.408860
226.013500 459.438200 222.411417 461.117266
226.742700 463.131400 223.065347 464.793951
227.489100 466.830800 223.734041 468.474261
228.247700 470.527000 224.418167 472.156221
229.012100 474.215100 225.109035 475.834733
229.762000 477.897100 225.796177 479.499733
230.499300 481.567900 226.470233 483.191504
231.252900 485.238400 227.165346 486.979430
232.010300 488.886300 227.840987 490.617098
232.763300 492.531800 228.520481 494.270202
233.545900 496.169700 229.212600 497.905333
234.328200 499.811600 229.916336 501.521540
235.108100 503.420000 230.624892 505.137984
235.907500 507.019800 231.342993 508.706656
236.703700 510.603300 232.054617 512.242810
237.481000 514.162500 232.758167 515.782969
238.249000 517.704200 233.475606 519.427167
239.014400 521.230500 234.158960 522.894685
239.746800 524.741600 234.817158 526.372294
240.436600 528.231300 235.448747 529.831290
241.102000 531.689500 236.061022 533.268944
241.740900 535.133300 236.654376 536.618734
242.359400 538.550300 237.232228 539.999958
242.993900 541.935900 237.814967 543.362999
243.655500 545.295800 238.418511 546.665451
244.307800 548.630700 239.054275 550.028392
244.986700 551.924500 239.693113 553.251842
245.686600 555.189800 240.348960 556.439742
246.402300 558.403000 241.035795 559.571929
247.160300 561.604000 241.755102 562.639092
247.954300 564.747800 242.511790 565.654522
248.799800 567.843200 243.309362 568.538538
249.719700 570.881500 244.181411 571.547864
250.691800 573.875500 245.136084 574.685323
251.722500 576.816900 246.124182 577.846215
252.792400 579.719200 247.163747 581.068687
253.899200 582.619100 248.239058 584.313711
254.999400 585.538800 249.297970 587.400191
256.084000 588.464600 250.331623 590.405607
257.132200 591.413100 251.339544 593.364242
258.142200 594.337700 252.298147 596.266019
259.143500 597.295100 253.237763 599.195602
260.132300 600.227900 254.183615 602.206961
261.124300 603.146400 255.112429 605.135919
262.175000 606.016800 256.092179 607.988981
263.321800 608.844200 257.133019 610.564132
264.592700 611.600700 258.269269 612.905179
266.012800 614.279900 259.547262 615.222935
267.588100 616.881700 261.030193 617.784528
269.323800 619.428300 262.661869 620.247170
271.210100 621.881800 264.558433 622.957744
273.238300 624.254900 266.565913 625.645215
275.373300 626.509900 268.683421 628.181984
277.623300 628.637000 270.893431 630.501274
279.976600 630.608900 273.192262 632.593166
282.453700 632.438800 275.583588 634.441267
285.065600 634.108700 278.172918 636.344417
287.781800 635.684200 280.860009 638.053326
290.614800 637.170400 283.595804 639.488281
293.572000 638.551300 286.615906 641.016771
296.640000 639.897800 289.665088 642.468306
299.815900 641.203200 292.789317 643.843112
303.076400 642.494500 295.979554 645.183191
306.357100 643.765800 299.193587 646.495788
309.674900 645.021300 302.430983 647.786584
312.999700 646.243800 305.682352 649.032296
316.341000 647.457400 308.933628 650.235205
319.656500 648.689200 312.178389 651.474064
322.948500 649.961000 315.469497 652.712317
326.166800 651.311700 318.604674 653.979978
329.336100 652.739100 321.758654 655.496044
332.444200 654.205600 324.894797 657.141869
335.400500 655.659200 327.872846 658.674307
338.177900 657.091100 330.710232 660.190611
340.853600 658.520100 333.494420 661.795352
343.392000 659.901300 336.148089 663.326063
345.797500 661.222900 338.732393 664.824172
348.061700 662.470200 341.053547 666.147605
350.227800 663.663600 343.272639 667.409172
352.269800 664.764500 345.365111 668.576610
354.171500 665.743600 347.283521 669.592493
355.867200 666.596600 349.046218 670.528311
357.385800 667.323400 350.603387 671.321876
358.688300 667.945100 351.958134 672.006335
359.785500 668.454700 353.128534 672.566976
360.684700 668.879300 354.063961 673.015679
361.448900 669.240500 354.828479 673.389442
362.202200 669.609800 355.526459 673.776571
362.884200 670.041700 356.131412 674.187659
363.544500 670.582800 356.662868 674.658140
364.209800 671.330500 357.242390 675.325712
364.845000 672.309500 357.727375 676.167714
365.349200 673.552400 358.284309 677.371379
365.693100 675.079000 358.534497 678.738433
365.765200 676.782400 358.601696 680.345208
365.523700 678.539500 358.325505 682.134345
365.089100 680.489300 357.785292 683.976110
364.466100 682.514600 357.046263 685.889376
363.616300 684.610800 356.162237 687.897561
362.501500 686.760700 355.098150 689.979163
361.240200 688.988000 353.887822 692.121749
359.916600 691.336700 352.531482 694.465483
358.517400 693.800300 351.139070 696.831066
357.035700 696.407500 349.653811 699.348256
355.508800 699.115600 348.128922 701.997250
353.904300 701.929300 346.519963 704.732397
352.257400 704.823800 344.870549 707.556362
350.567500 707.796400 343.185217 710.466500
348.841400 710.853200 341.417420 713.596315
347.061700 713.947900 339.624852 716.639290
345.240600 717.126500 337.763653 719.738594
343.396200 720.384700 335.947705 722.974318
341.517100 723.688800 334.040905 726.192525
339.619000 727.060600 332.146413 729.505792
337.697800 730.488300 330.217096 732.863117
335.746300 733.965100 328.253440 736.257058
333.767200 737.500800 326.176638 739.779262
331.787300 741.093200 324.181500 743.286602
329.802100 744.697600 322.181689 746.819059
327.822700 748.252900 320.174599 750.274984
325.882900 751.750500 318.200027 753.661754
323.953700 755.221900 316.247920 757.021666
322.019400 758.698600 314.302000 760.407888
320.037700 762.177600 312.308034 763.748791
318.097700 765.622300 310.340595 767.047708
316.183200 769.057500 308.409607 770.354686
314.250000 772.494900 306.401396 773.768948
312.275800 775.931500 304.420078 777.052012
310.254000 779.359500 302.394846 780.311193
308.122800 782.782800 300.277885 783.560458
305.862800 786.166800 298.058585 786.757261
303.500700 789.503100 295.738640 789.875362
300.970800 792.776600 293.282018 792.933399
298.346100 795.948700 290.681228 795.996747
295.632400 799.046800 287.937294 799.137438
292.854400 802.131000 285.118935 802.262140
290.021900 805.167500 282.173656 805.359891
287.126600 808.146600 279.277109 808.247392
284.119000 811.063300 276.295464 811.024241
281.041800 813.860300 273.186395 813.816435
277.869300 816.545900 270.048645 816.428577
274.646800 819.105600 266.872291 818.887326
271.386100 821.531200 263.624235 821.268853
268.116800 823.813700 260.318499 823.593935
264.867100 825.970500 257.016190 825.802219
261.611600 828.060300 253.613830 827.993492
258.412200 830.064600 250.386583 829.964870
255.270800 831.964500 247.232625 831.797732
252.165400 833.785500 244.148845 833.514921
249.035500 835.465400 241.159005 835.111543
245.676600 836.941500 238.243456 836.631601
242.526400 838.395100 235.449958 838.047285
239.649200 839.782300 232.711455 839.417909
236.954200 841.095200 230.220652 840.648280
234.477400 842.339200 227.893156 841.810795
232.193600 843.528700 225.717446 842.932729
230.093400 844.639300 223.665450 844.038711
228.164600 845.633300 221.792893 845.021441
226.339700 846.487500 220.041436 845.853744
224.559800 847.148600 218.357461 846.492993
222.862900 847.611100 216.617580 847.063477
221.160000 847.853200 214.688461 847.594610
219.343600 847.650900 212.657765 847.826044
217.613700 847.228800 210.606345 847.778843
215.983200 846.459000 208.716101 847.302757
214.496600 845.376700 207.181319 846.255287
213.166300 844.015600 205.813810 844.921371
211.989600 842.443000 204.642305 843.292384
210.942500 840.673500 203.544041 841.585692
210.015200 838.668700 202.740794 839.417643
209.177100 836.492300 201.946981 837.268867
208.420100 834.203400 201.294732 834.925801
207.685300 831.756600 200.706955 832.431990
206.966400 829.169500 200.051728 829.906282
206.234900 826.499600 199.382279 827.202694
205.491300 823.727800 198.699906 824.495401
204.726900 820.872900 197.973015 821.720425
203.960100 817.947300 197.225344 818.870859
203.188700 814.944500 196.474855 815.935592
202.387700 811.853000 195.700302 812.921698
201.557100 808.685000 194.906309 809.842852
200.707000 805.446700 194.100529 806.685797
199.837600 802.169300 193.218126 803.386293
198.959100 798.853000 192.354110 800.156046
198.078300 795.512000 191.495737 796.885965
197.208100 792.134200 190.629789 793.588483
196.331500 788.727300 189.766712 790.256084
195.393800 785.296400 188.882608 786.903124
194.407000 781.832200 187.950210 783.521832
193.372100 778.361600 186.979959 780.119740
192.268500 774.862700 185.953127 776.687468
191.104500 771.351900 184.802970 773.114971
189.900200 767.803200 183.638582 769.609418
188.697400 764.215300 182.453035 766.045704
187.525500 760.573100 181.315345 762.439660
186.417200 756.874800 180.266597 758.806923
185.391100 753.140200 179.311101 755.153187
184.425300 749.376100 178.435765 751.456916
183.505800 745.586000 177.614332 747.744316
182.630800 741.760500 176.846016 743.981818
181.799600 737.920600 176.085528 740.061093
180.995700 734.046000 175.376713 736.234895
180.235100 730.165100 174.688679 732.411247
179.509000 726.267300 174.019313 728.534211
178.782600 722.358000 173.356565 724.681473
178.060700 718.433400 172.717248 720.817420
177.362100 714.485400 172.106950 716.925936
176.683600 710.485300 171.513489 712.982397
176.012100 706.523900 170.946217 709.079564
175.366700 702.573200 170.384571 705.078849
174.771600 698.664000 169.868861 701.221032
174.208700 694.786000 169.377562 697.386886
173.664500 690.971400 168.909027 693.614385
173.120400 687.194400 168.449267 689.918931
172.609800 683.452500 167.997083 686.272961
172.111300 679.757200 167.553586 682.678734
171.620100 676.075400 167.116870 679.119960
171.116500 672.425100 166.681911 675.603076
170.597300 668.791300 166.225297 671.990010
170.061700 665.158300 165.775709 668.478562
169.508500 661.515700 165.331777 664.984772
168.924400 657.855800 164.862700 661.408616
168.353600 654.164700 164.408106 657.859783
167.787000 650.469600 163.966446 654.303475
167.241700 646.760000 163.545964 650.766120
166.711700 643.033600 163.125581 647.207838
166.161900 639.298500 162.690108 643.537272
165.603300 635.547200 162.262535 639.998151
165.019900 631.781100 161.825720 636.475471
164.407900 627.989800 161.353515 632.836358
163.795100 624.165700 160.881731 629.194386
163.188600 620.333500 160.403189 625.509278
162.585900 616.485800 159.926668 621.809788
162.003800 612.637200 159.460750 618.138481
161.404000 608.796100 159.004256 614.509473
160.758000 604.972100 158.535245 610.791020
160.133600 601.135300 158.078913 607.195363
159.495800 597.273400 157.605031 603.524836
158.840300 593.366000 157.142316 599.860987
158.208600 589.447000 156.684754 596.193493
157.580800 585.515400 156.225648 592.500410
156.942900 581.558400 155.764678 588.800666
156.315100 577.584700 155.304903 585.098087
155.693100 573.602200 154.833221 581.285811
155.097900 569.612100 154.381914 577.589296
154.494600 565.631700 153.931906 573.897017
153.882900 561.635800 153.474065 570.215678
153.275400 557.661700 153.009343 566.525160
152.657100 553.699500 152.554597 562.882426
152.007000 549.736100 152.102523 559.287639
151.335500 545.780700 151.633683 555.645274
150.702300 541.830000 151.169875 551.986943
150.111100 537.863200 150.714896 548.343092
149.565800 533.878000 150.258985 544.614097
149.070700 529.886400 149.822608 540.949085
148.583300 525.892200 149.394261 537.290212
148.098100 521.899600 148.967644 533.570005
147.615200 517.906000 148.539169 529.828568
147.078600 513.924800 148.108364 526.203574
146.557400 509.928000 147.670606 522.589955
145.990800 505.947400 147.225158 518.984746
145.414200 501.983900 146.796634 515.537308
144.839400 498.023200 146.344042 511.980081
144.237000 494.066600 145.842086 508.210283
143.642200 490.086700 145.311442 504.248131
143.093600 486.100600 144.851686 500.724264
142.520000 482.109500 144.366874 497.032620
141.953600 478.120000 143.896943 493.352433
141.409200 474.120700 143.437027 489.673064
140.866200 470.116800 142.971391 485.914993
140.329900 466.129000 142.510243 482.176655
139.802900 462.170200 142.051303 478.419851
139.285200 458.259400 141.577047 474.510195
138.767400 454.380800 141.133498 470.817741
138.265200 450.537100 140.706544 467.191859
137.781900 446.703500 140.284825 463.504273
137.326700 442.890000 139.868757 459.710974
136.905100 439.064700 139.399048 455.361660
136.518100 435.237300 138.913558 450.736038
136.143200 431.414200 138.517049 446.578355
135.825400 427.592200 138.071468 441.786974
135.543200 423.737300 137.501014 435.592273
135.270100 419.908100 137.101076 430.403700
135.035900 416.031200 136.720595 424.964161
134.860400 412.167200 136.398857 419.637972
134.729600 408.319200 136.124547 414.306158
134.657500 404.515600 135.845568 408.562803
134.622800 400.768700 135.635965 403.097820
134.596400 397.079600 135.644500 399.262138
134.623000 393.460300 135.625935 394.904422
134.664700 389.903700 135.650408 390.738095
134.742900 386.395400 135.719612 386.659611
134.849100 382.945500 135.802139 382.664236
134.972000 379.565400 135.941841 379.099446
135.131800 376.244700 136.105137 375.576011
135.333900 373.018200 136.286966 371.950643
135.556500 369.861200 136.503221 368.382104
135.838900 366.777100 136.804756 365.266230
136.225700 363.791900 137.199598 362.263605
136.738700 360.891300 137.695827 359.160793
137.359000 358.081000 138.308397 355.457985
138.112400 355.303200 139.007504 351.445804
138.966200 352.534800 139.820395 347.562463
139.893600 349.805900 140.748347 344.300308
140.896000 347.157200 141.766407 341.442069
141.971400 344.579000 142.861128 338.803623
143.130500 342.084500 144.039918 336.442883
144.392300 339.674500 145.314720 334.349858
145.777400 337.332100 146.748291 332.469365
147.331500 335.073900 148.286161 330.616656
149.057400 332.893100 149.993640 328.542965
150.967000 330.772000 151.882601 326.546351
153.050000 328.762800 153.943639 324.655802
155.286900 326.913400 156.191463 322.688808
157.696000 325.210700 158.604622 320.720500
160.258100 323.696400 161.157642 319.049410
162.973100 322.395300 163.820099 317.735814
165.832800 321.314600 166.757200 316.545021
168.823000 320.455500 169.752599 315.505370
171.915000 319.751800 172.880153 314.682061
175.093600 319.154400 176.109741 314.020732
178.356600 318.621500 179.415751 313.519250
181.670600 318.107800 182.797445 313.142111
184.954100 317.552100 186.284733 312.924389
188.360600 317.014600 189.839710 312.787929
191.810500 316.498600 193.515619 312.677234
195.303300 315.956300 197.077820 312.473985
198.810200 315.370500 200.624600 312.195832
202.319700 314.727700 204.160494 311.829524
205.854900 314.018600 207.691692 311.593707
209.382100 313.210000 211.203762 311.194451
212.873900 312.313500 214.664422 310.587818
216.282400 311.315800 218.051669 309.800373
219.602300 310.211800 221.340717 308.867283
222.828600 308.969500 224.583888 307.871221
225.892800 307.618500 227.605522 306.700933
228.857400 306.132600 230.520322 305.347880
231.705300 304.510000 233.418684 303.602761
234.404500 302.795000 236.229077 301.688406
236.964200 301.022400 238.870440 299.816526
239.357400 299.191600 241.365563 297.904804
241.573300 297.348000 243.655112 296.011155
243.583200 295.531300 245.693077 294.210599
245.364000 293.745300 247.646141 292.290493
246.928300 292.003400 249.323544 290.485593
248.255900 290.313300 250.840914 288.695735
249.318200 288.712300 252.133967 287.026744
250.170400 287.137600 253.152453 285.416827
250.789300 285.600000 253.901041 283.833189
251.165900 284.019700 254.386640 282.263895
251.314100 282.347000 254.493755 280.619288
251.208600 280.685900 254.299463 279.009555
250.772400 279.031200 253.828898 277.367533
249.999900 277.363100 252.985593 275.742926
248.862600 275.742500 251.814544 274.180653
247.391400 274.199800 250.346240 272.721025
245.604100 272.717600 248.653411 271.231295
243.606700 271.249000 246.793013 269.679742
241.483200 269.657000 244.761501 268.063424
239.255900 267.931300 242.533789 266.276474
236.942400 266.062700 240.290000 264.407412
234.573400 264.060900 237.986384 262.398859
232.194200 261.911300 235.667165 260.247184
229.828600 259.643500 233.380022 257.952941
227.459400 257.285700 231.063113 255.591380
225.117700 254.818300 228.787180 253.132553
222.794900 252.268100 226.541946 250.571201
220.539900 249.684100 224.388998 247.913980
218.379000 247.150200 222.343790 245.278228
216.331900 244.688600 220.307216 242.687100
214.447100 242.296600 218.485703 240.259706
212.738900 239.986300 216.850546 237.849677
211.155100 237.800000 215.345125 235.546357
209.645500 235.806000 213.925983 233.455362
208.153800 234.063200 212.535134 231.644300
206.642600 232.599300 211.098332 230.142024
205.050700 231.388700 209.517630 228.865452
203.386000 230.453900 207.941617 227.942628
201.568800 229.804200 206.107866 227.139455
199.652600 229.469400 204.137580 226.599784
197.649300 229.448700 201.962832 226.257571
195.695200 229.808500 199.914738 226.388909
193.757500 230.545900 197.866031 226.882333
191.873400 231.575500 195.810671 227.561763
190.008500 232.786900 193.794531 228.548182
188.027800 234.075600 191.739896 229.775898
185.893500 235.390300 189.578966 231.114776
183.609800 236.705800 187.253509 232.434640
181.165200 238.005100 184.755922 233.716922
178.517300 239.254000 182.078176 234.925747
175.726900 240.407000 179.153403 236.122176
172.707400 241.421200 176.150747 237.113452
169.603600 242.357600 173.078050 238.052448
166.445500 243.209000 169.937309 238.886056
163.269700 243.975200 166.718135 239.589107
160.018600 244.710100 163.474026 240.271929
156.736700 245.397400 160.210773 240.933773
153.408400 246.036100 156.888993 241.532633
150.090200 246.634600 153.429996 242.104129
146.806300 247.228400 150.087142 242.633214
143.505000 247.801600 146.762168 243.145467
140.209300 248.367500 143.453739 243.639530
136.935100 248.926700 140.180847 244.130807
133.701200 249.482000 136.931559 244.625854
130.512300 250.041400 133.718473 245.143113
127.368600 250.623000 130.553035 245.703014
124.279500 251.271600 127.334203 246.341277
121.226800 251.988400 124.254414 247.025896
118.235900 252.796200 121.231740 247.795091
115.296000 253.710500 118.310263 248.661562
112.410900 254.793600 115.487046 249.666893
109.550100 256.073600 112.749167 250.838896
106.765300 257.559400 109.941170 252.207206
104.058300 259.195200 107.234790 253.743289
101.451300 260.983800 104.549554 255.493132
98.958900 262.930000 102.068673 257.361578
96.560750 265.038400 99.652517 259.386395
94.233290 267.302400 97.366860 261.553389
91.992660 269.682500 95.139662 263.871950
89.872160 272.215300 92.941609 266.362097
87.867480 274.902800 90.830210 269.011464
85.990600 277.735000 88.860538 271.799671
84.244040 280.710100 87.036674 274.720483
82.619100 283.777000 85.344324 277.839566
81.079690 286.968600 83.902056 280.933924
79.784310 290.233300 82.472759 284.243953
78.568560 293.653400 81.087224 287.665530
77.471470 297.091000 79.931753 291.049708
76.507590 300.590600 78.883160 294.516132
75.684350 304.118500 77.985024 298.021356
74.993740 307.691900 77.237105 301.569218
74.448540 311.297700 76.635408 305.157003
74.042020 314.935900 76.162814 308.896938
73.771590 318.594800 75.805634 312.583673
73.715910 322.261900 75.532762 316.297961
73.769420 325.907700 75.347953 320.003397
73.817040 329.552100 75.235800 323.698504
74.000290 333.173500 75.178935 327.370305
74.172500 336.809200 75.166277 331.023210
74.344680 340.442200 75.183382 334.682143
74.514430 344.091300 75.231469 338.363664
74.662940 347.746700 75.289531 342.148231
74.736070 351.400000 75.265938 345.794282
74.769320 355.000700 75.225306 349.435893
74.814470 358.586500 75.191619 353.064100
74.746920 362.178000 75.127958 356.707306
74.686830 365.745600 75.061974 360.331843
74.555740 369.317000 74.975391 363.904667
74.360040 372.935200 74.831371 367.451757
74.109450 376.533900 74.616254 370.986336
73.828330 380.133100 74.333701 374.631325
73.476450 383.716600 73.993892 378.179718
73.062260 387.295400 73.559684 381.827776
72.635640 390.839200 73.182673 385.153259
72.123690 394.365700 72.622513 388.767366
71.585570 397.910500 72.049651 392.254546
70.976400 401.435000 71.393289 395.798903
70.311850 404.959700 70.690846 399.301648
69.602670 408.449900 69.907881 402.956534
68.879140 411.948200 69.186877 406.334893
68.139490 415.452800 68.417923 409.799552
67.432580 418.981100 67.624710 413.357690
66.735590 422.501800 66.854145 416.876353
66.031790 425.991100 66.102626 420.387858
65.337700 429.457600 65.359860 423.904480
64.678150 432.971500 64.665638 427.489491
64.092350 436.564700 63.999488 431.201565
63.538820 440.165700 63.428790 434.710261
63.089490 443.780200 62.951176 438.218937
62.687700 447.405600 62.584244 441.578428
62.395430 451.016900 62.295670 444.978046
62.179910 454.600300 62.053814 448.475755
62.016060 458.184800 61.841003 452.046888
61.878910 461.762700 61.654558 455.633321
61.782260 465.339800 61.493490 459.240512
61.711200 468.924000 61.339246 463.041076
61.669710 472.506000 61.250614 466.575510
61.695530 476.094800 61.181036 470.291014
61.729390 479.666900 61.165162 473.854636
61.822870 483.270300 61.177801 477.524209
61.924810 486.878100 61.214377 481.188569
62.056550 490.478600 61.262885 484.911559
62.176020 494.117900 61.296712 488.693847
62.266690 497.773900 61.327711 492.499339
62.330910 501.484400 61.359647 496.178281
62.383600 505.245100 61.413688 499.882761
62.456820 509.016300 61.516191 503.599200
62.639660 512.800600 61.689580 507.414887
62.868350 516.638100 61.905282 511.331846
63.106400 520.456700 62.140223 515.205614
63.367240 524.259400 62.381569 519.100630
63.593570 528.081800 62.598047 522.946723
63.801530 531.888200 62.787054 526.877490
64.024540 535.667900 62.987113 530.471622
64.206830 539.467500 63.134828 534.167590
64.344710 543.234900 63.231272 538.094066
64.496310 546.996900 63.327897 541.957101
64.631930 550.743000 63.415557 545.742772
64.749170 554.462700 63.477824 549.918811
64.914610 558.167300 63.586875 553.755132
65.103700 561.867200 63.721700 557.699960
65.335960 565.517200 63.897243 561.351747
65.569200 569.190200 64.073570 565.057392
65.794250 572.863800 64.245097 568.751962
65.979210 576.521900 64.396511 572.533851
66.180050 580.172300 64.562719 576.302447
66.362280 583.853000 64.716256 580.025693
66.538350 587.515200 64.858357 583.706396
66.682270 591.168900 64.967750 587.321441
66.777600 594.811400 65.036673 591.473332
66.890400 598.420300 65.116699 595.361877
67.026690 602.042900 65.215923 599.101866
67.177460 605.622900 65.325482 602.769331
67.323020 609.198300 65.446456 606.457425
67.450500 612.758000 65.562893 610.134692
67.653570 616.289300 65.731020 613.793197
67.878290 619.813700 65.932487 617.407021
68.154010 623.308500 66.188247 621.055815
68.437020 626.799600 66.475193 624.330535
68.771410 630.257700 66.834777 626.790826
69.202550 633.695200 67.225480 630.932482
69.600670 637.103300 67.630323 634.131806
70.036830 640.488700 68.053646 637.451629
70.506270 643.807100 68.493272 641.660741
70.892770 647.161500 68.883948 645.251929
71.232770 650.443300 69.249429 648.863527
71.580170 653.720500 69.576662 652.318210
71.988160 656.939000 69.881659 655.398164
72.305150 660.204100 70.143009 658.543721
72.604120 663.408400 70.365267 661.548953
72.917010 666.635000 70.572589 664.854478
73.242550 669.852400 70.781710 668.110557
73.637330 673.050100 71.028986 671.529030
74.027710 676.284300 71.337065 675.072326
74.459600 679.526800 71.713214 678.505789
74.950660 682.820100 72.145362 682.133319
75.485380 686.101000 72.593973 685.606151
75.997000 689.438300 73.074916 688.958861
76.620780 692.817900 73.604899 692.645878
77.255750 696.266300 74.173225 696.440594
77.860920 699.720200 74.756839 700.272689
78.456960 703.252300 75.332199 703.942266
79.046650 706.838300 75.886666 707.631069
79.748960 710.431700 76.463921 711.507023
80.377820 714.087800 77.028533 715.407049
80.984990 717.795000 77.611129 719.297439
81.568530 721.524100 78.209271 723.164073
82.226950 725.230100 82.351972 745.502960
82.971570 728.932500 82.351972 745.502960
83.716810 732.637800 82.351972 745.502960
84.461420 736.340000 82.351972 745.502960
85.205890 740.041500 82.351972 745.502960
85.988280 743.734800 82.560530 746.411649
86.881120 747.371500 83.320834 749.683954
87.770200 751.019300 84.109067 752.917498
88.659140 754.657900 84.910548 756.128954
89.568830 758.256300 85.752756 759.619481
90.529500 761.919200 86.627151 763.213927
91.504420 765.495400 87.547339 766.854816
92.518360 769.126400 88.480464 770.470251
93.541990 772.703400 89.420671 774.069908
94.615270 776.302000 90.395278 777.705416
95.687250 779.833200 91.354823 781.177496
96.764590 783.369100 92.371677 784.727418
97.857970 786.887700 93.389631 788.224490
98.977700 790.363900 94.408335 791.656930
100.102700 793.842400 95.502496 795.224620
101.281700 797.278800 96.572229 798.645291
102.480100 800.701200 97.662793 802.061138
103.706800 804.080200 98.775175 805.444850
104.948300 807.449200 99.903214 808.839001
106.192400 810.798000 101.045151 812.085939
107.467000 814.117100 102.193880 815.349908
108.775000 817.411500 103.362929 818.619848
110.077600 820.689800 104.503307 821.743165
111.337000 823.916800 105.691354 824.985809
112.595900 827.082700 106.798664 827.872288
113.862500 830.153000 107.842868 830.394170
115.118400 833.166500 108.909892 832.913539
116.423500 836.128900 110.012161 835.217912
117.895400 839.037200 111.372073 838.606046
119.447600 841.885100 113.294572 844.605822
121.088600 844.701900 115.286306 850.209033
122.872100 847.290700 125.255421 866.783918
124.724400 849.810800 125.255421 866.783918
126.575500 852.329600 125.255421 866.783918
128.426600 854.848600 125.255421 866.783918
130.276800 857.367000 125.255421 866.783918
132.127400 859.883600 125.741414 868.854878
133.992200 862.014800 128.260997 875.182392
135.814600 864.035300 130.381687 878.951294
137.604800 865.988300 132.158156 881.335071
139.298200 867.835900 133.800062 883.354783
140.919200 869.609300 135.406869 885.119701
142.486000 871.338400 136.964478 886.983310
143.940800 872.954000 138.556288 889.189052
145.300100 874.412900 140.022606 891.063164
146.559000 875.661600 141.423219 892.718648
147.650800 876.418400 147.210047 885.345521
148.685500 877.020600 147.210047 885.345521
149.713200 877.623900 147.210047 885.345521
150.732500 878.227900 147.210047 885.345521
151.742600 878.831700 147.210047 885.345521
152.808100 879.342000 138.225217 856.320052
154.068700 879.516900 135.550404 842.020797
155.413300 879.479400 132.378140 827.121890
156.888700 879.272300 130.319397 818.408039
158.478100 878.881900 129.126723 812.260510
160.134900 878.287500 128.902041 807.911264
161.860100 877.489100 129.521260 804.664897
163.672500 876.562600 130.415983 801.787268
165.594100 875.530000 131.324677 798.584857
167.624000 874.437100 132.221533 795.327356
169.770000 873.289900 133.200223 792.289755
172.035600 872.094100 134.586039 789.954212
174.385300 870.862300 135.966140 787.732512
176.854600 869.589200 137.680382 786.046502
179.401000 868.288100 139.505927 784.509063
181.975500 866.969700 141.558278 783.325541
184.536700 865.639500 143.494889 782.051869
187.062400 864.284700 145.288241 780.696057
189.538900 862.924800 146.874631 779.225354
191.918900 861.611300 148.390283 777.896775
194.206900 860.315700 149.856969 776.607834
196.343300 858.956400 151.235060 775.535874
198.368400 857.888200 152.646520 774.664891
200.275000 856.919100 154.428169 773.965705
202.193600 856.085800 156.869156 773.123576
204.073500 855.496400 160.373570 771.606081
205.960400 855.183900 164.130765 769.366111
207.864300 855.202100 167.554413 767.210056
209.713700 855.529100 170.014980 765.885941
211.499200 856.220700 172.098401 765.119722
213.188100 857.107700 174.010117 765.110739
214.784400 858.522000 175.732542 765.664280
216.227100 860.190500 177.301517 766.504958
217.589200 862.100400 178.827238 767.864199
218.870200 864.194100 180.350176 769.689693
220.036500 866.491500 181.784407 771.661280
221.092500 868.955100 183.145083 773.817924
222.159200 871.551200 184.477878 776.089164
223.261300 874.233400 185.882726 778.509382
224.402100 877.003500 187.336491 781.036901
225.538100 879.835200 188.806291 783.648600
226.647400 882.714200 190.265522 786.322146
227.713000 885.605500 191.694288 789.027726
228.729800 888.498800 193.106846 791.822802
229.740400 891.364700 194.473890 794.502805
230.756400 894.190300 195.856851 797.155525
231.798000 896.975600 197.258532 799.765018
232.862200 899.689300 198.667879 802.298006
234.006400 902.314400 200.122110 804.702666
235.284000 904.779800 201.749464 807.028799
236.717300 907.106500 203.466028 809.120911
238.297800 909.282700 205.306649 811.044276
240.026200 911.279800 207.250638 812.762322
241.899800 913.107900 209.301396 814.279238
243.969200 914.753500 211.469720 815.613320
246.167200 916.200700 213.735660 816.724254
248.519300 917.425900 216.100931 817.594619
250.970500 918.372900 218.679581 818.272167
253.540200 919.159700 221.240512 818.657117
256.240400 919.688000 223.923118 818.803655
259.064500 919.965800 226.812649 818.775591
262.004800 920.092700 229.735455 818.518013
265.032800 920.081200 232.694103 818.069074
268.210100 920.078400 235.770874 817.487087
271.495300 919.927300 238.923537 816.808781
274.820000 919.698100 242.098360 816.046558
278.229300 919.336300 245.312550 815.194746
281.674700 918.885400 248.654492 814.225377
285.133600 918.345800 251.948856 813.199910
288.622600 917.728600 255.282817 812.093313
292.132800 917.013700 258.647750 810.902984
295.617300 916.238200 262.002885 809.639953
299.090900 915.358200 265.311402 808.305931
302.533100 914.353500 268.578071 806.898196
305.943200 913.309900 271.800942 805.421590
309.311700 912.191400 275.073944 803.836581
312.679900 911.045400 278.238038 802.247495
316.061700 909.902400 281.404698 800.634940
319.450400 908.753400 284.579468 799.001788
322.840000 907.560400 287.761570 797.351777
326.249400 906.356000 290.967526 795.674901
329.691100 905.139800 294.179171 793.990119
333.195400 903.900600 297.457011 792.265102
336.754600 902.625300 300.794400 790.497045
340.384100 901.328400 304.205777 788.676079
344.064600 899.969000 307.769294 786.741756
347.769700 898.590900 311.248586 784.819590
351.401700 897.220500 314.685130 782.893830
354.975200 895.841100 318.042714 780.979149
358.485000 894.463600 321.336447 779.075809
361.949500 893.084300 324.575066 777.176118
365.336200 891.732700 327.760195 775.294834
368.619200 890.389400 330.834897 773.464146
371.749500 889.112100 333.767059 771.707944
374.681800 887.918900 336.622636 769.998079
377.389200 886.824500 339.172128 768.467140
379.874900 885.837000 341.515887 767.061070
382.177900 884.931600 343.674479 765.773652
384.328100 884.100300 345.659284 764.589238
386.400700 883.311200 347.584197 763.447941
388.376900 882.536800 349.460967 762.342110
390.309000 881.774800 351.285011 761.271617
392.306100 880.993700 353.163706 760.176868
394.377700 880.162100 355.162484 759.018363
396.550200 879.262200 357.157179 757.837315
398.842300 878.314900 359.297335 756.576469
401.259600 877.339000 361.573314 755.258397
403.789800 876.325100 363.934480 753.895290
406.435900 875.291100 366.430526 752.475887
409.217000 874.214500 369.014037 751.007494
412.118100 873.111300 371.696176 749.488900
415.118700 871.959800 374.548923 747.866455
418.218100 870.771000 377.420336 746.251008
421.393100 869.520300 380.363368 744.544753
424.627300 868.193200 383.295233 742.807067
427.914800 866.771900 386.267679 740.974772
431.247800 865.254500 389.311601 739.007054
434.552400 863.690400 392.299919 737.013560
437.807500 862.081600 395.070873 735.056292
440.966600 860.444200 398.075888 732.916330
444.049200 858.816700 401.094107 730.694542
447.069000 857.193700 404.124521 728.470485
450.037100 855.607100 407.073725 726.313708
452.944600 854.081100 409.895505 724.268665
455.777600 852.654400 412.524129 722.392117
458.467600 851.383400 415.056195 720.646165
460.990700 850.198200 417.462659 719.021308
463.426800 849.070300 419.717043 717.526212
465.787600 847.990900 421.993224 716.040698
468.094900 846.950600 424.231228 714.587735
470.366800 845.937300 426.546117 713.121459
472.708100 844.897600 428.899245 711.644849
475.121700 843.800400 431.160984 710.208895
477.587500 842.683800 433.188385 708.961941
480.152400 841.532300 435.776198 707.310437
482.766300 840.339500 438.072993 705.823013
485.445100 839.143200 440.357975 704.375983
488.188300 837.891400 442.729573 702.842973
490.987500 836.623000 445.223288 701.250427
493.803100 835.351100 447.873969 699.562880
496.624700 834.094400 450.577197 697.843737
499.474300 832.809600 453.249705 696.144825
502.358500 831.502600 455.978007 694.401581
505.286800 830.236700 458.757101 692.639070
508.248000 828.948300 461.475489 690.926149
511.244100 827.658100 464.326055 689.144177
514.267100 826.347100 467.215060 687.339600
517.327800 825.031500 470.363557 685.383533
520.388500 823.719100 473.232750 683.614735
523.389100 822.420300 476.248475 681.752514
526.283400 821.190400 479.318991 679.869044
529.057000 820.023600 482.190397 678.126814
531.704800 818.934000 484.953763 676.472909
534.226500 817.916400 487.655108 674.873738
536.656700 816.946600 490.517177 673.160030
539.023500 815.952900 493.038143 671.595622
541.317300 814.866300 495.135949 670.142019
543.532000 813.688600 496.426013 668.967306
545.686900 812.396800 496.870756 668.081179
547.734700 810.971800 496.445811 667.510753
549.629400 809.339400 496.864865 666.272008
551.297600 807.502100 498.122127 664.290394
552.779900 805.465100 499.269540 662.063968
554.025400 803.122900 500.193668 659.591657
555.053800 800.603800 501.010530 656.837920
555.833800 797.890700 501.660589 653.856018
556.486200 795.031700 502.071893 650.795216
557.103100 792.043700 502.307736 647.700821
557.706900 788.950900 502.468322 644.523407
558.314100 785.757400 502.570058 641.265529
558.963000 782.480200 502.713450 637.918117
559.664300 779.132300 502.979756 634.451479
560.383500 775.702500 503.222154 630.937166
561.143700 772.190100 503.526229 627.182939
561.955700 768.606200 503.949771 623.444067
562.794300 764.921400 504.200537 619.686697
563.665600 761.194600 504.631490 615.770168
564.512000 757.439400 504.963683 611.865846
565.360500 753.691900 505.317132 607.958580
566.202300 749.955700 505.655910 604.066880
567.038700 746.210000 505.969012 600.178418
567.914000 742.455400 506.355000 596.222935
568.809800 738.700200 506.848251 592.055955
569.651600 734.948800 507.175273 588.163286
570.504400 731.165000 507.409406 584.281564
571.381700 727.390900 507.797779 580.277276
572.231200 723.645800 508.180019 576.319926
573.054100 719.904800 508.424892 572.460748
573.889700 716.163100 508.719926 568.562443
574.718600 712.404800 509.002938 564.656927
575.527100 708.639600 509.277398 560.734885
576.261300 704.869800 509.498332 556.821152
576.930700 701.064300 509.570352 552.816704
577.575900 697.234700 509.608891 548.880787
578.192400 693.375300 509.627264 544.935654
578.778500 689.496000 509.628135 540.975100
579.345900 685.591800 509.605037 536.991411
579.857300 681.665400 509.543493 532.999051
580.310600 677.720500 509.425505 528.970293
580.758800 673.746400 509.288313 524.936671
581.155000 669.796200 509.120370 520.936696
581.510700 665.865700 508.899769 516.849479
581.822900 661.969700 508.637819 512.952030
582.077900 658.112900 508.318503 509.083085
582.273900 654.274900 507.931397 505.167910
582.437900 650.427100 507.498329 501.224495
582.599800 646.577200 507.086684 497.418594
582.753900 642.693800 506.639599 493.601025
582.851400 638.813400 506.153489 489.737387
582.898800 634.890000 505.577273 485.632776
582.982400 630.949500 505.041944 481.539704
583.073100 627.003400 504.532466 477.583070
583.192100 623.061600 504.046939 473.652053
583.328900 619.143000 503.585870 469.739830
583.475300 615.223700 503.139861 465.838413
583.625900 611.282200 502.703286 461.945024
583.720700 607.341100 502.265714 457.986160
583.834500 603.396300 501.827601 454.005840
583.934300 599.462000 501.394265 450.132243
584.036500 595.562800 500.960106 446.165674
584.162200 591.689200 500.534227 442.288961
584.227300 587.867900 500.121593 438.471950
584.317600 584.024500 499.729597 434.733005
584.499000 580.192700 499.438095 431.230385
584.808000 576.397200 499.244263 427.698464
585.238500 572.636300 499.157521 424.167328
585.796800 568.901300 499.190248 420.630180
586.480500 565.193700 499.233237 416.584246
587.248500 561.507600 499.310786 412.292822
588.029900 557.836500 499.443575 407.946882
588.838600 554.171600 499.654519 404.119207
589.673700 550.509400 499.871219 400.198114
590.516100 546.866500 500.114206 396.389138
591.343500 543.261900 500.344439 392.578300
592.132200 539.698600 500.550806 388.839270
592.828000 536.162600 500.702694 385.236168
593.460000 532.659000 500.790354 381.668785
594.031700 529.277200 500.833004 378.189556
594.554500 526.081000 500.845655 374.656416
595.075800 523.072600 500.896563 371.539315
595.617300 520.255100 500.989441 368.656984
596.166400 517.626800 501.125182 366.003457
596.704800 515.143200 501.270746 363.495717
597.194900 512.833500 501.396528 361.168572
597.576200 510.694300 501.454887 359.134832
597.786600 508.667900 501.391136 357.333229
597.747500 506.649500 501.077386 355.003897
597.514600 504.697700 500.507176 352.302867
597.070500 502.800000 499.737752 349.857188
596.402400 500.998300 498.830231 347.998546
595.438900 499.228700 497.607171 346.081814
594.162500 497.526700 496.156227 344.586273
592.513700 495.900800 494.391231 343.312886
590.635600 494.532500 492.428322 342.282918
588.500500 493.343000 490.184231 341.322256
586.178900 492.278900 487.705731 340.460400
583.738500 491.279000 485.062924 339.719614
581.166800 490.215600 482.321195 339.011446
578.490800 489.083700 479.497450 338.281719
575.723500 487.861500 476.586940 337.471262
572.904600 486.554700 473.616673 336.569143
570.042200 485.190900 470.572878 335.632915
567.169200 483.760200 467.500631 334.655850
564.280500 482.280300 464.336695 333.552442
561.350400 480.769600 461.226107 332.467277
558.405800 479.261600 458.089371 331.448593
555.376800 477.743300 454.880674 330.433135
552.348800 476.229900 451.673139 329.390587
549.309400 474.657200 448.478033 328.228933
546.268100 473.067100 445.305957 326.979824
543.205700 471.460400 442.099757 325.764562
540.123400 469.844900 438.865234 324.560942
537.055800 468.227900 435.522689 323.345713
534.039300 466.620500 432.359944 322.130469
531.070100 465.041900 429.226633 320.972007
528.189800 463.496400 426.180606 319.829717
525.392500 461.985300 423.219991 318.734004
522.696400 460.482700 420.368086 317.616730
520.138600 459.018200 417.661993 316.503850
517.756100 457.609300 415.126999 315.418807
515.544600 456.272300 412.775640 314.394774
513.468500 454.993400 410.504106 313.389000
511.515000 453.792000 408.435381 312.449359
509.647000 452.752700 406.515365 311.654688
507.816400 451.952700 404.585108 311.073174
506.024700 451.375100 402.425154 310.686916
504.164400 451.057300 399.903231 310.471243
502.213400 450.955500 397.476141 310.524905
500.360000 451.174600 395.584715 310.915096
498.532400 451.717400 393.727959 311.618297
496.762400 452.594900 391.946641 312.612659
495.085200 453.803100 390.449065 313.960809
493.512800 455.370800 389.123050 315.643411
492.140200 457.192000 388.001270 317.642353
490.899800 459.329000 386.955762 319.914426
489.697100 461.689000 385.939897 322.492109
488.436200 464.216900 384.955778 325.180720
487.065300 466.910000 383.909390 328.035094
485.589500 469.753000 382.802052 331.051733
484.009700 472.740300 381.628676 334.212302
482.314200 475.837000 380.388243 337.490697
480.567300 479.018100 379.120247 340.865601
478.766800 482.282500 377.770397 344.309477
476.977200 485.484200 376.478923 347.804212
475.149800 488.770200 375.093974 351.324807
473.326600 492.020400 373.650851 354.944137
471.475600 495.302800 372.242986 358.472058
469.568200 498.617300 370.808558 362.020011
467.651300 501.958900 369.358510 365.585008
465.708000 505.334400 367.897077 369.173083
463.769100 508.731500 366.450380 372.778770
461.845200 512.161900 365.011080 376.405540
459.919600 515.621400 363.571969 380.049595
457.939000 519.112900 362.153394 383.705150
455.953400 522.620500 360.651099 387.491550
453.935100 526.117100 359.181357 391.160353
451.928900 529.614300 357.726873 394.838493
449.964500 533.134600 356.287086 398.533119
448.010500 536.687300 354.864073 402.242473
446.054100 540.236000 353.430985 405.953582
444.056100 543.807900 352.002027 409.678082
442.049300 547.417800 350.560132 413.399056
440.037800 551.028500 349.107115 417.125037
438.025200 554.634600 347.596154 420.968712
435.977800 558.237500 346.124414 424.710310
433.919500 561.855000 344.643647 428.459113
431.843000 565.470100 343.166391 432.202965
429.767800 569.108300 341.679357 435.964367
427.667800 572.747600 340.196239 439.747836
425.537800 576.435200 338.705750 443.517913
423.436400 580.100900 337.215861 447.268842
421.318500 583.767700 335.719134 451.038797
419.219900 587.449100 334.184194 454.931990
417.120400 591.134600 332.698700 458.708103
415.005200 594.832500 331.216155 462.504846
412.888500 598.541400 329.730821 466.280914
410.755500 602.261600 328.239610 470.089274
408.648800 605.999000 326.753073 473.851888
406.499300 609.720300 325.251250 477.669918
404.349900 613.457900 323.751289 481.482962
402.219500 617.158900 322.270916 485.272905
400.144400 620.804100 320.777555 489.072215
398.088300 624.376000 319.370493 492.650812
396.094000 627.872100 317.986190 496.209446
394.096100 631.363900 316.613816 499.719239
392.096200 634.841100 315.266816 503.148406
390.122200 638.266000 313.905877 506.662837
388.138200 641.719200 312.560926 510.108680
386.190000 645.182000 311.221773 513.545769
384.289400 648.626900 309.907631 516.906767
382.388400 652.005600 308.566960 520.306481
380.473700 655.356700 307.265752 523.579868
378.503900 658.701400 305.910530 526.953607
376.494800 662.062000 304.568287 530.289768
374.499000 665.373200 303.234740 533.603238
372.495100 668.759000 301.880433 536.945373
370.503500 672.182700 300.565098 540.218693
368.470500 675.625200 299.188156 543.624399
366.423200 679.124800 297.806534 547.056656
364.370700 682.649600 296.443809 550.464723
362.295100 686.175900 294.970650 554.159442
360.227100 689.735900 293.609300 557.617701
358.182300 693.297500 292.227232 561.152191
356.109700 696.850900 290.830052 564.697931
354.085800 700.357400 289.492199 568.099295
352.038300 703.859700 288.131069 571.523581
350.008800 707.353700 286.780266 574.929860
347.982700 710.855500 285.427770 578.340042
345.942000 714.320900 284.045789 581.778531
343.906200 717.779200 282.640944 585.252000
341.889600 721.226700 281.311355 588.574232
339.882000 724.654800 279.972625 591.915997
337.868700 728.103400 278.646097 595.249041
335.866200 731.571800 277.341769 598.571887
333.967500 735.105200 275.977686 602.068136
332.130600 738.707000 274.622609 605.569573
330.109000 742.325700 273.238314 609.202268
328.052600 745.993300 271.780535 613.027389
325.960300 749.694700 270.376897 616.678415
323.882400 753.400900 269.018829 620.245648
321.810400 757.046400 267.627616 623.843239
319.688500 760.664000 266.278308 627.297015
317.595700 764.288500 264.752654 630.985524
315.554700 767.892700 263.245177 634.642161
313.514600 771.526200 261.790477 638.134605
311.450700 775.119600 260.272460 641.688359
309.357300 778.629400 258.734930 645.176753
307.194900 782.050500 256.979158 648.982800
304.937400 785.448200 254.976270 653.129171
302.592400 788.799400 252.836980 657.370757
300.153800 792.111000 250.532965 661.767967
297.624000 795.374800 248.059126 666.292102
294.927000 798.539300 245.584236 670.587910
292.185800 801.678500 243.026489 674.771027
289.192200 804.695700 240.354733 678.898272
286.151300 807.624000 237.413265 683.244421
283.065000 810.476300 234.602943 687.098911
280.007100 813.213700 231.625636 691.041928
276.942200 815.904300 228.731743 694.613041
273.811500 818.493600 225.907788 697.797653
270.605600 820.960500 223.012843 700.851763
267.321200 823.303700 219.858833 704.113947
264.005200 825.567800 216.792654 707.032809
260.657900 827.735000 213.711955 709.783243
257.273000 829.813900 210.459382 712.550449
253.861800 831.809200 207.337408 715.045538
250.446800 833.761300 204.210475 717.457785
247.052800 835.652800 201.160468 719.731821
243.677200 837.476800 198.152237 721.902598
240.295500 839.294300 195.153384 724.081903
236.906500 841.089700 192.159445 726.196197
233.510200 842.896300 189.174561 728.291363
230.131200 844.723000 186.016366 730.816741
226.769300 846.514500 182.965034 733.253349
223.408300 848.268000 179.977475 735.447191
220.026300 849.991200 177.036629 737.488434
216.652600 851.728000 174.019550 739.742808
213.269900 853.442300 170.927524 742.187754
209.880600 855.139200 167.870659 744.468034
206.468800 856.885000 164.678885 747.137365
203.010300 858.620500 161.369840 749.830418
199.502700 860.363300 158.150638 752.354536
196.002500 862.107300 154.993388 754.697455
192.526600 863.893400 151.801122 757.205824
189.070200 865.686900 148.685554 759.569708
185.622800 867.526100 145.433756 762.286718
182.188500 869.362900 142.238364 764.872554
178.750800 871.210600 139.120427 767.291627
175.314500 873.051400 136.074220 769.558590
171.878500 874.938000 132.885953 772.076666
168.464000 876.882000 129.767710 774.670870
165.093500 878.898700 126.854862 777.028144
161.793700 881.039600 123.984706 779.558825
158.553600 883.315600 121.074922 782.364112
155.369300 885.727000 118.229900 785.279945
152.279000 888.277000 115.169559 788.712516
149.259200 890.897300 112.493417 791.867618
146.298100 893.633000 109.532548 795.497679
143.341500 896.377900 106.819533 798.905732
140.419600 899.149000 104.045385 802.440891
137.428800 901.883400 101.400383 805.797570
134.430600 904.585400 98.853447 809.003270
131.430500 907.268900 96.353524 812.167218
128.400000 909.942700 93.844825 815.262466
125.387100 912.605700 91.189421 818.458906
122.446000 915.311700 88.777901 821.529992
