0.000000 0.000000 0.000000 0.000000
-0.007832 1.689225 -0.008149 1.679455
-0.029694 3.390281 -0.024132 3.354429
-0.070081 5.150463 -0.051093 5.150039
-0.123858 6.989627 -0.088828 6.964535
-0.184475 8.978383 -0.135004 8.915040
-0.253794 11.064230 -0.189555 10.969040
-0.296212 13.335200 -0.249049 13.266557
-0.345120 15.748820 -0.312373 15.645664
-0.368644 18.288060 -0.376428 18.171895
-0.406558 20.990620 -0.440422 20.848808
-0.450732 23.849210 -0.514950 23.755316
-0.505576 26.794890 -0.589438 26.673807
-0.567916 29.817300 -0.666364 29.665044
-0.634186 32.902500 -0.746382 32.725039
-0.704629 36.067260 -0.834244 35.963724
-0.763742 39.276990 -0.925970 39.158538
-0.840559 42.506460 -1.025125 42.386449
-0.944805 45.707290 -1.134272 45.706336
-1.050114 48.934630 -1.239753 48.936385
-1.142897 52.159540 -1.340201 52.172126
-1.248790 55.372460 -1.438164 55.396604
-1.352181 58.600620 -1.535833 58.741916
-1.444555 61.847430 -1.628161 61.997332
-1.528092 65.085270 -1.721904 65.246425
-1.623511 68.349680 -1.818193 68.511775
-1.697570 71.605970 -1.910295 71.893456
-1.784427 74.842930 -2.001771 75.159181
-1.892754 78.044640 -2.101428 78.391975
-2.009246 81.241000 -2.207495 81.612074
-2.118145 84.381460 -2.318370 84.883533
-2.224921 87.410700 -2.426916 87.951647
-2.344772 90.265560 -2.540960 90.850188
-2.486719 92.915770 -2.676300 93.542440
-2.649588 95.352060 -2.830505 96.097555
-2.827593 97.533080 -2.984628 98.336342
-2.992555 99.437370 -3.135337 100.309858
-3.132396 101.119600 -3.259105 102.064941
-3.196722 102.604300 -3.320623 103.648672
-3.182672 103.907400 -3.299805 104.969667
-3.061832 105.116200 -3.178665 106.119590
-2.813888 106.240500 -2.924521 107.122011
-2.431748 107.285400 -2.540789 107.887328
-1.921488 108.234600 -2.032189 108.311001
-1.282825 109.049600 -1.385304 109.009842
-0.530716 109.791000 -0.652131 109.410741
0.374458 110.404000 0.234356 110.024598
1.408134 110.856700 1.283824 110.489545
2.533142 111.185100 2.388942 110.713354
3.783818 111.364400 3.633433 110.947360
5.173439 111.489500 5.018055 111.099923
6.728517 111.518300 6.557138 111.142314
8.447661 111.482200 8.326306 111.118108
10.365340 111.411600 10.237093 111.044203
12.440570 111.376600 12.302804 110.998115
14.658270 111.336300 14.513484 110.948879
16.980990 111.294300 16.839190 110.893870
19.371510 111.225100 19.315577 110.826125
21.827520 111.168600 21.781860 110.797724
24.338230 111.128000 24.304002 110.763323
26.865460 111.086600 26.857054 110.744981
29.340250 111.018500 29.436179 110.660813
31.824380 110.949500 31.938794 110.563126
34.255590 110.895700 34.414454 110.540895
36.655720 110.832300 36.856544 110.501279
39.023530 110.760300 39.338673 110.444157
41.348270 110.661800 41.689414 110.348900
43.625630 110.563400 43.997762 110.253939
45.778700 110.472200 46.262286 110.161125
47.871130 110.381700 48.373689 110.063351
49.939530 110.289100 50.457628 109.954996
51.971720 110.194600 52.515282 109.860285
53.966400 110.084400 54.614752 109.764098
55.968740 109.922700 56.633568 109.601770
58.012520 109.724900 58.694477 109.418846
60.142410 109.502900 60.897481 109.188161
62.329410 109.265100 63.099528 108.948005
64.563430 109.013700 65.362833 108.682558
66.805840 108.790700 67.626825 108.432193
69.024790 108.566800 69.934047 108.173656
71.274060 108.316000 72.187507 107.902632
73.551630 108.056300 74.469707 107.623303
75.878910 107.783000 76.805035 107.329005
78.249380 107.482800 79.264245 107.001775
80.656160 107.159100 81.705283 106.664091
83.128450 106.823200 84.209350 106.314292
85.650170 106.498800 86.833100 105.960350
88.195570 106.179900 89.401495 105.627491
90.756270 105.878900 91.989759 105.309320
93.347120 105.574100 94.612259 104.991122
95.936460 105.267700 97.304863 104.667097
98.498850 104.969700 99.886306 104.362223
101.043100 104.696300 102.557326 104.065767
103.535900 104.414000 105.155092 103.764002
105.990700 104.117400 107.732870 103.449627
108.401400 103.830100 110.206287 103.146022
110.756600 103.530500 112.624813 102.826051
113.078300 103.210700 115.070167 102.476124
115.356600 102.887000 117.357164 102.134207
117.639100 102.533100 119.651395 101.766712
119.873200 102.178000 121.904403 101.394717
122.079200 101.811900 124.188921 100.995790
124.272600 101.407700 126.467875 100.580317
126.424700 100.975200 128.411557 100.149439
128.537100 100.456100 130.182874 99.645503
130.617700 99.856810 132.265569 99.045375
132.667800 99.216070 134.377393 98.396372
134.687400 98.553530 136.922920 97.687927
136.660100 97.926510 139.035107 97.027874
138.607400 97.314350 141.131728 96.400461
140.503400 96.738880 143.135107 95.813572
142.369000 96.204360 145.091651 95.275244
144.202100 95.695640 146.987456 94.767120
145.980300 95.244100 148.870595 94.297232
147.725300 94.841610 150.579685 93.895788
149.451200 94.497860 152.017799 93.608390
151.160400 94.251030 153.178730 93.465988
152.853900 94.142140 154.551424 93.417126
154.532700 94.132680 156.408161 93.386714
156.196500 94.120650 158.748146 93.281308
157.821400 94.007330 160.545050 93.150690
159.401200 93.838200 162.328566 92.953629
160.938600 93.578160 163.986379 92.677825
162.417600 93.276270 165.489874 92.367412
163.854200 92.938740 167.000187 92.009886
165.277700 92.622550 168.482626 91.655369
166.674900 92.299640 169.981938 91.291145
168.125300 91.946090 171.394683 90.921390
169.638900 91.526300 172.954333 90.485654
171.214100 91.062420 174.490949 90.019561
172.836600 90.569120 176.162789 89.490276
174.480800 90.035230 177.884047 88.938440
176.115700 89.513510 179.533098 88.399414
177.736600 89.009020 181.228313 87.864388
179.315600 88.539550 182.968361 87.335901
180.808000 88.123170 184.577992 86.870592
182.185700 87.753480 186.050537 86.470479
183.432400 87.482040 187.339270 86.169998
184.623100 87.293670 188.385727 86.013888
185.803900 87.231550 189.107593 86.046791
186.952000 87.297830 189.815519 86.202929
188.068600 87.451920 190.197403 86.512090
189.154900 87.728640 190.741924 86.889385
190.233600 88.157250 191.452914 87.402474
191.320100 88.781620 192.320952 88.049973
192.410500 89.600550 192.988956 88.903852
193.454200 90.684490 194.031684 89.946181
194.437900 91.988930 194.962918 91.264225
195.378100 93.548950 195.867593 92.779139
196.271500 95.327110 196.740520 94.510192
197.137400 97.277400 197.627179 96.478177
197.949900 99.411050 198.436973 98.567192
198.716100 101.702700 199.109010 100.842198
199.516800 104.092500 199.793139 103.309416
200.371000 106.590800 200.574547 105.777339
201.252400 109.169500 201.373577 108.339397
202.151000 111.754400 202.239159 110.915830
203.059200 114.350500 203.161235 113.579438
203.983900 117.000400 204.118709 116.241642
204.857600 119.562000 204.985916 118.753039
205.735000 122.179100 205.838771 121.351999
206.598600 124.790300 206.749987 124.028434
207.440900 127.377400 207.639394 126.600520
208.242800 129.908400 208.488159 129.122879
208.997300 132.350000 209.281301 131.566125
209.687300 134.653600 210.021153 133.948179
210.315800 136.812600 210.676594 136.117151
210.853400 138.781000 211.247410 138.106569
211.314900 140.528100 211.730489 139.934287
211.724000 142.072000 212.162345 141.499618
212.087800 143.489600 212.537872 142.917959
212.418900 144.848700 212.911638 144.279048
212.644500 146.170800 213.189960 145.643600
212.735200 147.467000 213.268173 146.887275
212.655400 148.727700 213.153605 148.076532
212.394800 149.931200 212.903541 149.259670
211.967700 151.060900 212.396550 150.268373
211.327800 152.041400 211.797234 151.305665
210.570500 152.900300 211.073432 152.184377
209.690200 153.609600 210.182044 152.860583
208.709700 154.127900 209.239504 153.429430
207.628600 154.446600 208.216395 153.877685
206.514300 154.663600 207.124324 154.138244
205.342600 154.839800 205.952196 154.278598
204.054700 154.916400 204.668443 154.445325
202.653200 155.003000 203.290553 154.533321
201.071000 155.004800 201.743541 154.553775
199.317900 154.934200 199.947308 154.526807
197.401000 154.857200 198.043508 154.475421
195.316900 154.772000 195.970227 154.419299
193.070500 154.750200 193.656846 154.415073
190.668800 154.808600 191.265009 154.482421
188.123400 154.966400 188.727920 154.629536
185.505500 155.209900 186.112450 154.857167
182.877200 155.502600 183.405504 155.157895
180.229400 155.806300 180.776067 155.475140
177.558300 156.111000 178.123455 155.799568
174.880600 156.428400 175.465449 156.130675
172.210900 156.745600 172.723577 156.469231
169.531800 157.057600 170.061071 156.790888
166.857300 157.367500 167.404291 157.108789
164.166400 157.687700 164.662895 157.442899
161.543900 158.015100 162.026771 157.778614
158.917500 158.348300 159.409217 158.115627
156.307000 158.685700 156.802640 158.458790
153.701700 159.029500 154.129174 158.816055
151.074500 159.379400 151.517535 159.165399
148.417600 159.744000 148.873864 159.527716
145.726100 160.131500 146.196325 159.908660
143.006700 160.516800 143.415232 160.303860
140.244900 160.894500 140.679945 160.681880
137.441200 161.249200 137.903781 161.040573
134.595200 161.560200 135.086496 161.353700
131.711200 161.840600 132.144793 161.647563
128.789000 162.129400 129.268133 161.940817
125.847000 162.402500 126.366010 162.222913
122.922800 162.662800 123.379069 162.500133
120.011500 162.917000 120.498201 162.764419
117.096200 163.164900 117.620844 163.026079
114.183400 163.417600 114.748890 163.288971
111.271300 163.676400 111.784956 163.562341
108.360000 163.930000 108.922874 163.825893
105.444700 164.185400 106.062825 164.089896
102.540700 164.434900 103.210256 164.349328
99.644400 164.672400 100.274444 164.608058
96.744730 164.928100 97.438171 164.873016
93.849290 165.223100 94.603203 165.164604
90.952140 165.530200 91.793268 165.471378
88.065380 165.851200 88.887203 165.805386
85.150470 166.191600 86.034424 166.137718
82.242610 166.531500 83.169992 166.470199
79.311830 166.862600 80.318356 166.792249
76.393260 167.201900 77.381067 167.131752
73.438700 167.538900 74.511427 167.463228
70.485150 167.863400 71.649099 167.781574
67.519840 168.167700 68.786069 168.078116
64.540850 168.441900 65.799215 168.357113
61.540400 168.697200 62.867238 168.612255
58.537190 168.941400 59.902854 168.860937
55.533930 169.185000 56.977185 169.106390
52.543330 169.420200 53.986997 169.345292
49.571870 169.640200 51.113438 169.562098
46.635500 169.839600 48.286530 169.758208
43.710130 170.017100 45.467490 169.932457
40.823360 170.176600 42.492360 170.103191
37.953040 170.328300 39.634314 170.268221
35.132860 170.473500 36.858641 170.428646
32.385260 170.602800 34.170327 170.569447
29.704360 170.713400 31.472572 170.694849
27.093420 170.807100 28.920951 170.799360
24.583170 170.877300 26.446422 170.889800
22.209330 170.937800 23.995280 170.982381
19.944280 171.027800 21.818556 171.084999
17.748010 171.142200 19.738776 171.201778
15.606760 171.273100 17.688055 171.331012
13.545460 171.403600 15.634143 171.467074
11.568070 171.540200 13.747384 171.599973
9.709170 171.687300 11.949893 171.739885
7.998637 171.853700 10.132431 171.899132
6.432635 172.024100 8.586812 172.056515
4.995356 172.227700 6.871004 172.255103
3.674361 172.460800 5.332813 172.483370
2.475555 172.738700 3.276487 172.798634
1.394096 173.060700 1.720432 173.126405
0.435287 173.448800 -0.179912 173.546512
-0.481995 173.905100 -1.358638 174.002631
-1.324858 174.456900 -2.320492 174.517945
-2.065394 175.091700 -3.231315 175.112957
-2.762100 175.808500 -3.559270 175.782984
-3.408457 176.720100 -4.452875 176.657715
-3.994755 177.763900 -4.978256 177.630665
-4.506015 178.951500 -5.390046 178.790944
-4.930925 180.367000 -5.639330 180.097641
-5.212692 181.952900 -5.864865 181.612912
-5.351521 183.714600 -5.946087 183.315452
-5.392321 185.625500 -6.006681 185.215098
-5.387940 187.682900 -5.966397 187.328553
-5.372151 189.871900 -5.857197 189.512798
-5.386586 192.193400 -5.774292 191.807775
-5.406023 194.585200 -5.690555 194.179311
-5.440439 197.017600 -5.710880 196.588649
-5.475977 199.456500 -5.791870 199.083543
-5.514842 201.934200 -5.850056 201.532358
-5.560062 204.406700 -5.864954 203.977405
-5.616804 206.863600 -5.920812 206.407023
-5.692115 209.294100 -5.995678 208.885108
-5.775682 211.678200 -6.090101 211.244943
-5.860771 213.990100 -6.235728 213.549113
-5.940900 216.159300 -6.340962 215.719056
-6.023283 218.169400 -6.437134 217.791642
-6.114588 220.000600 -6.528448 219.617237
-6.209081 221.641100 -6.613151 221.252271
-6.290085 223.094700 -6.714145 222.710651
-6.323739 224.427000 -6.783568 224.076421
-6.274326 225.732300 -6.779775 225.356922
-6.132258 226.985000 -6.647290 226.567689
-5.842543 228.167200 -6.362898 227.764662
-5.392446 229.278300 -5.995617 229.007028
-4.842747 230.275700 -5.444493 230.023818
-4.162700 231.192700 -4.733878 230.879526
-3.339169 232.032200 -3.868028 231.730875
-2.397566 232.795000 -2.812651 232.132999
-1.278517 233.345000 -1.711078 232.880472
0.002398 233.849400 -0.382154 233.210942
1.451824 234.167300 0.997666 233.636979
3.063341 234.394700 2.581544 233.915413
4.818404 234.521700 4.363113 234.074190
6.718857 234.529500 6.247841 234.148087
8.771869 234.476900 8.273207 234.103798
10.950050 234.353500 10.454200 234.052295
13.283690 234.242600 12.750676 233.950177
15.698180 234.114100 15.221123 233.830504
18.109840 234.011200 17.625528 233.733138
20.538930 233.937000 20.038868 233.654654
23.000350 233.896100 22.480833 233.595727
25.454510 233.895700 24.937815 233.557306
27.927720 233.889300 27.493960 233.520931
30.407900 233.872000 29.978694 233.478610
32.882140 233.853600 32.455945 233.434060
35.338500 233.829000 34.920490 233.386977
37.779520 233.790500 37.441970 233.320654
40.179400 233.727500 39.849614 233.237468
42.552300 233.662400 42.232686 233.150485
44.907840 233.595600 44.591712 233.068427
47.226940 233.520600 46.994405 232.972537
49.522840 233.434600 49.293070 232.868997
51.803140 233.370200 51.571763 232.781665
54.049950 233.306500 53.819675 232.692462
56.280590 233.226500 56.115886 232.593808
58.445580 233.147900 58.314595 232.501231
60.619970 233.086700 60.487080 232.418453
62.750480 233.037500 62.618337 232.351970
64.846290 232.998000 64.813352 232.296791
66.907940 232.934300 66.888272 232.223342
68.927460 232.866900 68.911538 232.140839
70.887740 232.814900 70.890188 232.071186
72.825750 232.758300 72.898562 231.999275
74.737930 232.699000 74.819183 231.933877
76.618370 232.622200 76.704772 231.852377
78.487810 232.513200 78.582572 231.753119
80.415420 232.376500 80.584558 231.614969
82.423060 232.187700 82.604519 231.436328
84.524370 231.969700 84.667779 231.220002
86.709120 231.699600 86.931666 230.942267
89.024130 231.380400 89.259493 230.624988
91.467840 231.021200 91.701237 230.268880
94.024580 230.649200 94.267507 229.893083
96.704300 230.258000 97.094194 229.489680
99.500260 229.890100 99.935873 229.117986
102.390800 229.569300 102.839246 228.784688
105.358500 229.285100 105.810195 228.487266
108.344900 229.013100 108.859645 228.206207
111.363200 228.734900 111.935304 227.925031
114.373200 228.477600 114.974213 227.661522
117.360000 228.229400 118.002323 227.407996
120.339400 228.001300 121.036271 227.170314
123.309400 227.796900 124.124614 226.951827
126.241200 227.623100 127.116533 226.764748
129.151600 227.477500 130.200828 226.589246
132.012600 227.318900 133.187368 226.411423
134.854400 227.154700 136.154434 226.229931
137.658300 226.984100 139.054057 226.039974
140.441600 226.780700 141.895512 225.819928
143.209300 226.535400 144.694483 225.567132
145.977400 226.238300 147.512313 225.254819
148.746000 225.862600 150.127219 224.884974
151.518600 225.402500 152.617884 224.444807
154.265800 224.858900 155.187141 223.913358
157.017900 224.208100 157.979967 223.254172
159.770300 223.494500 161.124766 222.514583
162.519400 222.782200 164.333978 221.764228
165.292700 222.111000 167.520150 221.058426
168.051700 221.507000 170.564368 220.412258
170.813300 220.973200 173.422986 219.852592
173.565300 220.491000 176.187341 219.362339
176.245800 220.043100 178.931140 218.910650
178.818800 219.633700 181.553698 218.480619
181.257200 219.251600 184.084362 218.069639
183.679400 218.884000 186.650518 217.662756
186.086900 218.497600 189.136009 217.252951
188.454700 218.100200 191.608845 216.829318
190.804000 217.716300 194.015248 216.429474
193.140800 217.373500 196.447208 216.062464
195.432100 217.054600 198.814919 215.733253
197.727600 216.759200 201.201909 215.421630
199.972100 216.485600 203.595614 215.121104
202.098700 216.237900 206.059037 214.816011
204.042400 215.996300 208.164207 214.547863
205.749800 215.775100 210.099242 214.303714
207.241200 215.583400 211.790583 214.095509
208.613300 215.379500 213.305457 213.903369
209.946100 215.165400 214.817137 213.686339
211.132200 214.943200 216.161580 213.466185
212.136600 214.744800 217.245069 213.270079
213.062500 214.534600 218.242301 213.075905
213.959300 214.314400 219.104475 212.879136
214.824000 214.088800 219.675743 212.709239
215.687900 213.834700 220.137742 212.521541
216.575000 213.526600 220.178054 212.344918
217.490900 213.157600 219.930633 212.151025
218.457300 212.700900 219.863800 211.858202
219.480700 212.125200 219.499965 211.517042
220.511700 211.370900 220.100742 210.852015
221.550800 210.459100 220.778124 210.031455
222.555600 209.363300 221.590981 209.007310
223.474400 208.082600 222.387139 207.767836
224.312800 206.641100 223.199689 206.361363
225.044800 205.038200 223.865865 204.805661
225.610700 203.260200 224.450998 203.064238
225.969900 201.350200 224.796196 201.165055
226.110100 199.367200 224.944839 199.206710
226.043000 197.305000 224.853063 197.183901
225.807700 195.159800 224.632636 195.071817
225.430000 192.956900 224.259739 192.843858
224.916600 190.707600 223.784691 190.638546
224.270500 188.432400 223.177293 188.409049
223.514900 186.121900 222.390691 186.160169
222.660400 183.771100 221.438605 183.834212
221.783100 181.391000 220.469592 181.419941
220.891900 178.998600 219.493463 179.062695
220.021400 176.587400 218.486649 176.707413
219.223500 174.200300 217.633538 174.344305
218.482200 171.834800 216.844029 171.928884
217.818500 169.568700 216.247082 169.646494
217.216600 167.458800 215.784191 167.492897
216.650700 165.491600 215.330652 165.435227
216.110800 163.682800 214.922257 163.579431
215.577800 162.017400 214.501671 161.867378
214.999400 160.430000 214.043183 160.255703
214.344800 158.975700 213.475875 158.787648
213.573800 157.662600 212.751864 157.504763
212.660500 156.532700 211.837686 156.450335
211.582500 155.560200 210.732855 155.533535
210.426600 154.805400 209.550306 154.853117
209.163000 154.246200 208.315017 154.285829
207.764200 153.857100 206.939118 153.881148
206.280800 153.652300 205.524757 153.619306
204.678000 153.573200 204.046429 153.428525
202.976300 153.576200 202.394150 153.411256
201.140400 153.649700 200.607681 153.467051
199.175800 153.795100 198.638175 153.598191
197.094000 154.001100 196.613289 153.775909
194.884400 154.205500 194.447078 153.979704
192.560300 154.427500 192.155509 154.202040
190.124200 154.677200 189.752778 154.449994
187.577500 154.946500 187.160972 154.731571
184.929000 155.250800 184.549344 155.036957
182.198300 155.594600 181.846689 155.382478
179.402300 155.944800 179.078773 155.743046
176.570000 156.287200 176.185933 156.101024
173.734500 156.623600 173.378553 156.438487
170.901000 156.954000 170.574958 156.777607
168.081500 157.295300 167.781036 157.123606
165.284900 157.640900 164.922824 157.485265
162.507400 157.987500 162.173905 157.833625
159.747400 158.333400 159.438602 158.184575
156.984600 158.680600 156.713739 158.530950
154.216200 159.032100 153.894983 158.891446
151.439500 159.399800 151.157636 159.255167
148.640500 159.792600 148.403229 159.643928
145.813800 160.206400 145.621048 160.054302
142.963600 160.610300 142.721031 160.467512
140.057000 160.997100 139.863352 160.849660
137.092200 161.347900 136.952429 161.203981
134.059200 161.649400 133.981266 161.507994
130.993600 161.935400 130.856380 161.802205
127.858900 162.233700 127.792909 162.090178
124.683800 162.520100 124.676027 162.369338
121.492100 162.798700 121.527245 162.641120
118.297400 163.082000 118.270715 162.926354
115.103400 163.377800 115.129774 163.211853
111.913100 163.672600 111.990940 163.500448
108.723500 163.966800 108.861287 163.787720
105.531500 164.253700 105.632045 164.079153
102.343500 164.537500 102.504700 164.358086
99.161640 164.825900 99.376364 164.649999
95.959550 165.164700 96.245647 164.981061
92.746890 165.547500 92.998000 165.361101
89.526460 165.956000 89.845948 165.757234
86.297890 166.381500 86.649831 166.175235
83.033610 166.817100 83.408714 166.596043
79.736970 167.238800 80.046404 167.019503
76.427180 167.629500 76.778644 167.407075
73.050320 167.986400 73.489733 167.760719
69.640860 168.315400 70.158426 168.087765
66.194370 168.637100 66.712254 168.410392
62.710330 168.931500 63.318226 168.702840
59.214430 169.199600 59.915580 168.966947
55.734640 169.446800 56.494352 169.210272
52.271980 169.681900 53.005652 169.443417
48.833520 169.903400 49.652527 169.656450
45.431860 170.116400 46.325551 169.859636
42.051610 170.315300 43.081482 170.042750
38.742450 170.482700 39.724074 170.214546
35.535340 170.629700 36.541325 170.366622
32.460880 170.758300 33.520378 170.498727
29.526980 170.862700 30.649923 170.608935
26.736320 170.955000 27.855099 170.701658
24.096640 171.032400 25.260752 170.779930
21.599520 171.132300 22.810439 170.876256
19.316590 171.344600 11.100097 170.662691
17.201760 171.658400 11.100097 170.662691
15.089840 171.971500 11.100097 170.662691
12.980420 172.284000 11.100097 170.662691
10.872410 172.596000 11.100097 170.662691
8.838192 172.907600 9.851366 171.000025
7.132350 173.177000 7.655098 171.136676
5.611287 173.387400 6.261493 171.081503
4.309371 173.544500 5.267382 170.986708
3.237420 173.651900 4.667917 170.869691
2.375838 173.729600 4.393358 170.758155
1.679549 173.799100 4.351261 170.653874
1.056923 173.859600 4.351926 170.558536
0.465217 173.909300 4.351266 170.475288
-0.128030 173.962400 4.379350 170.398539
-0.720230 174.003300 4.401983 170.329088
-1.330594 174.023800 4.334889 170.253898
-2.080426 174.055200 4.342522 170.163921
-2.997577 174.094600 4.502300 170.063318
-4.098643 174.120700 4.586230 169.922499
-5.416520 174.168000 3.986638 169.758764
-6.936037 174.228300 2.499622 169.560887
-8.609358 174.340400 -0.182195 169.320923
-10.463980 174.413000 -2.997557 168.997067
-12.494230 174.495000 -5.887909 168.633071
-14.662590 174.544200 -8.285163 168.185635
-17.028510 174.612700 -10.569385 167.770505
-19.515490 174.656900 -13.228935 167.272826
-22.153150 174.694500 -15.861674 166.771332
-24.891700 174.736800 -18.770876 166.239870
-27.728470 174.787700 -21.975144 165.665962
-30.668830 174.869400 -25.704666 165.044308
-33.671140 174.970100 -29.747538 164.404257
-36.734690 175.074800 -33.861604 163.741727
-39.843610 175.165700 -37.465810 163.092101
-43.001160 175.252500 -41.107396 162.416505
-46.184910 175.351700 -44.746464 161.753647
-49.374400 175.443100 -48.227953 161.095714
-52.557440 175.526000 -51.328077 160.458905
-55.757590 175.616000 -54.542731 159.815852
-58.925860 175.702900 -57.906354 159.146210
-62.130070 175.804700 -61.381863 158.482166
-65.328080 175.907300 -64.874520 157.815931
-68.537660 176.003100 -68.358752 157.129827
-71.749230 176.080900 -71.565711 156.469407
-74.976500 176.145900 -74.756370 155.788263
-78.208790 176.218000 -77.895827 155.123080
-81.447070 176.257900 -81.223664 154.389826
-84.692180 176.290600 -84.296600 153.696331
-87.936790 176.288700 -87.325300 152.981705
-91.211290 176.258400 -90.462478 152.225324
-94.484440 176.204800 -93.590280 151.439476
-97.757000 176.121600 -96.597944 150.653032
-101.045200 176.004400 -99.909197 149.788906
-104.339000 175.862100 -102.798017 148.973403
-107.640300 175.694600 -105.929648 148.079062
-110.948600 175.520500 -108.858181 147.214759
-114.267700 175.326000 -112.016922 146.290337
-117.598500 175.123100 -115.298677 145.326987
-120.942600 174.923200 -118.547128 144.352849
-124.293900 174.718800 -121.780530 143.385005
-127.663000 174.505900 -125.306459 142.347966
-131.048900 174.295300 -128.669746 141.347017
-134.443100 174.072500 -132.139041 140.299039
-137.847200 173.848200 -135.481539 139.281458
-141.262000 173.635000 -138.798688 138.280199
-144.675300 173.415500 -142.129213 137.273425
-148.093400 173.189000 -145.313982 136.292179
-151.506600 172.967300 -148.921038 135.225529
-154.901800 172.728300 -152.122989 134.234128
-158.292900 172.494700 -155.323816 133.251457
-161.632200 172.250400 -158.327403 132.296144
-164.974900 172.022600 -161.596626 131.301514
-168.236000 171.803200 -164.688926 130.356004
-171.502400 171.597000 -168.305271 129.302320
-174.668300 171.359900 -170.888256 128.465546
-177.746400 171.132500 -173.622861 127.576765
-180.803200 170.903300 -176.167658 126.757809
-183.778700 170.687800 -178.945339 125.888731
-186.701500 170.475800 -181.847718 124.989445
-189.566000 170.268000 -184.387103 124.181699
-192.391300 170.070600 -186.855669 123.409112
-195.149900 169.858100 -189.432848 122.597949
-197.876000 169.626400 -192.092215 121.739715
-200.552400 169.372500 -193.856215 121.071095
-203.199000 169.063700 -195.128801 120.463565
-205.787000 168.703000 -196.507258 119.793444
-208.326100 168.290400 -200.409469 118.438182
-210.824000 167.881700 -204.624904 117.000887
-213.258300 167.488200 -207.730255 115.857092
-215.584000 167.155500 -210.589624 114.833524
-217.825600 166.951000 -211.944286 114.327924
-219.976700 166.840100 -212.688081 114.088610
-222.030600 166.826400 -213.119214 114.035574
-223.989000 166.912900 -214.736981 113.750537
-225.824600 167.087900 -216.840636 113.424898
-227.550100 167.325800 -218.530986 113.268640
-229.178200 167.608800 -220.140443 113.189179
-230.692700 167.920100 -221.993934 113.055218
-232.121600 168.192100 -223.648978 112.949876
-233.453600 168.409000 -225.175784 112.823926
-234.669500 168.528300 -226.456533 112.643614
-235.786800 168.548000 -227.359285 112.442218
-236.809500 168.431800 -227.990389 112.178631
-237.749100 168.202200 -228.335787 111.866458
-238.622500 167.871000 -228.401884 111.526827
-239.423500 167.439100 -228.914909 110.984018
-240.167900 166.948100 -229.364952 110.408968
-240.836500 166.406300 -229.753323 109.811160
-241.484000 165.802100 -230.189907 109.095483
-242.133500 165.204600 -230.869908 108.393792
-242.760700 164.564800 -231.517652 107.658052
-243.373200 163.846400 -232.014806 106.863861
-243.956600 163.041100 -232.724229 105.915331
-244.490700 162.132200 -233.106341 104.933085
-244.987900 161.116800 -233.662690 103.843760
-245.418700 159.925400 -233.620989 102.679751
-245.815100 158.551700 -234.198595 101.216991
-246.200000 156.991700 -233.869370 99.695739
-246.613900 155.230000 -234.324946 97.893516
-246.967700 153.214300 -234.268227 95.856215
-247.267000 150.943600 -234.170309 93.624641
-247.521500 148.451900 -233.733341 91.225414
-247.763400 145.749400 -233.133034 88.615627
-248.018000 142.841100 -232.543447 85.708113
-248.277200 139.720500 -232.068100 82.661037
-248.523100 136.389500 -231.364958 79.453524
-248.773200 132.870500 -230.588694 75.921273
-249.015800 129.335700 -230.036968 72.420306
-249.218400 125.814900 -229.321660 68.972349
-249.397800 122.286300 -228.537246 65.533418
-249.565200 118.755000 -227.892799 61.947119
-249.697400 115.238200 -227.094353 58.521084
-249.820200 111.741900 -226.288380 55.121633
-249.943300 108.268400 -225.574551 51.720871
-250.044800 104.815000 -224.820199 48.237491
-250.125300 101.386800 -224.056399 44.894058
-250.189300 97.986010 -223.304859 41.582162
-250.244000 94.598780 -222.531246 38.292763
-250.305600 91.259170 -221.784705 35.035074
-250.400100 87.936680 -221.022591 31.717137
-250.549700 84.645240 -220.411917 28.468037
-250.690200 81.356670 -219.753679 25.290000
-250.847000 78.103800 -219.124310 22.150582
-251.020300 74.824490 -218.548809 18.784908
-251.181200 71.549630 -217.956294 15.593305
-251.353200 68.299410 -217.385164 12.399565
-251.504400 65.068130 -216.803791 9.217586
-251.635100 61.852520 -216.186464 5.975910
-251.747700 58.661860 -215.575923 2.859895
-251.845300 55.489840 -214.958943 -0.225223
-251.935900 52.343660 -214.342117 -3.287424
-252.030900 49.220080 -213.721164 -6.419298
-252.144000 46.116710 -213.149758 -9.419169
-252.285100 43.039160 -212.606324 -12.397377
-252.447800 39.988030 -212.068923 -15.451189
-252.625400 36.956390 -211.564067 -18.383479
-252.810700 33.954820 -211.071576 -21.297417
-252.984400 30.978070 -210.559085 -24.206973
-253.097600 28.028950 -209.980028 -27.066430
-253.116300 25.101150 -209.300487 -29.921949
-253.041100 22.203360 -208.551920 -32.550876
-252.848100 19.324220 -207.690888 -34.976313
-252.488000 16.480910 -206.702826 -37.310639
-251.943700 13.650460 -205.570038 -39.858468
-251.206200 10.846250 -204.219838 -42.431438
-250.269300 8.064427 -202.716188 -44.977323
-249.119400 5.314832 -201.010524 -47.444430
-247.746000 2.616861 -199.114913 -49.780011
-246.166100 -0.017969 -196.933167 -52.290587
-244.406300 -2.619939 -194.637593 -54.608083
-242.507000 -5.201607 -192.176976 -56.980183
-240.543700 -7.805212 -189.647383 -59.285050
-238.527600 -10.441420 -186.985957 -61.605102
-236.482900 -13.102670 -184.377999 -63.833180
-234.463000 -15.778320 -181.795408 -66.044400
-232.508700 -18.481870 -179.285188 -68.240464
-230.631700 -21.211600 -176.796496 -70.492618
-228.850200 -23.973140 -174.458338 -72.719641
-227.120500 -26.731510 -172.123315 -75.016990
-225.420200 -29.466820 -169.839569 -77.275656
-223.756600 -32.175260 -167.482034 -79.639818
-222.113500 -34.852880 -165.238502 -81.887957
-220.503000 -37.487790 -163.031065 -84.107222
-218.945600 -40.020000 -160.911923 -86.225182
-217.473700 -42.350380 -158.879220 -88.224290
-216.081800 -44.449900 -156.914918 -90.073230
-214.778200 -46.310220 -155.174085 -91.623671
-213.569900 -47.963370 -153.588245 -92.981451
-212.469800 -49.406600 -152.129014 -94.185876
-211.402700 -50.703570 -150.718938 -95.273458
-210.350300 -51.866650 -149.410599 -96.184038
-209.329000 -52.882180 -148.189373 -96.935535
-208.342100 -53.712810 -147.057831 -97.505058
-207.433900 -54.314810 -145.955076 -97.966888
-206.639200 -54.750770 -145.002482 -98.267448
-205.846700 -55.112410 -144.220562 -98.384118
-205.046500 -55.376850 -143.363622 -98.482005
-204.238300 -55.572130 -142.565418 -98.469474
-203.340400 -55.720010 -141.784148 -98.309945
-202.343700 -55.812630 -140.962532 -98.062979
-201.230000 -55.831900 -140.035663 -97.727378
-199.966900 -55.727910 -138.962054 -97.287958
-198.511800 -55.515700 -137.715535 -96.683639
-196.896300 -55.177990 -136.325092 -95.968815
-195.101200 -54.675310 -134.818437 -95.053845
-193.144500 -53.980020 -133.219749 -93.932331
-191.089500 -53.059560 -131.597093 -92.494557
-188.959500 -51.870660 -129.977711 -90.825473
-186.748300 -50.457590 -128.165300 -88.988441
-184.446800 -48.882240 -126.302976 -86.938979
-181.997000 -47.211720 -124.259877 -84.722652
-179.497700 -45.532110 -122.231952 -82.493773
-176.845100 -43.764640 -120.103429 -80.163244
-174.079200 -41.951340 -117.839843 -77.662457
-171.182700 -40.094050 -115.541211 -75.166897
-168.181500 -38.252180 -113.144075 -72.657255
-165.080700 -36.437440 -110.587559 -70.196609
-161.936900 -34.664440 -107.936413 -67.662693
-158.730900 -32.961050 -105.297326 -65.259950
-155.498500 -31.326070 -102.583573 -62.939401
-152.284900 -29.754520 -99.774668 -60.700490
-149.069300 -28.182760 -96.871846 -58.396238
-145.857700 -26.612150 -94.143215 -56.145903
-142.641000 -25.057000 -91.339216 -53.916515
-139.402500 -23.486330 -88.547230 -51.671756
-136.173000 -21.934650 -85.758892 -49.441044
-132.945300 -20.377060 -82.907378 -47.143322
-129.754900 -18.849320 -80.152097 -44.942486
-126.594800 -17.311780 -77.439375 -42.744092
-123.481600 -15.777190 -74.796064 -40.557000
-120.382000 -14.275260 -72.230679 -38.412660
-117.290900 -12.878730 -69.633070 -36.319848
-114.140500 -11.587510 -67.030001 -34.409844
-110.985900 -10.399830 -64.255241 -32.540425
-107.823700 -9.243398 -61.453132 -30.706246
-104.639900 -8.124757 -58.620220 -28.872175
-101.445300 -7.020636 -55.754710 -27.075582
-98.266820 -5.927679 -53.070317 -25.374087
-95.057020 -4.924307 -50.244519 -23.678592
-91.816180 -3.988153 -47.260588 -22.003073
-88.560330 -3.139167 -44.332572 -20.454692
-85.275670 -2.357662 -41.309088 -18.939702
-81.984180 -1.642797 -38.197269 -17.441706
-78.695610 -0.956720 -34.956108 -15.906857
-75.422800 -0.300680 -31.899863 -14.503972
-72.166360 0.319994 -28.845116 -13.128924
-68.928530 0.923302 -25.838951 -11.798369
-65.700550 1.500442 -22.843109 -10.493849
-62.489590 2.047975 -19.754748 -9.170783
-59.295260 2.577472 -16.793854 -7.922615
-56.128970 3.091711 -13.887558 -6.720740
-52.988540 3.575444 -11.016210 -5.549530
-49.868360 4.040344 -8.094968 -4.392580
-46.776300 4.464286 -5.272231 -3.306051
-43.712180 4.856902 -2.454509 -2.238144
-40.666360 5.223322 0.350115 -1.200265
-37.689290 5.564962 3.103559 -0.199282
-34.786240 5.888495 5.866113 0.791647
-31.996720 6.190015 8.433489 1.698166
-29.296910 6.465571 10.910862 2.563163
-26.720990 6.720779 13.277587 3.374322
-24.320240 6.954131 15.483623 4.133369
-22.089310 7.159574 17.590387 4.851036
-20.016680 7.362635 19.468481 5.493131
-18.106820 7.551445 21.200442 6.091375
-16.337750 7.702083 22.794517 6.631853
-14.726050 7.819683 24.279998 7.117925
-13.313500 7.930153 25.549743 7.533178
-12.128270 8.022018 26.603181 7.877211
-11.139240 8.100664 27.458259 8.159525
-10.287410 8.195045 28.215731 8.434097
-9.518219 8.309922 28.863971 8.704487
-8.789252 8.478175 29.698757 9.111332
-8.149181 8.669320 31.106125 9.816074
-7.829442 8.769976 31.820996 10.179047
-7.799252 8.787461 32.108573 10.324543
-7.813018 8.786625 32.112442 10.328713
-7.809395 8.788143 32.159029 10.356485
-7.809451 8.779000 32.152038 10.357809
-7.809131 8.771007 32.132894 10.353641
-7.804822 8.762953 32.101754 10.343892
-7.800766 8.755551 32.060126 10.329428
-7.795082 8.750163 32.011313 10.311351
-7.789514 8.745234 31.956648 10.290343
-7.784930 8.740517 31.897208 10.266884
-7.780166 8.734843 31.831900 10.240642
-7.775784 8.730871 31.765350 10.213623
-7.771600 8.726560 31.696534 10.185263
-7.768634 8.723581 31.626285 10.155953
-7.766879 8.721761 31.552443 10.124844
-7.765762 8.717584 31.480181 10.094146
-7.763983 8.714586 31.407420 10.063035
-7.763294 8.713489 31.335399 10.031916
-7.762963 8.712553 31.261947 9.999990
-7.763086 8.713488 31.192201 9.969490
-7.762455 8.714167 31.122327 9.938816
-7.753295 8.722145 31.058726 9.912623
-7.717107 8.742340 31.011468 9.896475
-7.658875 8.770779 30.983498 9.892509
-7.513039 8.836058 31.003347 9.927755
-7.175297 8.982757 31.219828 10.094244
-6.640897 9.236569 31.603255 10.409181
-5.930743 9.644152 32.239916 10.959017
-5.120740 10.257790 33.728639 12.126377
-4.260731 11.080700 34.685830 13.242231
-3.414512 12.135620 34.965634 14.257904
-2.599066 13.467900 35.217584 15.542821
-1.884998 15.083310 35.412247 17.185471
-1.260100 16.974890 35.391192 18.970638
-0.766019 19.117060 35.116667 20.912651
-0.469374 21.489410 34.813683 23.183865
-0.353107 24.066230 34.221349 25.708252
-0.356192 26.850340 33.535795 28.361139
-0.405744 29.836580 32.735319 31.190188
-0.459357 33.017600 31.823186 34.290638
-0.512628 36.392400 30.961378 37.494183
-0.584304 39.835620 30.079606 40.796446
-0.669138 43.283040 29.197224 44.224169
-0.775721 46.706780 28.309834 47.515349
-0.884520 50.132480 27.470095 50.828319
-0.993630 53.521590 26.627376 54.101535
-1.089707 56.883700 25.819399 57.472157
-1.185006 60.248880 25.073012 60.760236
-1.270319 63.565850 24.364073 64.018322
-1.374798 66.868940 23.513524 67.186261
-1.472152 70.155470 22.620751 70.432099
-1.562229 73.416080 21.898469 73.618596
-1.660434 76.636610 21.161144 76.764091
-1.775229 79.852040 20.367359 79.859482
-1.895797 83.032260 19.565046 82.920320
-2.017852 86.185380 18.762537 86.070521
-2.146481 89.329260 17.982307 89.093453
-2.263400 92.442530 17.190300 92.079487
-2.372203 95.538220 16.415750 95.053771
-2.465941 98.605540 15.606827 98.076956
-2.540211 101.651500 14.857546 100.999306
-2.582148 104.696700 14.138778 103.907571
-2.595436 107.674300 13.472864 106.810364
-2.621977 110.691900 12.748655 109.790907
-2.648827 113.786700 12.042310 112.737899
-2.681214 116.967200 11.333627 115.787306
-2.721440 120.204500 10.576770 118.890105
-2.774777 123.506700 9.713791 122.140145
-2.842109 126.902400 8.886908 125.376992
-2.924595 130.351000 8.025269 128.648435
-3.024507 133.819600 7.157562 131.946206
-3.138966 137.262500 6.255409 135.320963
-3.265946 140.693500 5.369875 138.563317
-3.389718 144.095500 4.489294 141.782188
-3.526115 147.467500 3.618357 144.959964
-3.671472 150.775300 2.698608 148.193930
-3.794318 154.003900 1.853066 151.247261
-3.904131 157.172200 1.036906 154.230803
-3.996788 160.276500 0.245171 157.157147
-4.071651 163.334000 -0.548857 160.135372
-4.122556 166.368900 -1.280395 163.013205
-4.194278 169.380900 -2.049743 165.824637
-4.264263 172.440400 -2.813630 168.687161
-4.319751 175.547300 -3.589023 171.723682
-4.393173 178.705600 -4.351290 174.656063
-4.501446 181.892900 -5.204352 177.671106
-4.607667 185.156000 -6.078670 180.755834
-4.701222 188.477800 -6.961883 183.979323
-4.806531 191.849500 -7.837335 187.141928
-4.887285 195.207400 -8.685005 190.309065
-4.976513 198.565600 -9.532142 193.452055
-5.057617 201.890800 -10.392032 196.644179
-5.132018 205.179500 -11.206724 199.723550
-5.210165 208.394000 -11.993379 202.693272
-5.281372 211.451500 -12.726824 205.529019
-5.354878 214.365600 -13.449678 208.314390
-5.416052 217.205700 -14.122614 210.959510
-5.469074 220.014000 -14.788613 213.571346
-5.505322 222.798100 -15.436064 216.180425
-5.545023 225.571400 -16.090900 218.844035
-5.563610 228.337300 -16.723064 221.452139
-5.598680 231.130300 -17.405488 224.099930
-5.715519 233.992700 -18.116013 226.738907
-5.886862 236.912900 -18.927308 229.507662
-6.076718 239.911700 -19.916570 232.745039
-6.214931 243.011500 -20.747435 235.559993
-6.364206 246.210000 -21.657007 238.631851
-6.521044 249.542600 -22.559668 241.750646
-6.657659 252.972000 -23.460282 244.932493
-6.794881 256.491900 -24.398596 248.194152
-6.924264 260.026600 -25.338569 251.522530
-7.052122 263.522600 -26.240290 254.705879
-7.164917 266.998200 -27.129981 257.914425
-7.284815 270.457200 -27.990075 261.054905
-7.417194 273.852800 -28.890790 264.184527
-7.523524 277.174400 -29.715306 267.205282
-7.651625 280.358300 -30.516046 270.085074
-7.782923 283.414900 -31.295869 272.829564
-7.918403 286.315200 -32.035568 275.406040
-8.055697 289.119300 -32.775156 277.935247
-8.185460 291.911300 -33.500855 280.421883
-8.314789 294.668400 -34.233321 282.914851
-8.425515 297.433700 -34.953506 285.407529
-8.486769 300.239900 -35.642535 288.023374
-8.528132 303.087600 -36.347587 290.808571
-8.538802 306.012500 -36.999191 293.430601
-8.512542 309.030900 -37.760396 296.683184
-8.446156 312.111900 -38.564742 300.235980
-8.351900 315.297900 -39.218193 303.346870
-8.211642 318.520500 -39.900514 306.747146
-8.031870 321.816300 -40.570284 310.328428
-7.798255 325.179400 -41.222808 314.093625
-7.513710 328.583000 -41.923873 318.235981
-7.227060 332.070400 -42.532982 321.966614
-6.930360 335.644600 -43.149444 325.883764
-6.634241 339.252200 -43.719796 329.546877
-6.353320 342.849100 -44.261499 333.110396
-6.099343 346.409700 -44.806424 336.507452
-5.858059 349.945000 -45.372927 339.992612
-5.647279 353.444000 -45.941468 343.352483
-5.439992 356.885000 -46.478514 346.540964
-5.251048 360.315600 -47.007000 349.631583
-5.098453 363.671600 -47.675000 353.121676
-4.951017 366.989800 -48.404012 356.801518
-4.804541 370.256900 -49.007323 359.979665
