0.000000 0.000000 0.000000 0.000000
-0.041803 3.575628 0.000000 0.000000
-0.083626 7.152769 0.000000 0.000000
-0.125431 10.728320 0.000000 0.000000
-0.167141 14.303480 0.000000 0.000000
-0.208176 17.881040 0.103451 3.440120
-0.253156 21.464680 0.085633 6.991589
-0.307115 25.046840 0.057371 10.547517
-0.367798 28.637120 0.019603 14.100331
-0.435716 32.231930 -0.028678 17.770418
-0.509819 35.812560 -0.081406 21.323496
-0.590462 39.405490 -0.138736 24.873857
-0.675668 42.995920 -0.193971 28.420017
-0.761728 46.596120 -0.240511 31.963147
-0.822002 50.203480 -0.270430 35.504241
-0.875378 53.811250 -0.290770 39.190330
-0.933231 57.427770 -0.320441 42.763951
-1.006715 61.042090 -0.362142 46.329032
-1.078473 64.647550 -0.406747 49.883926
-1.157680 68.241070 -0.454119 53.419419
-1.243226 71.816000 -0.501092 57.060559
-1.310252 75.365540 -0.533550 60.557448
-1.337950 78.894600 -0.540853 64.043859
-1.335651 82.399130 -0.512655 67.480065
-1.292993 85.876960 -0.451753 70.931040
-1.216671 89.333360 -0.349255 74.420892
-1.101750 92.791290 -0.219561 77.877401
-0.953966 96.255380 -0.062523 81.379452
-0.782045 99.739680 0.117370 84.905725
-0.607718 103.278800 0.305788 88.471714
-0.448327 106.867200 0.480535 92.214394
-0.329075 110.491600 0.611378 95.809934
-0.253779 114.142500 0.694984 99.351500
-0.232571 117.811600 0.725403 102.842195
-0.256232 121.501300 0.722665 106.502242
-0.297015 125.224100 0.712195 110.416541
-0.353204 128.969900 0.693934 114.274170
-0.397623 132.733500 0.665703 117.902139
-0.443887 136.522600 0.631907 121.488150
-0.490815 140.330600 0.598678 125.110304
-0.550146 144.153000 0.571707 128.974289
-0.601569 147.961100 0.549532 132.873777
-0.649286 151.756200 0.531542 136.600759
-0.703475 155.553300 0.512184 140.375792
-0.758140 159.342200 0.487678 144.125817
-0.821014 163.126200 0.455033 147.866801
-0.891591 166.914300 0.413666 151.708160
-0.968255 170.704700 0.365431 155.451161
-1.053647 174.498300 0.309317 159.196010
-1.140940 178.289100 0.246972 162.939409
-1.220912 182.072200 0.185730 166.636638
-1.311919 185.843100 0.117676 170.504946
-1.400872 189.585600 0.050791 174.176614
-1.482347 193.303500 -0.011624 177.895148
-1.543340 196.981600 -0.058614 181.507923
-1.593225 200.619200 -0.092490 185.107446
-1.629855 204.203300 -0.115446 188.735007
-1.655974 207.709400 -0.126798 192.208102
-1.680916 211.093700 -0.135466 195.671767
-1.717659 214.345300 -0.150059 198.930232
-1.758097 217.485400 -0.173379 202.115709
-1.820190 220.495000 -0.218458 205.222286
-1.900504 223.322800 -0.284099 207.979440
-1.999321 225.946200 -0.369805 210.475009
-2.113952 228.382000 -0.470391 212.999184
-2.215172 230.657700 -0.562060 215.439967
-2.309140 232.838300 -0.647552 217.587377
-2.389577 234.991500 -0.718297 219.568354
-2.458270 237.111600 -0.774174 221.472785
-2.501543 239.199900 -0.808882 223.360824
-2.528203 241.263900 -0.826164 225.125106
-2.543393 243.355900 -0.827138 226.944287
-2.546619 245.471500 -0.814346 228.832037
-2.542056 247.635900 -0.796393 230.956851
-2.540944 249.857300 -0.778958 232.906523
-2.529475 252.145000 -0.751487 235.280331
-2.522827 254.510700 -0.728071 237.460660
-2.495854 256.929600 -0.677976 238.767052
-2.426274 259.429500 -0.600319 241.479883
-2.347909 261.939800 -0.506365 243.747042
-2.249292 264.463100 -0.391590 246.024777
-2.120601 266.988600 -0.258510 248.423040
-1.972336 269.529300 -0.104884 251.572266
-1.829452 272.089100 0.045339 254.217172
-1.700845 274.651100 0.186706 256.774758
-1.585579 277.203700 0.315522 259.267070
-1.489305 279.735400 0.419557 261.638926
-1.431895 282.203100 0.484886 263.864395
-1.411252 284.555300 0.516817 266.148843
-1.423417 286.744000 0.523679 268.707848
-1.477649 288.751100 0.495729 271.464500
-1.597157 290.628100 0.399263 273.405697
-1.834488 292.379000 0.191021 275.567569
-2.209538 293.998100 -0.156103 277.287622
-2.739392 295.466700 -0.661290 278.889938
-3.425572 296.782800 -1.326100 280.449094
-4.268559 297.943900 -2.153851 281.710173
-5.270323 298.869400 -3.177967 282.904605
-6.404391 299.609200 -4.296671 283.595587
-7.620091 300.061900 -5.539426 284.324326
-8.849753 300.287300 -6.783698 284.569996
-10.136050 300.271200 -8.073019 284.565281
-11.487940 299.994100 -9.422419 284.349536
-12.859800 299.433800 -10.780690 283.936732
-14.212510 298.521900 -12.168280 283.183087
-15.569170 297.360100 -13.509969 282.106225
-16.903920 295.876600 -14.795414 280.741056
-18.123430 294.046700 -16.010999 278.964306
-19.213810 291.862500 -17.138404 276.705518
-20.129220 289.390500 -18.031850 274.051998
-20.811550 286.620800 -18.678323 270.976631
-21.226910 283.593100 -19.089771 267.754583
-21.383580 280.311200 -19.257562 264.240855
-21.289760 276.829500 -19.189299 260.793577
-21.001900 273.207500 -18.960097 257.534148
-20.665910 269.427900 -18.659770 254.152374
-20.345860 265.509700 -18.368721 250.578996
-20.070850 261.517300 -18.111346 246.814087
-19.855300 257.511300 -17.904479 242.902676
-19.703440 253.474600 -17.752708 238.876261
-19.613680 249.416200 -17.657027 234.649678
-19.551340 245.338200 -17.597544 230.527350
-19.513830 241.222400 -17.563694 226.367112
-19.480990 237.073200 -17.536425 222.206025
-19.430400 232.892800 -17.499458 218.017635
-19.355550 228.687700 -17.439211 213.789703
-19.288210 224.454100 -17.380052 209.545364
-19.214900 220.186300 -17.323699 205.544463
-19.140510 215.891500 -17.257680 200.828638
-19.053200 211.570300 -17.198554 196.502136
-18.960210 207.218600 -17.137505 192.147592
-18.864760 202.831800 -17.073866 187.764951
-18.780810 198.440400 -17.015552 183.378742
-18.697180 194.055600 -16.961522 179.002374
-18.628490 189.691500 -16.920894 174.652031
-18.576860 185.352500 -16.891314 170.184476
-18.533400 181.031600 -16.871280 165.886450
-18.510720 176.750700 -16.871022 161.626885
-18.518290 172.537500 -16.898919 157.427518
-18.551690 168.447100 -16.950759 153.353328
-18.605030 164.539000 -17.022953 149.448388
-18.662110 160.837100 -17.097766 145.746500
-18.717150 157.359800 -17.167425 142.264497
-18.762310 154.117300 -17.227801 138.920984
-18.804370 151.111100 -17.276852 135.933414
-18.837660 148.339300 -17.318056 133.181259
-18.862790 145.753800 -17.350531 130.625696
-18.886270 143.302400 -17.381241 128.212266
-18.908720 140.992900 -17.406994 125.943064
-18.926770 138.765400 -17.434409 123.699561
-18.954640 136.621400 -17.463361 121.606706
-18.979110 134.516900 -17.493824 119.555712
-19.003890 132.428600 -17.526772 117.526796
-19.011690 130.377400 -17.556467 115.533339
-19.029680 128.286700 -17.588932 113.432458
-19.040930 126.090400 -17.612773 111.314919
-19.033980 123.792800 -17.620116 109.090483
-19.007880 121.337200 -17.604550 106.740085
-18.962360 118.740400 -17.560375 104.313963
-18.881640 115.984300 -17.480465 101.651739
-18.762610 113.072100 -17.363457 98.964728
-18.592730 110.010400 -17.207832 96.018241
-18.389740 106.796500 -17.030280 92.739610
-18.187250 103.411100 -16.844213 89.392933
-17.972000 99.881710 -16.645306 85.758123
-17.753740 96.208550 -16.449137 82.103621
-17.543660 92.393230 -16.257065 78.355846
-17.350650 88.454130 -16.081559 74.477077
-17.188340 84.351710 -15.934437 70.525202
-17.048280 80.126460 -15.808107 66.361809
-16.938900 75.757520 -15.710033 62.107645
-16.844870 71.334520 -15.636019 57.962727
-16.779170 66.924620 -15.585862 53.790910
-16.723740 62.522540 -15.547221 49.562066
-16.677280 58.118530 -15.516178 45.283194
-16.622860 53.735190 -15.483243 40.998867
-16.554460 49.366830 -15.436742 36.621870
-16.478250 45.013820 -15.385043 32.456404
-16.401830 40.697890 -15.331749 28.321917
-16.332450 36.396840 -15.285604 24.195861
-16.264000 32.124710 -15.243298 20.133099
-16.212760 27.867600 -15.209732 16.028233
-16.153630 23.646100 -15.173544 11.990688
-16.100440 19.472550 -15.140484 7.900755
-16.057300 15.332990 -15.113772 3.967003
-15.999870 11.221520 -15.082589 0.054077
-15.957640 7.122797 -15.055966 -3.821025
-15.925900 3.038918 -15.033531 -7.661758
-15.871210 -1.063172 -15.002828 -11.572924
-15.823200 -5.192326 -14.975544 -15.505701
-15.773900 -9.357139 -14.948109 -19.590829
-15.722330 -13.547460 -14.923013 -23.565449
-15.675190 -17.764350 -14.899908 -27.581739
-15.629860 -22.003930 -14.874462 -31.632087
-15.590270 -26.267830 -14.848757 -35.638631
-15.536760 -30.547830 -14.815327 -39.714765
-15.493260 -34.819990 -14.780019 -43.674189
-15.444100 -39.082170 -14.737533 -47.717485
-15.392450 -43.322590 -14.694092 -51.575299
-15.337830 -47.537950 -14.647000 -55.496054
-15.276960 -51.748500 -14.596012 -59.488522
-15.217710 -55.949500 -14.547318 -63.471444
-15.170080 -60.150690 -14.510144 -67.437781
-15.128010 -64.350760 -14.481821 -71.377873
-15.091410 -68.538780 -14.461789 -75.286319
-15.064380 -72.708390 -14.444064 -79.335712
-15.030840 -76.856420 -14.422162 -83.215323
-14.979300 -80.953600 -14.387830 -87.035567
-14.924670 -85.034950 -14.350946 -90.856541
-14.873980 -89.070400 -14.317305 -94.588934
-14.824260 -93.076720 -14.291921 -98.300136
-14.787030 -97.045510 -14.275693 -101.970459
-14.758540 -100.983800 -14.267617 -105.710833
-14.739600 -104.892000 -14.267760 -109.330942
-14.728240 -108.762900 -14.274608 -112.924458
-14.724790 -112.605400 -14.285214 -116.539634
-14.717800 -116.411100 -14.293733 -120.104038
-14.709830 -120.173400 -14.300196 -123.568738
-14.700540 -123.867100 -14.306889 -126.938998
-14.698520 -127.485200 -14.323177 -130.269266
-14.712330 -131.008900 -14.351217 -133.459897
-14.733340 -134.417400 -14.379651 -136.643747
-14.752330 -137.654200 -14.406634 -139.627449
-14.773570 -140.676300 -14.440529 -142.297092
-14.808450 -143.452200 -14.478865 -144.907066
-14.818770 -145.963300 -14.488841 -147.140926
-14.688160 -148.224500 -14.387774 -147.339229
-14.364200 -150.225000 -14.081581 -154.559903
-13.833420 -151.950400 -13.568387 -160.652819
-13.082430 -153.424000 -12.829331 -164.961062
-12.093300 -154.666400 -11.854783 -167.790146
-10.901070 -155.630100 -10.672749 -169.549098
-9.567123 -156.277800 -9.322483 -170.765399
-8.174402 -156.635100 -7.924454 -171.087977
-6.734167 -156.651000 -6.432968 -170.968404
-5.261917 -156.393600 -4.955417 -170.819600
-3.838336 -155.807800 -3.515890 -170.397884
-2.480572 -154.890600 -2.178979 -169.449272
-1.268487 -153.640100 -0.975194 -168.084669
-0.226137 -152.060600 0.058319 -165.915912
0.552355 -150.216600 0.809831 -163.573712
1.048250 -148.112500 1.299473 -160.859182
1.348496 -145.760400 1.602355 -158.113400
1.463451 -143.197700 1.742463 -155.297642
1.471319 -140.450900 1.791001 -152.798191
1.499366 -137.518100 1.833171 -150.097330
1.504501 -134.421900 1.858289 -147.008397
1.498560 -131.160300 1.863161 -143.825569
1.470024 -127.744100 1.852313 -140.461077
1.436723 -124.185000 1.835023 -136.941377
1.413177 -120.491700 1.825962 -133.133560
1.405768 -116.657200 1.835788 -129.286877
1.385028 -112.695000 1.839325 -125.314369
1.330549 -108.592800 1.813351 -121.221972
1.259616 -104.367900 1.768827 -116.996462
1.170075 -100.007600 1.710640 -112.633311
1.089274 -95.515710 1.655470 -108.005093
1.009148 -90.982260 1.602918 -103.456888
0.939998 -86.466900 1.552174 -98.947981
0.883448 -81.949500 1.510464 -94.446862
0.838174 -77.439600 1.477960 -89.961209
0.800315 -72.936360 1.452037 -85.494175
0.745043 -68.462600 1.416749 -81.053576
0.694630 -64.005150 1.377626 -76.503814
0.637038 -59.575570 1.331411 -72.143337
0.557118 -55.160600 1.267073 -67.797167
0.456132 -50.778540 1.189467 -63.470003
0.362164 -46.417970 1.112426 -59.175170
0.280628 -42.079120 1.043934 -54.909913
0.202969 -37.762520 0.982610 -50.671738
0.132669 -33.463810 0.928600 -46.317170
0.084829 -29.193990 0.891910 -42.135806
0.052569 -24.947680 0.872770 -37.984854
0.032329 -20.738440 0.867914 -33.869852
0.025161 -16.550260 0.876030 -29.802816
0.021588 -12.403820 0.885915 -25.778609
-0.000537 -8.285137 0.882257 -21.778759
-0.031141 -4.183286 0.864545 -17.672749
-0.072897 -0.090700 0.841729 -13.706903
-0.117565 3.988036 0.815280 -9.757284
-0.160177 8.059835 0.787388 -5.822489
-0.208154 12.123170 0.758286 -1.899406
-0.248220 16.180930 0.730901 2.004195
-0.283357 20.233300 0.704909 5.898667
-0.323376 24.273080 0.676037 9.898783
-0.367457 28.293060 0.644131 13.744286
-0.413998 32.282480 0.612892 17.556792
-0.451537 36.243360 0.587616 21.334000
-0.483912 40.173770 0.565855 25.072961
-0.534623 44.076020 0.533727 28.770000
-0.599992 47.961110 0.491572 32.429225
-0.674006 51.810410 0.439134 36.166815
-0.762477 55.629480 0.376439 39.772895
-0.859787 59.434080 0.304327 43.337142
-0.962179 63.207400 0.226360 46.871796
-1.068654 66.953700 0.141744 50.364320
-1.188155 70.668750 0.051342 53.865430
-1.293464 74.341090 -0.027920 57.312698
-1.359396 77.886940 -0.083571 60.609080
-1.402951 81.267680 -0.114577 63.797519
-1.402636 84.557510 -0.112572 66.878385
-1.391329 87.836530 -0.094997 69.976717
-1.372397 91.075680 -0.071023 73.017398
-1.348852 94.282140 -0.044652 76.054039
-1.346362 97.452060 -0.040439 79.045143
-1.397412 100.636400 -0.077704 82.055500
-1.507808 103.868200 -0.167926 84.980764
-1.686244 107.147500 -0.313441 88.366331
-1.855701 110.482100 -0.453649 92.207924
-1.949092 113.881100 -0.531344 95.550157
-1.940135 117.341400 -0.518163 98.625795
-1.833080 120.865900 -0.410517 102.165855
-1.665951 124.465900 -0.245259 105.866124
-1.454190 128.142800 -0.036080 109.733715
-1.212752 131.910500 0.196686 114.269254
-0.998254 135.780800 0.407706 118.757311
-0.860070 139.749100 0.548111 122.782356
-0.808213 143.817500 0.613110 126.751018
-0.818199 147.962100 0.615938 130.786191
-0.863698 152.201700 0.585458 135.113038
-0.925229 156.508200 0.535819 139.546922
-1.007339 160.831700 0.464460 143.925651
-1.112662 165.144700 0.371011 148.351482
-1.225583 169.454500 0.271215 152.840939
-1.333194 173.746700 0.173924 157.357285
-1.427528 178.011200 0.090730 161.668053
-1.498241 182.250200 0.029234 165.801208
-1.559212 186.455600 -0.017604 169.862656
-1.603074 190.634400 -0.047803 173.873687
-1.633867 194.776400 -0.068947 177.849718
-1.669867 198.889600 -0.094590 181.793926
-1.705984 202.969800 -0.123033 185.681668
-1.737778 207.012200 -0.153171 189.652467
-1.768399 211.025100 -0.182350 193.465330
-1.802728 214.966700 -0.214407 197.211036
-1.842513 218.742600 -0.258839 200.751012
-1.895168 222.285200 -0.316947 204.047218
-1.971966 225.567200 -0.398516 207.037826
-2.073778 228.574200 -0.498091 209.930399
-2.174190 231.286800 -0.599982 212.577246
-2.280068 233.718900 -0.700797 214.879387
-2.372559 236.037200 -0.783836 217.178302
-2.421540 238.338400 -0.836564 219.283416
-2.457471 240.613800 -0.864181 221.413978
-2.477940 242.858500 -0.872356 223.789813
-2.487604 245.075200 -0.872140 226.248061
-2.497272 247.315700 -0.870592 228.684398
-2.506486 249.599100 -0.871516 231.069620
-2.503453 251.921600 -0.866790 233.476800
-2.498934 254.303700 -0.856405 235.827050
-2.475778 256.706800 -0.826097 238.076846
-2.418788 259.175900 -0.778383 240.705934
-2.357178 261.687800 -0.718282 243.245804
-2.278446 264.282700 -0.645987 245.748362
-2.181048 266.960400 -0.556714 248.489721
-2.072995 269.711700 -0.464505 251.356746
-1.977183 272.515600 -0.374147 254.069960
-1.903306 275.322000 -0.297395 256.709093
-1.860171 278.121700 -0.244525 259.317047
-1.834878 280.906700 -0.207007 262.012928
-1.820378 283.662600 -0.184287 264.629586
-1.821293 286.355900 -0.172881 267.312973
-1.835812 288.890500 -0.170348 270.096147
-1.843827 291.365700 -0.168500 272.830685
-1.840209 293.812200 -0.159497 275.480728
-1.823832 296.231700 -0.141912 277.782848
-1.812035 298.624300 -0.130276 279.885003
