0.000000 -0.000000 0.000000 0.000000
0.020455 2.389887 -0.004043 2.343559
0.038167 4.630767 -0.002325 4.554543
0.062475 6.584575 0.001566 6.587791
0.078062 8.294502 0.007997 8.401239
0.036300 9.647129 0.016123 10.007481
0.037691 10.755690 0.040340 11.388341
0.070396 11.572020 0.048248 12.505465
0.096690 12.008000 0.050830 13.377048
0.124405 12.280970 0.088089 13.999978
0.106056 12.366960 0.105937 14.589413
0.125276 12.480720 0.123871 15.157299
0.156946 12.590120 0.144487 15.679754
0.151509 12.702880 0.161248 16.192364
0.146149 12.836600 0.170901 16.659352
0.118103 12.986600 0.184871 17.048706
0.046011 13.251830 0.201841 17.319423
-0.102743 13.662450 0.194507 17.449173
-0.377391 14.237180 0.117722 17.368686
-0.803739 14.918100 -0.193777 17.883676
-1.393517 15.599510 -0.726457 18.627305
-2.183640 16.257910 -1.429376 19.471924
-3.168635 16.891620 -2.296271 20.086983
-4.410526 17.491970 -3.395927 20.610831
-5.887262 17.957870 -4.713176 21.046849
-7.603442 18.241840 -6.210043 21.260371
-9.593783 18.333530 -8.045636 21.349432
-11.737930 18.262400 -9.865874 21.219668
-14.123570 18.137210 -12.056562 21.163263
-16.660080 18.043560 -14.450173 21.071258
-19.380350 17.941480 -16.931349 20.986735
-22.232040 17.791200 -19.489798 20.767950
-25.294530 17.612590 -22.378260 20.611498
-28.420350 17.436630 -25.493507 20.495026
-31.735350 17.259230 -28.524510 20.344916
-35.061830 17.012340 -31.638785 20.155773
-38.405680 16.701380 -34.797050 19.878730
-41.726310 16.376210 -37.964686 19.559094
-45.021050 16.012440 -41.168961 19.249166
-48.346970 15.612790 -44.481955 18.883137
-51.676860 15.192430 -47.769776 18.608525
-55.031060 14.742560 -51.046803 18.303891
-58.401830 14.329930 -54.360938 18.088026
-61.829840 14.034770 -57.749938 17.977092
-65.245090 13.824430 -61.260959 17.905518
-68.803470 13.628730 -64.713522 17.888826
-72.396330 13.444870 -68.199490 17.885752
-76.040760 13.365020 -71.713117 17.904188
-79.629870 13.286290 -75.272596 17.945370
-83.178040 13.172320 -78.776380 17.944683
-86.806450 13.116270 -82.304032 17.979518
-90.407370 13.030230 -85.908655 17.998418
-93.932750 12.938240 -89.395114 18.030254
-97.425940 12.830290 -92.862091 18.057753
-100.921800 12.721040 -96.277129 18.063175
-104.418700 12.646790 -99.707811 18.086629
-107.950700 12.574710 -103.152338 18.102483
-111.506500 12.491980 -106.617959 18.102165
-115.125400 12.427530 -110.283556 18.124231
-118.791400 12.356860 -113.894713 18.132309
-122.506900 12.277580 -117.556683 18.122896
-126.283000 12.162340 -121.280972 18.093705
-130.058300 12.056810 -125.014135 18.068324
-133.838200 11.940140 -128.740721 18.056990
-137.647000 11.763370 -132.460402 18.042516
-141.424200 11.624670 -136.278588 18.034791
-145.185900 11.523690 -139.954084 18.037077
-148.919300 11.449460 -143.618805 18.047939
-152.638200 11.381770 -147.272833 18.059857
-156.350400 11.310530 -150.909918 18.071062
-160.047400 11.214060 -154.534560 18.073998
-163.709400 11.107560 -158.126617 18.081315
-167.360400 10.983380 -161.723761 18.108337
-170.967600 10.933720 -165.453677 18.140348
-174.571400 10.876820 -169.017048 18.175074
-178.137200 10.833080 -172.555028 18.222529
-181.490500 10.796130 -175.850114 18.283694
-184.602400 10.773720 -178.903358 18.345734
-187.458300 10.758840 -181.700444 18.409128
-190.232700 10.733900 -184.433319 18.443233
-192.986900 10.663320 -187.234280 18.443060
-195.706100 10.585910 -189.872844 18.433788
-198.416300 10.495740 -192.576806 18.420002
-201.152700 10.412030 -195.292900 18.412691
-203.946700 10.341460 -198.007084 18.409582
-206.802300 10.298350 -200.794982 18.403028
-209.757100 10.317680 -203.733703 18.419031
-212.804800 10.361070 -206.638800 18.449487
-215.930200 10.396430 -209.528599 18.502070
-219.012900 10.360590 -212.529092 18.580055
-222.155100 10.298380 -215.515746 18.673752
-225.365500 10.246810 -218.849104 18.777863
-228.707300 10.215510 -222.020155 18.877300
-232.112300 10.220950 -225.274133 18.975000
-235.564300 10.214940 -228.635394 19.063883
-239.104300 10.217730 -232.084615 19.147664
-242.702700 10.183390 -235.585820 19.205297
-246.347300 10.130220 -239.206964 19.235791
-250.052800 10.036800 -242.952081 19.239963
-253.773800 9.880518 -246.827377 19.218455
-257.535100 9.718989 -250.913299 19.186188
-261.300500 9.591512 -254.636734 19.161800
-265.059000 9.459547 -258.397934 19.137004
-268.826900 9.337703 -261.926118 19.122019
-272.549600 9.176257 -265.594268 19.093179
-276.263700 8.976101 -269.315922 19.056218
-279.947200 8.832825 -272.912292 19.039934
-283.650400 8.715404 -276.590695 19.027047
-287.322900 8.610515 -280.131344 19.020622
-290.988400 8.505150 -283.693734 19.018212
-294.654700 8.394904 -287.236381 19.018673
-298.320400 8.294475 -290.826432 19.016840
-302.013000 8.169718 -294.361884 19.003953
-305.746200 8.074212 -297.925271 18.994066
-309.494500 7.982975 -301.548444 18.987712
-313.220200 7.863686 -305.291794 18.966412
-316.989500 7.782544 -308.925500 18.958998
-320.754000 7.679468 -312.577903 18.956134
-324.529500 7.563218 -316.148325 18.954523
-328.344000 7.456111 -319.597179 18.968788
-332.109700 7.347334 -322.965376 18.989747
-335.860100 7.242255 -326.382553 19.011779
-339.608800 7.147781 -330.041866 19.040497
-343.309300 7.053936 -333.643294 19.073910
-346.907500 6.957315 -337.014103 19.101392
-350.384600 6.860419 -340.239003 19.128691
-353.708400 6.768393 -343.266363 19.155232
-356.877800 6.663296 -346.381685 19.167912
-360.001200 6.552425 -349.415732 19.170639
-363.041000 6.435692 -352.257439 19.175289
-365.855800 6.345080 -355.008039 19.195137
-368.437600 6.307072 -357.406524 19.248397
-370.781400 6.383962 -359.545480 19.389703
-372.865900 6.648568 -363.747342 19.690256
-374.725000 7.109350 -368.619667 20.196925
-376.363200 7.741893 -371.213875 20.913613
-377.862400 8.633829 -372.727147 21.825551
-379.196300 9.712570 -373.804768 22.919359
-380.348700 10.965970 -374.940541 24.262516
-381.385700 12.448140 -375.643873 25.737163
-382.260100 14.122720 -376.419370 27.428398
-383.010800 15.994530 -376.891164 29.280326
-383.610300 18.057930 -377.269729 31.309800
-384.100300 20.314520 -377.473345 33.522369
-384.497100 22.748260 -377.780095 36.007543
-384.776600 25.364410 -377.968732 38.590336
-384.988900 28.128190 -377.966365 41.337113
-385.212700 31.086220 -377.965883 44.217697
-385.449300 34.192050 -377.903039 47.224808
-385.780600 37.315730 -377.937077 50.255822
-386.061000 40.426600 -377.979848 53.285267
-386.229000 43.492690 -378.024858 56.322853
-386.309000 46.518630 -378.053176 59.438407
-386.383200 49.505740 -378.122672 62.428074
-386.435500 52.415800 -378.156759 65.347569
-386.493200 55.225360 -378.191601 68.167191
-386.554400 57.943820 -378.242783 70.892089
-386.610300 60.578530 -378.244750 73.530694
-386.585600 63.079020 -378.239137 76.051900
-386.370900 65.433820 -378.119054 78.517180
-385.914800 67.648300 -377.776599 80.758370
-385.249200 69.694860 -377.209610 82.843546
-384.335100 71.573620 -376.480834 84.804696
-383.335600 73.255020 -375.481516 86.533273
-382.295300 74.818880 -374.173329 87.842208
-381.091700 76.191700 -372.727965 89.017102
-379.774700 77.364460 -371.130356 89.961535
-378.271000 78.251970 -369.364431 90.716756
-376.573900 78.987050 -367.581106 91.333906
-374.728100 79.537850 -365.762519 91.859241
-372.739900 79.941840 -363.728472 92.175879
-370.607000 80.199980 -361.683444 92.450168
-368.370300 80.415580 -359.487377 92.618250
-366.032000 80.571350 -357.174852 92.713586
-363.598400 80.673300 -354.734041 92.726494
-361.071700 80.716320 -352.110850 92.678131
-358.469900 80.705850 -349.494591 92.571101
-355.832800 80.638300 -346.840918 92.416447
-353.161000 80.553900 -344.146147 92.242358
-350.450100 80.465550 -341.412298 92.061368
-347.763100 80.398460 -338.696143 91.899971
-345.086900 80.370740 -335.985760 91.771749
-342.417400 80.402970 -333.296693 91.701759
-339.774100 80.483360 -330.637833 91.685883
-337.139800 80.575110 -327.909819 91.691954
-334.528900 80.693480 -325.273737 91.708878
-331.932700 80.824510 -322.637395 91.727291
-329.325200 80.918500 -320.001193 91.722956
-326.739100 80.990700 -317.373893 91.681740
-324.144100 81.038770 -314.749175 91.626894
-321.562300 81.091140 -312.050445 91.559207
-319.011600 81.190070 -309.440950 91.517866
-316.450900 81.308090 -306.837244 91.514742
-313.909200 81.444650 -304.249609 91.533663
-311.391900 81.580060 -301.668637 91.557132
-308.876400 81.706970 -299.110998 91.571634
-306.378900 81.849250 -296.566587 91.594875
-303.888700 81.994400 -293.954565 91.618925
-301.376300 82.158190 -291.423115 91.656469
-298.832900 82.325730 -288.839634 91.721037
-296.237900 82.504140 -286.213914 91.797723
-293.590400 82.683410 -283.523751 91.883164
-290.876600 82.853340 -280.780252 91.955964
-288.120000 82.987710 -277.900408 91.992235
-285.314700 83.062010 -275.072938 91.966563
-282.460400 83.089330 -272.221032 91.888387
-279.611400 83.105040 -269.380255 91.793299
-276.801100 83.107970 -266.570909 91.685512
-274.051500 83.099890 -263.817906 91.565271
-271.353100 83.054870 -261.053251 91.413399
-268.676800 82.970950 -258.365010 91.237382
-266.029200 82.903900 -255.689592 91.064915
-263.418800 82.873250 -253.042299 90.924231
-260.804200 82.903330 -250.437837 90.843119
-258.168800 82.990410 -247.858212 90.825896
-255.510500 83.145560 -245.236440 90.875364
-252.844700 83.373830 -242.444994 90.993880
-250.152200 83.637690 -239.584588 91.136379
-247.440300 83.910960 -236.796844 91.292328
-244.714300 84.178610 -233.881944 91.443240
-242.002000 84.383000 -231.059020 91.543036
-239.314700 84.514710 -228.337853 91.577487
-236.657500 84.567850 -225.648398 91.528647
-234.029000 84.526210 -223.071244 91.392030
-231.443300 84.405890 -220.409466 91.179223
-228.920700 84.255810 -217.686323 90.935505
-226.536800 84.105460 -215.112732 90.694706
-224.322600 83.973260 -212.777373 90.479260
-222.317800 83.852920 -210.621264 90.283318
-220.525500 83.748690 -208.772213 90.120192
-218.913500 83.654780 -207.098971 89.984568
-217.491400 83.614870 -205.642954 89.905561
-216.200400 83.663530 -204.402368 89.918587
-214.975300 83.890580 -203.286451 90.091927
-213.812900 84.303130 -202.150475 90.424735
-212.768400 84.851980 -201.068419 90.898906
-211.819400 85.505150 -200.503274 91.502073
-210.944500 86.249430 -199.711048 92.248807
-210.114900 87.190980 -199.288870 93.131631
-209.375900 88.379450 -198.549930 94.244647
-208.685500 89.786110 -198.061940 95.583955
-208.120100 91.447000 -197.492900 97.169767
-207.636800 93.318040 -197.089671 98.973025
-207.343700 95.377570 -196.854951 101.060648
-207.198500 97.677330 -196.652613 103.300073
-207.176800 100.117600 -196.555889 105.708908
-207.235900 102.732400 -196.576022 108.284936
-207.357900 105.495500 -196.629985 111.113568
-207.446900 108.321400 -196.662867 113.919484
-207.501200 111.206800 -196.645933 116.783825
-207.496800 114.153500 -196.565802 119.708723
-207.467000 117.040300 -196.441894 122.680851
-207.357100 119.818100 -196.364709 125.550277
-207.231600 122.580500 -196.204791 128.405111
-207.169600 125.360700 -196.039500 131.246515
-207.151600 128.086900 -195.927573 134.015812
-207.158900 130.676600 -195.847976 136.652603
-207.192200 133.099300 -195.801631 139.186971
-207.257200 135.311800 -195.791614 141.435551
-207.357800 137.293400 -195.826184 143.457283
-207.516000 139.039300 -195.923507 145.240181
-207.792700 140.624300 -196.127657 146.847383
-208.199400 142.155800 -196.475322 148.364968
-208.796100 143.591400 -196.986248 149.827989
-209.578000 144.906500 -197.663290 151.209578
-210.509400 146.123000 -198.532428 152.387704
-211.640600 147.221600 -199.636460 153.548370
-212.986500 148.243400 -200.932105 154.485692
-214.560800 149.101800 -202.509661 155.295734
-216.375500 149.752000 -204.262475 155.999515
-218.364200 150.183000 -206.180143 156.523490
-220.495700 150.431900 -208.276669 156.851089
-222.758400 150.560900 -210.559678 157.090804
-225.125500 150.643600 -212.878688 157.288198
-227.596900 150.727300 -215.302027 157.482431
-230.175200 150.835400 -217.832339 157.672837
-232.870900 150.954400 -220.562397 157.877550
-235.686400 151.084500 -223.327427 158.083259
-238.634600 151.219200 -226.205112 158.292135
-241.714000 151.324200 -229.209256 158.486647
-244.893500 151.370200 -232.329230 158.630333
-248.152800 151.340800 -235.640327 158.701434
-251.386800 151.245500 -238.841811 158.703060
-254.628800 151.083900 -242.049389 158.637657
-257.855100 150.860900 -245.233538 158.504776
-260.989500 150.595900 -248.355945 158.328836
-263.979600 150.335600 -251.332509 158.151950
-266.766600 150.087700 -254.208994 157.980236
-269.368500 149.866200 -256.779684 157.832308
-271.910000 149.696000 -259.282666 157.731747
-274.432000 149.547300 -261.766544 157.654381
-276.917800 149.419800 -264.204185 157.596708
-279.393400 149.337600 -266.729369 157.584812
-281.842600 149.284100 -269.171195 157.603507
-284.327000 149.245300 -271.625920 157.639483
-286.851400 149.215900 -274.138323 157.687785
-289.374600 149.175400 -276.663109 157.729779
-291.872700 149.113700 -279.240861 157.754250
-294.367000 149.035300 -281.722044 157.759072
-296.900400 148.946800 -284.217839 157.752521
-299.496800 148.857900 -286.770441 157.747364
-302.152700 148.763000 -289.389130 157.737532
-304.894400 148.662700 -292.166418 157.723186
-307.698800 148.565200 -294.925574 157.712947
-310.542800 148.472300 -297.731703 157.707306
-313.401900 148.388500 -300.553111 157.707538
-316.253600 148.309200 -303.363880 157.712817
-319.087100 148.246300 -306.147971 157.725522
-321.874200 148.159600 -308.982289 157.746733
-324.643500 148.080700 -311.701054 157.769902
-327.380000 148.017900 -314.389935 157.799077
-330.084600 147.943700 -317.033148 157.827062
-332.768800 147.879400 -319.604592 157.857075
-335.339000 147.849200 -322.186496 157.890113
-337.917500 147.821400 -324.663786 157.920812
-340.461700 147.771400 -327.103805 157.944054
-342.975500 147.703700 -329.515696 157.954866
-345.507800 147.596800 -331.946574 157.936038
-348.088400 147.502000 -334.476599 157.903323
-350.695500 147.387300 -336.970655 157.861723
-353.357500 147.254200 -339.517036 157.813185
-356.035100 147.123000 -342.093981 157.758764
-358.706400 146.987600 -344.669363 157.701554
-361.365400 146.869000 -347.177202 157.647241
-363.998800 146.747300 -349.776842 157.584823
-366.592400 146.651500 -352.237575 157.549293
-369.103200 146.586000 -354.615522 157.550875
-371.498800 146.552500 -356.900078 157.584365
-373.734100 146.569400 -358.972603 157.660366
-375.766000 146.687900 -361.029737 157.825123
-377.587800 146.923500 -363.434085 158.062596
-379.228200 147.254000 -366.008722 158.384620
-380.680100 147.681500 -367.931245 158.811184
-381.983900 148.240600 -369.812558 159.409900
-383.189300 148.967100 -370.901491 160.131476
-384.260600 149.832600 -372.155089 161.002768
-385.261700 150.822900 -372.817604 161.961828
-386.189600 152.026900 -373.935000 163.237506
-387.088300 153.508400 -374.430116 164.642492
-387.803500 155.255200 -375.000840 166.327821
-388.328200 157.227600 -375.436430 168.246710
-388.690100 159.390500 -375.735593 170.373722
-388.914300 161.727400 -375.903687 172.676192
-389.033800 164.223600 -375.953458 175.243160
-389.107700 166.899500 -375.918310 177.909674
-389.177200 169.703100 -375.846645 180.711977
-389.249200 172.602600 -375.788588 183.599208
-389.294800 175.566200 -375.729367 186.556273
-389.340400 178.518800 -375.680793 189.515506
-389.408400 181.466200 -375.704559 192.459521
-389.477100 184.395100 -375.705558 195.379422
-389.534000 187.303900 -375.699181 198.373321
-389.596100 190.151400 -375.710492 201.224006
-389.650400 192.868100 -375.743410 203.968931
-389.688600 195.381200 -375.759172 206.525695
-389.706500 197.729300 -375.743272 208.909185
-389.637200 199.881000 -375.663302 211.097932
-389.406500 201.894300 -375.413373 213.197943
-388.964400 203.824800 -374.939004 215.100882
-388.237500 205.641900 -374.162325 216.828905
-387.225600 207.247400 -373.088973 218.443108
-385.985200 208.725400 -371.821289 219.802864
-384.487500 210.025200 -370.330453 221.020717
-382.766900 211.133700 -368.617844 222.047728
-380.848000 212.024300 -366.732779 222.917107
-378.741200 212.710800 -364.599505 223.609673
-376.473400 213.257300 -362.358924 224.146102
-374.038800 213.683400 -359.949641 224.555279
-371.458500 214.025200 -357.380926 224.860596
-368.731200 214.304000 -354.664316 225.098712
-365.907000 214.548400 -351.828923 225.315937
-362.986400 214.774600 -348.913819 225.494964
-360.000500 214.982500 -345.945863 225.627362
-356.946700 215.144300 -342.811498 225.723232
-353.844800 215.269100 -339.724295 225.772546
-350.728200 215.343800 -336.606222 225.783203
-347.621800 215.396600 -333.500856 225.764474
-344.503600 215.436100 -330.397090 225.721431
-341.404500 215.431500 -327.309747 225.641235
-338.307200 215.374700 -324.231321 225.507985
-335.222900 215.258300 -321.054724 225.302518
-332.176900 215.090700 -317.990049 225.045196
-329.113900 214.919400 -314.914074 224.775342
-326.083300 214.755000 -311.864618 224.514125
-323.035500 214.645100 -308.814348 224.299391
-319.997700 214.594500 -305.779937 224.149407
-316.949800 214.613400 -302.741420 224.068681
-313.894600 214.701700 -299.608155 224.061804
-310.834000 214.851800 -296.540060 224.121642
-307.768800 215.021500 -293.460294 224.209856
-304.682000 215.209600 -290.358709 224.316339
-301.619300 215.403400 -287.265779 224.431525
-298.564100 215.602100 -284.183239 224.550068
-295.523500 215.774500 -281.010348 224.652010
-292.524500 215.925700 -277.997592 224.726217
-289.569200 216.080100 -275.037569 224.800192
-286.686000 216.208000 -272.142327 224.862188
-283.844300 216.320800 -269.289393 224.908403
-281.075400 216.414900 -266.427905 224.929726
-278.384800 216.482400 -263.739352 224.924346
-275.749900 216.524700 -261.104585 224.897408
-273.211000 216.563500 -258.558884 224.861778
-270.786900 216.596800 -256.133018 224.822143
-268.452200 216.627400 -253.798802 224.782737
-266.210100 216.670200 -251.483398 224.748257
-264.057900 216.715000 -249.334450 224.721673
-261.977600 216.758700 -247.268789 224.700342
-260.009300 216.805500 -245.300182 224.685044
-258.118000 216.846900 -243.429578 224.675729
-256.324100 216.892100 -241.587467 224.669821
-254.591600 216.937100 -239.873379 224.667348
-252.914000 216.968800 -238.224235 224.664584
-251.261500 217.002300 -236.596844 224.662232
-249.623300 217.030600 -234.993365 224.658693
-248.000000 217.075100 -233.342173 224.659447
-246.394700 217.123600 -231.771140 224.661197
-244.798500 217.177700 -230.208681 224.667129
-243.238500 217.242300 -228.655320 224.681651
-241.697700 217.301200 -227.120756 224.702081
-240.159500 217.379600 -225.519163 224.727857
-238.623700 217.447500 -224.013848 224.749343
-237.098100 217.517700 -222.502897 224.770453
-235.568700 217.578300 -220.998473 224.780085
-234.013600 217.632400 -219.426594 224.783158
-232.429300 217.675500 -217.885210 224.778353
-230.825000 217.709000 -216.328526 224.766776
-229.213500 217.727400 -214.783929 224.751237
-227.620200 217.743200 -213.253254 224.728836
-226.038600 217.749200 -211.727775 224.699375
-224.474500 217.720600 -210.249822 224.636015
-222.943700 217.646400 -208.858106 224.532911
-221.517500 217.497700 -207.382265 224.361579
-220.196400 217.264300 -205.806699 224.102361
-219.015400 216.979300 -204.173072 223.778688
-218.000600 216.671300 -203.027727 223.441311
-217.074300 216.316400 -202.123107 223.070118
-216.224900 215.882000 -201.151814 222.621700
-215.453800 215.357600 -200.294835 222.095598
-214.757400 214.782900 -199.634734 221.522392
-214.077200 214.065600 -199.048742 220.824769
-213.459700 213.182900 -198.325831 219.942736
-212.907500 212.086400 -197.901543 218.902887
-212.452200 210.870600 -197.558362 217.721142
-212.114300 209.456600 -197.249716 216.347537
-211.858500 207.837000 -197.180110 214.806968
-211.742000 206.028400 -197.064351 213.037317
-211.736300 204.033600 -197.075115 211.024815
-211.766900 201.873300 -197.144604 208.895619
-211.796200 199.533500 -197.252652 206.606639
-211.786800 197.027400 -197.349925 204.158914
-211.759900 194.373900 -197.430415 201.562086
-211.697900 191.633600 -197.478463 198.869482
-211.626700 188.816000 -197.532350 196.093273
-211.537000 185.992200 -197.529990 193.206467
-211.444400 183.173400 -197.465646 190.414048
-211.362800 180.374100 -197.434106 187.636558
-211.264700 177.600300 -197.362336 184.893335
-211.172000 174.834700 -197.284438 182.146106
-211.067900 172.132300 -197.260768 179.464499
-210.942500 169.548500 -197.224169 176.815829
-210.807500 167.115600 -197.096696 174.375295
-210.677900 164.891300 -196.987541 172.135773
-210.523800 162.831600 -196.856497 170.077676
-210.369300 160.883900 -196.697719 168.122631
-210.243400 159.140700 -196.502605 166.276779
-210.180400 157.654800 -196.483553 164.782232
-210.119700 156.263000 -196.444176 163.411186
-210.059800 154.892900 -196.416299 162.061651
-209.978700 153.571000 -196.367500 160.759636
-209.891700 152.272500 -196.355802 159.474618
-209.766700 150.900300 -196.268483 158.156622
-209.618400 149.453900 -196.176381 156.791090
-209.402000 147.911800 -196.024542 155.291310
-209.174500 146.248000 -195.839722 153.666078
-208.939400 144.453000 -195.662761 151.854989
-208.714900 142.497200 -195.509273 149.966099
-208.503800 140.403200 -195.376322 147.926410
-208.393000 138.150900 -195.325902 145.771662
-208.389600 135.751000 -195.386539 143.375391
-208.458300 133.190500 -195.514202 140.841295
-208.554900 130.503800 -195.672748 138.116797
-208.679600 127.708900 -195.841706 135.262092
-208.807700 124.788300 -196.026274 132.292453
-208.927800 121.786000 -196.184559 129.263723
-208.986400 118.770600 -196.327028 126.151409
-209.010800 115.753900 -196.435379 123.168207
-208.944000 112.761900 -196.475265 120.236725
-208.836500 109.809100 -196.462716 117.299559
-208.710600 106.913800 -196.405342 114.355664
-208.612900 104.164800 -196.343129 111.545862
-208.524100 101.612900 -196.301157 109.077238
-208.411800 99.291950 -196.229337 106.664820
-208.304000 97.231400 -196.152777 104.501331
-208.239900 95.441440 -196.111911 102.696632
-208.186600 93.928990 -196.063854 101.153454
-208.169400 92.620100 -196.066533 99.870238
-208.111400 91.359060 -196.047530 98.584872
-208.103700 90.108060 -196.064039 97.446296
-208.057300 88.899050 -196.035288 96.280297
-207.989700 87.686220 -196.020204 95.187449
-207.887500 86.424840 -195.934285 93.998670
-207.749700 85.106480 -195.862716 92.691540
-207.573400 83.679430 -195.725852 91.221395
-207.363800 82.128210 -195.576928 89.814217
-207.117800 80.466750 -195.391027 87.945328
-206.886600 78.657990 -195.209884 86.094172
-206.653200 76.721140 -194.992513 83.993832
-206.474300 74.687190 -194.866023 81.949555
-206.388100 72.537240 -194.828127 79.859297
-206.432200 70.298230 -194.901542 77.739048
-206.610100 68.000610 -195.108961 75.554475
-206.892700 65.622610 -195.399447 72.421923
-207.176400 63.145090 -195.675123 69.320291
-207.411300 60.582530 -195.926838 66.486003
-207.566400 57.936780 -196.140121 63.699102
-207.647700 55.184560 -196.280619 60.908447
-207.661500 52.385390 -196.364809 58.090859
-207.621300 49.546410 -196.407042 55.266689
-207.570900 46.730400 -196.439725 52.364567
-207.528900 43.951520 -196.471996 49.594831
-207.484900 41.207900 -196.513415 46.900798
-207.419300 38.483860 -196.528084 44.078889
-207.398300 35.859080 -196.590514 41.415015
-207.389600 33.323530 -196.653871 38.865166
-207.383600 30.928860 -196.713868 36.389895
-207.365700 28.737950 -196.747415 34.176588
-207.338200 26.780150 -196.772143 32.151991
-207.272200 25.076160 -196.770927 30.398357
-207.184900 23.637860 -196.727702 28.858044
-207.080700 22.407050 -196.668029 27.517738
-206.954300 21.322570 -196.579406 26.392569
-206.781600 20.334400 -196.459387 25.345985
-206.551700 19.436710 -196.310789 24.441548
-206.294700 18.614920 -196.128891 23.835024
-205.959400 17.852300 -195.847113 22.902197
-205.601700 17.147840 -195.498929 22.213285
-205.183200 16.499570 -195.122438 21.745267
-204.640200 15.834340 -194.648214 21.075644
-203.962000 15.126390 -194.048568 20.639867
-203.105900 14.402300 -193.298519 20.156819
-202.093300 13.723770 -192.342204 19.482920
-200.890700 13.072850 -191.184428 18.905474
-199.454900 12.451120 -189.771190 18.289933
-197.803000 11.847900 -188.198274 17.652914
-195.985800 11.251230 -186.451176 17.065483
-194.078300 10.799800 -184.575576 16.541579
-192.241500 10.550030 -182.718947 16.202251
-190.511600 10.492510 -180.864734 16.055571
-188.774500 10.514750 -179.058339 16.047434
-187.053000 10.530790 -177.268947 16.072912
-185.316100 10.589790 -175.489536 16.134205
-183.477200 10.672540 -173.585893 16.250866
-181.518300 10.768400 -171.627824 16.344676
-179.433500 10.895520 -169.545590 16.486038
-177.234800 11.053010 -167.349950 16.651592
-174.912900 11.228010 -165.047229 16.891714
-172.453800 11.406500 -162.514837 17.065007
-169.877600 11.633180 -159.944780 17.230014
-167.172600 11.903480 -157.238652 17.388558
-164.356100 12.241910 -154.449254 17.705803
-161.414200 12.605270 -151.523016 18.118173
-158.375100 12.957560 -148.403109 18.496246
-155.289000 13.266400 -145.317410 18.817546
-152.153500 13.477190 -142.224851 19.055245
-148.978900 13.534370 -139.102734 19.173290
-145.756200 13.449460 -135.927657 19.076249
-142.513300 13.323960 -132.528797 18.781317
-139.219200 13.264090 -129.177555 18.506639
-135.871600 13.235180 -125.778952 18.276655
-132.469300 13.237950 -122.340354 18.119644
-128.998700 13.250220 -118.856027 18.017381
-125.452300 13.247970 -115.330298 17.945635
-121.821900 13.224230 -111.743410 17.891521
-118.142800 13.197060 -107.973430 17.803350
-114.366200 13.195450 -104.257854 17.711323
-110.549500 13.202980 -100.491128 17.619494
-106.721100 13.234960 -96.707139 17.566171
-102.856200 13.237720 -92.892184 17.504727
-99.051970 13.344340 -89.069759 17.445927
-95.237560 13.444760 -85.237303 17.411489
-91.419640 13.530140 -81.307289 17.373140
-87.619070 13.674300 -77.523067 17.364093
-83.825400 13.812150 -73.745233 17.370420
-80.045030 13.941190 -70.002901 17.395032
-76.262920 14.064210 -66.244813 17.419346
-72.527230 14.169690 -62.555786 17.438649
-68.760100 14.314940 -58.861852 17.463748
-65.041990 14.448290 -55.211265 17.492387
-61.409550 14.597510 -51.471173 17.534903
-57.812780 14.752930 -47.872599 17.575036
-54.272080 14.916680 -44.334662 17.624971
-50.863180 15.111690 -40.803639 17.676825
-47.456920 15.288970 -37.344824 17.735365
-44.095940 15.453870 -33.930553 17.798307
-40.863370 15.611510 -30.633177 17.861595
-37.779270 15.768930 -27.401736 17.925971
-34.878460 16.001620 -24.441394 17.988461
-32.108550 16.224310 -21.650135 18.051476
-29.417700 16.336670 -18.962971 18.103351
-26.864830 16.377370 -16.438174 18.116856
-24.569330 16.453910 -14.158967 18.105336
-22.495940 16.503070 -11.970789 18.072733
-20.581990 16.519710 -9.965079 18.022211
-18.846180 16.508190 -8.221808 17.972527
-17.328990 16.482300 -6.797001 17.927476
-16.037550 16.475470 -5.486596 17.890355
-14.956120 16.515220 -4.271772 17.885566
-14.017770 16.603920 -3.182734 17.911875
-13.125570 16.745940 -2.350598 18.030027
-12.277220 17.018620 -0.569418 18.154816
-11.518690 17.387820 0.902113 18.419250
-10.793900 17.853110 1.599345 18.856675
-10.023690 18.451760 2.039730 19.435346
-9.266871 19.249950 2.711825 20.193086
-8.499983 20.230260 3.312400 21.226070
-7.714471 21.448790 3.961196 22.421482
-6.943853 22.899830 4.427723 23.873993
-6.209422 24.630930 4.914316 25.551896
-5.580618 26.636760 5.438887 27.521742
-5.100718 28.938480 5.661730 29.889599
-4.832290 31.540330 5.925791 32.365287
-4.752808 34.327710 6.010805 35.183793
-4.799016 37.335070 5.893646 38.215894
-4.911943 40.499490 5.815550 41.488954
-5.090383 43.700800 5.712097 44.692377
-5.276585 46.904120 5.589926 47.901175
-5.464336 50.126700 5.492945 51.101925
-5.701735 53.348430 5.393067 54.285236
-5.926283 56.566760 5.330732 57.549040
-6.149722 59.747560 5.284693 60.679032
-6.326192 62.853260 5.233857 63.755094
-6.450595 65.815280 5.201688 66.715256
-6.558018 68.633220 5.164620 69.531636
-6.625230 71.279560 5.146485 72.279787
-6.655510 73.749780 5.150626 74.765291
-6.684464 75.995110 5.158374 77.025706
-6.652349 77.987890 5.166365 79.042186
-6.508811 79.715010 5.269621 80.783086
-6.213677 81.157890 5.529522 82.301235
-5.729615 82.390460 6.018709 83.668376
-5.161236 83.435200 6.565697 84.746564
-4.542652 84.252870 7.272730 85.772147
-3.866113 84.884560 7.932586 86.493332
-3.262439 85.311720 8.606951 87.113896
-2.779876 85.608160 9.056052 87.376179
-2.292931 85.855430 9.468452 87.545633
-1.737887 86.025210 9.954863 87.734923
-1.127115 86.147390 10.479464 87.915387
-0.518659 86.251250 10.999327 88.035544
0.098283 86.354450 11.504472 88.101393
0.701588 86.427350 12.040892 88.155697
1.306431 86.494190 12.605005 88.204082
1.881704 86.544440 13.166135 88.238896
2.482048 86.571200 13.727924 88.267753
3.081643 86.601540 14.290220 88.266948
3.761151 86.625380 14.918587 88.280818
4.619787 86.696990 15.679060 88.312831
5.591334 86.770900 16.594867 88.356349
6.608439 86.844400 17.580629 88.404918
7.634023 86.901350 18.661391 88.450899
8.711110 86.958450 19.774955 88.487510
9.832777 87.009730 20.920405 88.509244
11.007620 87.011520 22.076096 88.508049
12.275390 86.965120 23.253133 88.459442
13.626340 86.918150 24.508631 88.403272
15.069990 86.825170 25.922165 88.316644
16.615310 86.785220 27.386184 88.266037
18.281790 86.877740 28.972760 88.332991
20.047850 87.081990 30.736845 88.508838
21.900640 87.285740 32.566363 88.687607
23.863160 87.475150 34.547990 88.825377
25.902040 87.591950 36.651216 88.900881
28.010580 87.643840 38.754649 88.937173
30.161670 87.666240 40.912574 88.956147
32.320100 87.664230 43.079094 88.956528
34.457590 87.659770 45.225487 88.943607
36.605810 87.671870 47.445395 88.936444
38.730770 87.693440 49.581382 88.945108
40.845470 87.730240 51.712062 88.964296
42.917780 87.780190 53.799092 88.987402
44.982820 87.855000 55.884932 89.036474
47.029150 87.934110 57.941294 89.081839
49.088540 87.988070 60.043778 89.106882
51.131190 88.046720 62.096176 89.137654
53.178890 88.088740 64.114721 89.152675
55.228720 88.131890 66.147509 89.181381
57.257270 88.189930 68.195065 89.228100
59.284240 88.231390 70.219369 89.258479
61.307870 88.268110 72.289543 89.273149
63.333450 88.313230 74.302974 89.297655
65.383590 88.353950 76.299314 89.322084
67.446480 88.391970 78.324026 89.353675
69.483090 88.432190 80.336612 89.385956
71.551190 88.436950 82.402956 89.405217
73.590280 88.449790 84.399920 89.424080
75.642440 88.447490 86.400699 89.434991
77.675640 88.454840 88.393857 89.442768
79.705830 88.461020 90.388335 89.445541
81.744040 88.480290 92.449583 89.456752
83.774580 88.511400 94.444051 89.474406
85.799340 88.557110 96.447617 89.492295
87.804420 88.601160 98.415329 89.510796
89.806920 88.643630 100.401065 89.527890
91.803370 88.704770 102.401275 89.550769
93.754020 88.738080 104.398609 89.567001
95.670500 88.790390 106.338526 89.592154
97.538390 88.822000 108.211891 89.604028
99.322990 88.859730 109.992420 89.614850
100.954900 88.856800 111.638276 89.620086
102.409400 88.885030 113.134137 89.623576
103.660500 88.873010 114.395309 89.623579
104.773500 88.863290 115.509749 89.619881
105.718200 88.844540 116.466039 89.614498
106.475800 88.845300 117.203258 89.606003
107.080900 88.835950 117.797593 89.605988
107.600100 88.863550 118.259493 89.641052
108.075700 88.966910 118.907864 89.726163
108.506900 89.161700 120.900800 89.903466
108.887900 89.429650 122.774866 90.180990
109.267500 89.752890 123.039818 90.479268
109.650400 90.181660 123.334616 90.874544
110.007800 90.683680 123.233188 91.311687
110.331900 91.262390 123.578569 91.914419
110.663200 91.958220 123.771863 92.560314
110.947400 92.750780 124.020670 93.311033
111.190500 93.649870 124.228341 94.150197
111.329400 94.676260 124.397136 95.133786
111.382200 95.834440 124.412506 96.223797
111.376200 97.156700 124.395387 97.509931
111.321400 98.712080 124.445451 98.947135
111.179000 100.499200 124.431069 100.568572
111.052600 102.454500 124.425330 102.452113
110.953400 104.573600 124.437737 104.464760
110.848100 106.867600 124.443046 106.666257
110.729000 109.311900 124.404611 109.028789
110.604600 111.877700 124.356795 111.539877
110.451100 114.520800 124.309905 114.227678
110.254000 117.240000 124.195843 116.915295
110.055600 119.971100 124.081107 119.635803
109.855900 122.687400 123.980303 122.341881
109.666000 125.388400 123.860643 125.022238
109.501800 128.077800 123.771107 127.771488
109.371200 130.752800 123.734416 130.418350
109.256400 133.406800 123.725248 133.039841
109.149100 136.006600 123.691530 135.608716
109.039300 138.439400 123.648999 138.021708
108.946900 140.687200 123.613239 140.314499
108.848000 142.713600 123.587531 142.324026
108.759900 144.486400 123.561497 144.107901
108.690000 146.045200 123.538248 145.693383
108.715900 147.402400 123.522594 147.094934
108.827800 148.539800 123.508422 148.313843
108.921200 149.485400 123.524542 149.305116
109.006800 150.284400 123.551190 150.140179
109.049700 151.026600 123.585410 150.897995
109.110000 151.749000 123.625136 151.641782
109.240400 152.403100 123.662721 152.389154
109.344100 153.097600 123.692203 153.115511
109.452600 153.933600 123.728388 153.993431
109.521400 154.936000 123.757942 154.924021
109.584300 156.072700 123.782126 156.015209
109.645200 157.328900 123.813423 157.249385
109.667500 158.738000 123.825835 158.610464
109.715500 160.311600 123.846699 160.135927
109.696400 162.088600 123.857657 161.821653
109.648800 164.031700 123.863939 163.674182
109.639100 166.108700 123.862331 165.688605
109.633200 168.339900 123.850636 167.931324
109.612700 170.710700 123.832556 170.249203
109.583300 173.210300 123.812859 172.691215
109.553500 175.810400 123.791421 175.237800
109.534300 178.500200 123.778269 177.875142
109.535800 181.237100 123.793032 180.557018
109.577200 183.940500 123.806346 183.319950
109.589000 186.635900 123.819062 185.975714
109.627500 189.311100 123.830312 188.603186
109.659000 191.927100 123.813266 191.169901
109.629600 194.430300 123.751023 193.645645
109.574900 196.783200 123.672897 196.077059
109.514500 198.966200 123.601809 198.250906
109.471200 200.971300 123.543149 200.235832
109.448700 202.821200 123.502418 202.039233
109.448800 204.602200 123.482805 203.783494
109.487500 206.354100 123.495221 205.584139
109.546200 208.062400 123.526948 207.324114
109.610500 209.709200 123.567964 209.065742
109.671900 211.262700 123.594972 210.691951
109.705900 212.701800 123.599740 212.147604
109.734000 214.083700 123.578586 213.542427
109.731100 215.443500 123.542798 214.851514
109.707300 216.763900 123.494128 216.148111
109.699800 218.051000 123.441068 217.340269
109.686600 219.346900 123.401776 218.622407
109.662800 220.744800 123.362822 219.881439
109.624300 222.181900 123.340910 221.239634
109.632900 223.689900 123.311825 222.776012
109.598100 225.285500 123.285519 224.256834
109.569800 226.964200 123.235592 225.919391
109.440500 228.723900 123.135503 227.689944
109.201500 230.569600 122.938087 229.497187
108.840200 232.500400 122.666734 232.208456
108.453300 234.508400 122.350847 234.787065
108.103400 236.603300 122.042302 237.204937
107.820000 238.782500 121.777347 239.556517
107.625300 241.068300 121.598471 241.825819
107.500700 243.440400 121.491156 244.159431
107.404300 245.878200 121.437406 246.675018
107.332600 248.416100 121.407512 249.381806
107.256600 251.021300 121.376488 252.216907
107.176600 253.624800 121.337917 254.854314
107.085700 256.216800 121.286138 257.482327
106.990300 258.788300 121.228365 260.089412
106.888800 261.345700 121.163909 262.682052
106.803900 263.853500 121.102566 265.205985
106.756800 266.256500 121.048313 267.707278
106.736800 268.495900 121.013471 269.984713
106.721100 270.543000 120.990057 272.117143
106.664600 272.451300 120.966113 274.099551
106.602400 274.231700 120.941338 275.965627
106.541100 275.936000 120.917455 277.787841
106.490100 277.548900 120.906473 279.498837
106.431000 279.024300 120.920783 280.998374
106.436000 280.325900 120.983557 282.295752
106.525700 281.483400 121.098186 283.565326
106.690800 282.500200 121.277320 284.616671
106.934200 283.393700 121.513343 285.796307
107.264500 284.174800 121.809727 286.515084
107.615000 284.885400 122.172500 286.394863
108.052900 285.553000 122.580608 287.087622
108.564200 286.162300 123.040288 287.591821
109.134400 286.814700 123.555709 287.749862
109.716100 287.520500 124.139415 288.414212
110.122000 288.203000 124.624741 288.922929
110.422100 288.820000 124.992189 289.457849
110.586500 289.418300 125.268494 290.104896
110.618300 290.064100 125.479323 290.911851
110.518800 290.708100 125.593040 291.760774
110.370600 291.314300 125.568484 292.451790
110.141900 291.925400 125.414809 293.023501
109.836600 292.549000 125.150923 293.614498
109.496500 293.150200 124.827548 294.263408
109.127000 293.786300 124.458361 294.908214
108.698100 294.485100 124.064009 295.477395
108.256700 295.314100 123.638794 296.202915
107.818100 296.219200 123.223285 296.740275
107.428300 297.304000 122.874995 297.578063
107.065000 298.537100 122.559543 298.822256
106.761100 299.883000 122.275650 300.211672
106.504600 301.404000 122.025182 301.731908
106.275100 303.166000 121.817789 303.455774
106.085800 305.101300 121.635347 305.364234
105.832300 307.215400 121.433795 307.399839
105.631300 309.512000 121.255221 309.655427
105.511000 311.924600 121.123217 312.116239
105.445300 314.490700 121.081702 314.686795
105.421000 317.132600 121.066521 317.331570
105.442800 319.873700 121.091627 320.069635
105.446400 322.691700 121.137235 322.911069
105.418000 325.550100 121.119769 325.794124
105.395200 328.463500 121.116822 328.831650
105.363900 331.394800 121.140732 331.798206
105.291400 334.291700 121.123395 334.730948
105.220100 337.191700 121.115942 337.668910
105.144300 340.052300 121.107384 340.579908
105.074500 342.867900 121.089410 343.437252
105.008900 345.615600 121.006632 346.358421
104.963300 348.183800 120.900814 349.048575
104.902500 350.569000 120.831079 351.554178
104.816700 352.734300 120.772696 353.843865
104.677500 354.661300 120.726665 355.886796
104.615300 356.352300 120.723555 357.693191
104.604300 357.799100 120.790850 359.307670
104.701100 359.026400 120.929010 360.634345
104.890600 360.123900 121.147423 361.812892
105.192900 361.139800 121.563227 362.854568
105.583500 362.033500 122.049193 363.841754
106.094900 362.891300 122.603119 364.695968
106.699400 363.652300 123.232641 365.470356
107.414200 364.337700 123.909553 366.208596
108.207300 364.984000 124.825564 366.781076
109.274200 365.625100 125.868539 367.494463
110.518200 366.322000 127.111868 368.134682
111.969200 367.023500 128.501411 368.744894
113.629200 367.645200 130.106967 369.290459
115.502500 368.145800 131.921544 369.750484
117.562800 368.470200 134.004765 370.085160
119.826500 368.663600 136.245794 370.269610
122.238200 368.733400 138.687404 370.320624
124.812600 368.744200 141.285465 370.310519
127.509600 368.750200 143.995226 370.283383
130.334100 368.742700 146.827926 370.238508
133.295700 368.738200 149.794049 370.194826
136.383900 368.770400 152.972034 370.178925
139.555000 368.815800 156.151919 370.163640
142.817300 368.903900 159.406523 370.188475
146.129200 369.028000 162.695188 370.262665
149.483900 369.137700 166.033911 370.336409
152.891500 369.309800 169.420673 370.396985
156.306000 369.518300 172.937080 370.479267
159.737200 369.684200 176.368144 370.523776
163.198500 369.811800 179.821945 370.528677
166.695400 369.930000 183.311517 370.557695
170.207000 370.046100 186.820166 370.572064
173.771600 370.157300 190.367471 370.625124
177.360900 370.266500 193.946727 370.691896
180.975000 370.366900 197.657137 370.755206
184.518100 370.493400 201.249201 370.806647
188.057900 370.608200 204.826560 370.857854
191.649500 370.691100 208.388201 370.905722
195.256300 370.767500 211.938936 370.963241
198.849500 370.860000 215.466655 371.026697
202.381300 370.945800 218.966169 371.070767
205.845900 371.042000 222.534225 371.106688
209.282900 371.140100 225.943457 371.133783
212.668000 371.264500 229.310132 371.173295
216.064400 371.405600 232.654139 371.216028
219.481600 371.542500 235.995159 371.268368
222.884100 371.677600 239.336514 371.327956
226.298100 371.814800 242.678529 371.387948
229.735800 371.946300 246.146268 371.455156
233.194100 372.081100 249.543850 371.513135
236.650500 372.201800 252.940416 371.551510
240.111200 372.286400 256.336870 371.570083
243.564300 372.361500 259.730131 371.587091
247.015400 372.438700 263.126790 371.607701
250.457000 372.513500 266.630377 371.628929
253.891600 372.590900 270.015583 371.649737
257.290300 372.695800 273.371500 371.677072
260.690700 372.783400 276.713160 371.714954
264.069500 372.879600 280.020290 371.762739
267.431600 372.988700 283.302127 371.824049
270.776800 373.106400 286.569671 371.892438
274.109000 373.236700 289.921041 371.973040
277.432900 373.381900 293.209863 372.049733
280.759300 373.509600 296.478193 372.119824
284.056000 373.639500 299.738614 372.178243
287.359000 373.744400 302.982834 372.228142
290.659600 373.828200 306.212842 372.267412
293.947900 373.890800 309.546190 372.294490
297.237800 373.937600 312.788145 372.315154
300.521400 373.988900 315.991883 372.332965
303.768300 374.045300 319.174232 372.344535
306.957900 374.123300 322.351036 372.355089
310.146500 374.187500 325.487750 372.367618
313.322400 374.161000 328.619611 372.375848
316.483700 374.147700 331.711475 372.388982
319.614100 374.138000 334.862390 372.397405
322.710900 374.134900 337.868565 372.411948
325.754600 374.160500 340.824126 372.436444
328.760000 374.252700 343.535300 372.535226
331.723400 374.480400 345.850311 372.764196
334.629700 374.897700 347.916786 373.161422
337.443500 375.575200 350.765481 373.732684
340.190600 376.425800 354.039029 374.506382
342.858100 377.501000 357.395297 375.520258
345.468300 378.757900 360.638250 376.691094
348.031800 380.138800 363.737430 378.009164
350.528000 381.659100 366.678542 379.430808
353.018700 383.175200 369.559470 380.879385
355.491300 384.652000 372.254404 382.290466
357.947400 386.052400 375.023813 383.647456
360.450400 387.298300 377.617954 384.780078
362.989400 388.343200 380.107915 385.711583
365.629600 389.180000 382.636428 386.457360
368.276800 389.785200 385.303885 387.033329
371.000200 390.203900 387.934633 387.396997
373.810900 390.409900 390.744828 387.611813
376.669700 390.515800 393.695794 387.689672
379.565900 390.475800 396.625657 387.610114
382.519300 390.334600 399.782040 387.424574
385.568500 390.096400 402.916370 387.169638
388.667700 389.806400 406.098090 386.857738
391.801000 389.495500 409.328510 386.510889
394.948500 389.200900 412.419573 386.156682
398.070600 388.865200 415.508881 385.777289
401.148300 388.481900 418.576767 385.349558
404.065800 388.058900 421.522794 384.889253
406.691700 387.530400 424.282031 384.339127
409.000000 386.806300 426.624184 383.633891
410.962900 385.896000 428.617463 382.738962
412.562500 384.785500 430.280986 381.682371
413.996700 383.545300 431.641138 380.457990
415.180900 382.105900 432.820542 378.996859
416.123400 380.517100 433.770280 377.392210
416.780300 378.715300 434.437286 375.631988
417.257500 376.862000 434.856538 373.791329
417.474300 374.922400 435.055853 371.842875
417.570600 372.940800 435.150888 369.792301
417.595000 370.957200 435.186462 367.714446
417.608000 368.989000 435.175008 365.693253
417.583600 367.038100 435.124569 363.664555
417.563900 365.089500 435.070549 361.593810
417.541600 363.162600 435.015125 359.607652
417.537500 361.254500 434.965600 357.645357
417.528500 359.368700 434.900059 355.704243
417.528100 357.497400 434.859849 353.785237
417.533000 355.636800 434.808874 351.820976
417.535200 353.779400 434.741155 349.930312
417.571900 351.871300 434.713600 348.004677
417.625100 349.951000 434.701526 346.061107
417.694000 348.023900 434.767029 344.106014
417.785900 346.081700 434.820535 342.138221
417.908800 344.103500 434.916630 340.072909
418.015700 342.077300 435.025305 338.018425
418.081000 339.964700 435.088886 335.890852
418.090200 337.760700 435.089814 333.677956
418.050600 335.423900 435.031192 331.266404
417.958300 332.974100 434.922494 328.812724
417.860400 330.443200 434.759153 326.287225
417.712700 327.891600 434.527204 323.754179
417.482600 325.340400 434.217986 321.241219
417.033400 322.795700 433.744479 318.813227
416.342400 320.296000 433.093896 316.458460
415.500300 317.846800 432.267443 314.121097
414.502200 315.485600 431.258777 311.919087
413.318100 313.201700 430.127346 309.609635
412.032900 310.983400 428.911856 307.230143
410.705100 308.826400 427.579425 304.883283
409.332700 306.723300 426.227827 302.681577
407.938700 304.690300 424.820550 300.645740
406.473300 302.693100 423.361441 298.645587
404.955000 300.719700 421.859666 296.597827
403.421700 298.744000 420.334571 294.479278
401.884500 296.708900 418.804297 292.353407
400.391900 294.639900 417.269501 290.142976
398.848100 292.568900 415.840064 288.036942
397.412100 290.463600 414.473199 285.925304
396.057400 288.363000 413.165835 283.815073
394.718200 286.280300 411.871524 281.736410
393.408400 284.209500 410.590176 279.665479
392.117400 282.093800 409.260408 277.483922
390.835100 279.982500 407.980624 275.406126
389.579700 277.837900 406.735283 273.279991
388.345300 275.665600 405.517323 271.143611
387.120100 273.483200 404.301992 268.964825
385.875700 271.265000 403.074242 266.773177
384.628200 269.049200 401.803233 264.501808
383.381900 266.843000 400.564547 262.300291
382.125900 264.656300 399.324132 260.129618
380.854500 262.504300 398.073753 257.978917
379.661500 260.394600 396.805419 255.883857
378.446600 258.284100 395.477989 253.778189
377.135400 256.231900 394.181361 251.771408
375.830100 254.203900 392.891821 249.796606
374.666100 252.142300 391.614681 247.827887
373.467400 250.089900 390.333417 245.857742
372.260300 248.016900 388.975980 243.807477
371.007200 245.900200 387.629722 241.780463
369.693400 243.722700 386.237266 239.700889
368.315100 241.489500 384.790539 237.559859
366.888500 239.203500 383.307764 235.371793
365.460800 236.868900 381.815636 233.151454
364.012600 234.509600 380.276436 230.816249
362.529900 232.103900 378.801930 228.519523
361.127000 229.646700 377.322598 226.179180
359.661000 227.165200 375.824050 223.777228
358.172600 224.664800 374.273918 221.336695
356.667000 222.124500 372.686195 218.903441
355.093500 219.562900 370.996890 216.400414
353.424100 216.994400 369.300911 213.935939
351.712100 214.400800 367.556561 211.414054
349.975600 211.757600 365.780270 208.854562
348.217300 209.053900 363.995301 206.277443
346.440100 206.295800 362.192338 203.648794
344.718700 203.491400 360.338972 200.914350
343.048900 200.668300 358.562425 198.260190
341.324500 197.881200 356.815491 195.630066
339.568500 195.094400 355.068232 192.970793
337.852500 192.286600 353.282034 190.231516
336.194600 189.467000 351.534421 187.525354
334.505100 186.643600 349.787088 184.786905
332.810200 183.813400 348.002682 181.961811
331.136400 180.975200 346.279474 179.210620
329.490700 178.148700 344.549207 176.438087
327.932900 175.420200 342.886768 173.767409
326.471500 172.833200 341.318211 171.229451
325.095300 170.445000 339.889854 168.903068
323.762200 168.206100 338.525677 166.690669
322.412400 165.996900 337.204518 164.627460
321.011100 163.835400 335.850116 162.584789
319.641800 161.678600 334.493388 160.516283
318.295500 159.472400 333.177500 158.436915
316.951800 157.229300 331.853733 156.305617
315.588800 154.961100 330.502834 154.140631
314.135600 152.692800 329.073174 151.918012
312.631900 150.387300 327.663113 149.742873
311.148500 148.012100 326.228574 147.525015
309.612900 145.580200 324.773416 145.261496
308.016700 143.109100 323.284883 142.961342
306.331100 140.598200 321.766980 140.658280
304.564400 138.076000 320.093706 138.180418
302.797400 135.508900 318.424253 135.722844
300.997000 132.893600 316.714682 133.202438
299.222800 130.218600 315.029413 130.706965
297.437100 127.496300 313.307664 128.145778
295.655500 124.725500 311.519851 125.460688
293.887000 121.904900 309.759537 122.787646
292.106700 119.014900 307.983840 120.070157
290.285600 116.096800 306.192627 117.317988
288.486200 113.134700 304.417538 114.584685
286.686000 110.204800 302.646706 111.862350
284.893700 107.269000 300.797236 109.029390
283.126100 104.350100 299.046170 106.363161
281.355100 101.454500 297.308493 103.720197
279.594100 98.593690 295.615135 101.139919
277.853700 95.782330 293.936209 98.575076
276.123300 93.015090 292.292612 96.066546
274.407100 90.294590 290.664967 93.590178
272.692900 87.620630 289.069718 91.188549
270.986100 84.990760 287.417330 88.731428
269.325100 82.370640 285.810125 86.359948
267.721500 79.761360 284.207307 83.980840
266.125000 77.187760 282.703445 81.730588
264.542700 74.650060 281.253143 79.554115
262.985600 72.146080 279.845429 77.421635
261.442300 69.672120 278.422455 75.250146
259.914000 67.228910 277.014662 73.105442
258.304500 64.884450 275.717281 71.127857
256.745600 62.566170 274.432206 69.137027
255.295000 60.234750 273.400623 67.450584
253.997800 57.859320 272.005531 64.967518
252.910900 55.413560 269.171917 59.898164
252.070800 52.918370 266.200799 54.211487
251.456200 50.379500 263.934877 49.155311
251.101500 47.849010 262.452540 44.971270
250.932300 45.362320 261.435410 41.236351
250.858900 42.970440 260.860948 38.093633
250.880600 40.703100 260.471552 35.256935
250.860200 38.529600 260.151367 32.599378
250.643100 36.422190 259.838276 30.350558
250.219900 34.431510 259.462090 28.448635
249.550300 32.522370 258.927744 26.740982
248.682400 30.805930 258.225197 25.322023
247.595100 29.296170 257.095289 23.761771
246.325600 27.986790 255.815975 22.446190
244.806500 26.870520 254.287717 21.268974
243.208500 26.046220 252.678323 20.387869
241.618500 25.511990 251.029884 19.764162
240.183400 25.244680 249.545750 19.470127
238.935000 25.182690 248.259667 19.409116
237.834400 25.306400 247.153574 19.571242
236.751000 25.547440 246.040079 19.788957
235.819600 26.015040 245.070131 20.209420
235.018800 26.634010 244.224878 20.778566
234.322500 27.380390 243.415053 21.296855
233.665300 28.270030 242.754464 22.149112
233.152200 29.370220 242.149193 23.028999
232.717700 30.623840 241.653222 24.089056
232.381300 32.026050 241.268514 25.300302
232.146500 33.563930 241.055781 26.778393
231.970000 35.230950 240.925208 28.399576
231.824100 37.057360 240.835115 30.199569
231.711700 38.971820 240.775847 32.124392
231.613800 41.054710 240.755952 34.225824
231.500400 43.265380 240.703720 36.489888
231.399200 45.576380 240.660072 38.786003
231.319600 47.958050 240.633497 41.168456
231.245500 50.455120 240.621768 43.669399
231.179600 53.045730 240.610640 46.251913
231.112600 55.734600 240.611311 48.949299
231.018200 58.532000 240.610583 51.833845
230.923100 61.468330 240.579293 54.749959
230.781800 64.386420 240.534563 57.707235
230.554400 67.301250 240.468178 60.683920
230.382900 70.279420 240.374749 63.668790
230.251900 73.265810 240.307315 66.663542
230.117200 76.279160 240.230826 69.773156
229.963600 79.299000 240.145864 72.802853
229.812600 82.350860 240.066151 75.850736
229.639600 85.361680 239.995118 78.894181
229.508400 88.372400 239.923901 81.932430
229.396200 91.404150 239.867968 84.938599
229.226100 94.390420 239.827874 88.085888
229.043400 97.383610 239.755047 91.130754
228.915600 100.420900 239.673795 94.120685
228.777400 103.429600 239.624203 97.147957
228.620500 106.515300 239.552569 100.232604
228.492800 109.617700 239.481719 103.425525
228.345100 112.766000 239.398366 106.548165
228.262200 115.953800 239.320786 109.694707
228.174500 119.123600 239.260900 112.858210
228.062700 122.300500 239.169660 116.024738
227.923700 125.438600 239.081589 119.174771
227.800300 128.526100 238.993398 122.379191
227.652200 131.598300 238.898269 125.463660
227.534700 134.639400 238.813240 128.511708
227.419600 137.638100 238.737232 131.522973
227.314300 140.648200 238.654936 134.508624
227.209000 143.551900 238.600345 137.471301
227.066800 146.491000 238.529654 140.531429
226.958600 149.420900 238.445381 143.416750
226.876000 152.285800 238.370476 146.261688
226.800700 155.135000 238.302961 149.084090
226.731900 157.928600 238.239335 151.870461
226.671000 160.677000 238.195800 154.721476
226.582000 163.433500 238.110799 157.456069
226.485000 166.141300 238.023654 160.153943
226.397200 168.834800 237.944902 162.830877
226.291800 171.503000 237.856460 165.512576
226.193800 174.156400 237.763348 168.157967
226.097700 176.845900 237.686545 170.940347
226.004100 179.602700 237.602025 173.675249
225.899400 182.370000 237.526800 176.445678
225.790500 185.147000 237.438470 179.197231
225.666400 187.881700 237.349759 181.925046
225.559700 190.596700 237.267268 184.718102
225.450800 193.273500 237.193980 187.391250
225.344100 195.959200 237.123616 190.024451
225.255300 198.650900 237.057066 192.723410
225.193200 201.334900 236.993464 195.457186
225.127200 204.006800 236.925091 198.210073
225.065500 206.635300 236.872180 200.840234
225.010800 209.237100 236.823479 203.500494
224.942500 211.826000 236.783258 206.041206
224.891100 214.400400 236.739996 208.616800
224.851300 216.935700 236.698467 211.143078
224.574700 219.362300 236.680974 213.793795
224.296500 221.836900 236.664914 216.235808
224.077500 224.335800 236.654879 218.788590
223.912600 226.902200 236.618189 221.445694
223.741800 229.521600 236.575310 224.107816
223.606900 232.177000 236.557311 226.802638
223.385500 235.003000 236.505128 229.355918
223.159800 237.809300 236.368796 232.340439
222.960600 240.674800 236.260191 235.292199
222.792300 243.535000 236.132420 238.262047
222.588700 246.352100 236.016986 241.184449
222.380700 249.170100 235.888978 244.195923
222.221500 251.920200 235.814317 247.014348
222.080000 254.672900 235.740442 249.764523
221.956900 257.368500 235.672344 252.471652
221.829100 260.046700 235.604822 255.140562
221.692500 262.646800 235.522998 257.868050
221.568600 265.262200 235.464330 260.527976
221.459700 267.839700 235.408771 263.190635
221.336200 270.381800 235.353006 265.691324
221.189700 272.766200 235.280706 268.184991
221.088000 275.002000 235.248422 270.392250
221.026400 277.045600 235.295725 272.155509
221.049000 278.872300 235.284183 274.445935
221.129600 280.543300 235.274667 276.834057
221.219900 282.100200 235.400849 278.414273
221.344400 283.572300 235.428225 280.965267
221.383300 284.982800 235.740231 281.110469
221.427300 286.297500 235.738193 283.022932
221.355400 287.505400 235.755275 284.442482
221.243100 288.625800 235.742685 285.112692
221.036600 289.678700 235.665315 285.482278
220.706100 290.652000 235.413712 286.345713
220.342100 291.553100 235.200764 286.023956
219.853800 292.364600 234.794411 286.574917
219.269900 293.212700 234.305046 287.060507
218.538100 294.065300 233.706079 287.459129
217.686800 294.889800 232.953942 287.987510
216.657700 295.681400 232.078045 288.381241
215.444500 296.400100 230.995889 288.841513
214.042800 296.980800 229.767088 289.129539
212.392600 297.367200 228.365505 289.130608
210.496800 297.522800 226.687220 288.966206
208.422600 297.550500 224.826970 288.655561
206.131200 297.483400 222.702388 288.419697
203.651200 297.386400 220.239703 288.303741
200.976300 297.310600 217.682881 288.262400
198.089000 297.234800 214.957422 288.165294
194.997600 297.169600 211.982387 288.205841
191.702200 297.088100 208.822686 288.247677
188.259400 296.972900 205.364413 288.293704
184.687600 296.836900 201.867545 288.279927
180.991300 296.697500 198.232175 288.295266
177.262000 296.545800 194.534812 288.382517
173.558400 296.374900 190.817477 288.376162
169.919200 296.277600 187.003105 288.334169
166.317100 296.215600 183.324005 288.341981
162.711100 296.177000 179.660884 288.306159
159.134700 296.119900 176.012574 288.284664
155.571100 296.037800 172.386375 288.212272
152.007700 295.960500 168.762096 288.162780
148.468000 295.873200 165.183079 288.124774
144.946600 295.784900 161.492222 288.087042
141.444100 295.697900 157.943065 288.045785
137.975600 295.609100 154.420393 288.012350
134.474600 295.536100 150.921242 287.974827
131.021500 295.387200 147.431646 287.926671
127.584800 295.185200 143.981286 287.817644
124.194200 294.919100 140.578689 287.613274
120.833000 294.568800 137.224501 287.339439
117.524100 294.148300 133.900315 286.975950
114.277200 293.717200 130.557081 286.549996
111.044200 293.263000 127.322019 286.147324
107.875300 292.820400 124.124705 285.738121
104.688800 292.432800 120.929775 285.389071
101.526200 292.112800 117.796949 285.072588
98.320670 291.867700 114.563670 284.814096
95.075730 291.698100 111.430170 284.627792
91.781610 291.600800 108.150752 284.560609
88.461730 291.510300 104.689126 284.576078
85.094010 291.416400 101.262870 284.554355
81.672540 291.325000 97.747662 284.546580
78.223590 291.216800 94.120442 284.521367
74.766450 291.106600 90.629227 284.483597
71.344240 290.985400 87.185811 284.426676
67.941880 290.873200 83.777075 284.364720
64.574620 290.765700 80.385818 284.313302
61.246410 290.655900 77.038786 284.261406
57.944380 290.555500 73.632029 284.207101
54.688490 290.463900 70.376080 284.156945
51.465180 290.374800 67.160318 284.109264
48.250390 290.298700 63.951928 284.073674
45.050130 290.226400 60.769549 284.040043
41.875270 290.157700 57.608879 284.000777
38.711490 290.079000 54.371904 283.959021
35.578690 289.999000 51.259098 283.920280
32.468040 289.919000 48.173465 283.892284
29.399030 289.855900 45.120438 283.874167
26.374440 289.806000 42.111080 283.863471
23.466190 289.753800 39.196895 283.849163
20.703250 289.695700 36.349754 283.830219
18.065590 289.632000 33.716219 283.804535
15.545090 289.573700 31.204747 283.782979
13.147890 289.520300 28.821044 283.766881
10.888030 289.488100 26.578553 283.772623
8.793075 289.520100 24.429121 283.835371
6.883822 289.607400 22.477682 283.954540
5.082836 289.770600 20.454096 284.150417
3.360773 289.989300 18.305245 284.416575
1.693438 290.246300 16.115238 284.729429
0.081762 290.523900 14.164509 285.054406
-1.454040 290.824700 12.461868 285.376627
-2.912142 291.153900 10.944197 285.711886
-4.263831 291.496500 9.643702 286.055790
-5.469629 291.865200 8.457531 286.422667
-6.561797 292.250200 7.642429 286.788674
-7.567325 292.720400 6.821296 287.216603
-8.250854 293.150700 5.942455 287.671882
-8.615564 293.414600 5.655075 287.945412
-8.701378 293.497800 5.530782 288.063688
-8.677816 293.476200 5.761287 288.016323
-8.670689 293.481400 5.796787 288.015875
-8.660467 293.476600 5.850385 288.014799
-8.651698 293.468700 5.878517 288.018107
-8.643833 293.460000 5.897844 288.023039
-8.651930 293.468400 5.906034 288.037328
-8.687854 293.502400 5.876024 288.079601
-8.762112 293.570000 5.826075 288.149866
-8.920494 293.730700 5.710863 288.295531
-9.169684 294.008200 5.508151 288.550456
-9.506103 294.394700 5.223675 288.938582
-9.958653 294.935000 4.966117 289.400326
-10.520470 295.675700 4.701460 289.984543
-11.117550 296.668100 4.301815 290.835325
-11.708500 297.866400 3.869680 291.976162
-12.237630 299.339200 3.535910 293.283517
-12.683330 301.018400 3.106769 294.900022
-13.070580 302.864600 2.809939 296.640235
-13.368680 304.910200 2.581629 298.590029
-13.565630 307.103100 2.454646 300.764002
-13.722500 309.483700 2.339760 303.069441
