0.000000 0.000000 0.000000 0.000000
0.054181 0.879235 0.054122 0.876915
0.069768 1.824326 0.069211 1.818515
0.003415 2.875512 0.000175 2.844161
-0.123130 4.021896 -0.141952 3.951416
-0.355562 5.248722 -0.359285 5.204455
-0.622388 6.586939 -0.616326 6.509260
-0.941959 8.041587 -0.924082 7.936127
-1.317954 9.607606 -1.288446 9.455578
-1.746028 11.261490 -1.731506 11.100866
-2.247333 13.001260 -2.263211 12.903913
-2.819369 14.841550 -2.840384 14.743778
-3.471584 16.794890 -3.476176 16.674039
-4.206227 18.801040 -4.181296 18.709980
-5.002325 20.924250 -4.957104 20.847369
-5.895726 23.141170 -5.839971 23.120729
-6.893668 25.384920 -6.797999 25.395224
-7.982190 27.688730 -7.845863 27.692265
-9.164411 30.059710 -8.994830 30.046782
-10.444260 32.492060 -10.244789 32.461953
-11.824940 34.996970 -11.595165 34.954644
-13.288260 37.616200 -13.082027 37.625568
-14.807970 40.343090 -14.591347 40.327596
-16.405480 43.114560 -16.160188 43.097102
-18.046730 45.856950 -17.786274 45.853157
-19.822820 48.550680 -19.500310 48.549557
-21.675070 51.158150 -21.300259 51.201350
-23.560100 53.734170 -23.203469 53.912460
-25.494780 56.313420 -25.103660 56.524511
-27.482530 58.864650 -27.047942 59.102288
-29.541190 61.360910 -29.063899 61.650719
-31.678300 63.840490 -31.151135 64.151023
-33.902360 66.293940 -33.321485 66.605178
-36.250580 68.681990 -35.579280 69.009385
-38.692550 71.052560 -38.025191 71.487597
-41.192840 73.405700 -40.480453 73.876007
-43.783840 75.735640 -43.014591 76.240249
-46.432290 78.051270 -45.617155 78.569787
-49.152200 80.361270 -48.288983 80.887907
-51.940820 82.646680 -50.991545 83.128276
-54.848670 84.861880 -53.787236 85.274336
-57.859180 86.983730 -56.699898 87.352734
-60.964150 89.027210 -59.670972 89.278474
-64.171330 90.959490 -62.896252 91.234796
-67.486660 92.809380 -66.146460 93.079991
-70.858280 94.583360 -69.475611 94.865218
-74.262510 96.288110 -72.854811 96.596861
-77.676110 97.939670 -76.263414 98.291579
-81.063060 99.532950 -79.660438 99.941357
-84.370760 101.062700 -83.001043 101.523133
-87.620370 102.509100 -86.258686 103.030447
-90.786320 103.874400 -89.501467 104.500737
-93.870530 105.255700 -92.460180 105.821749
-96.881570 106.709600 -95.222712 107.075029
-99.805830 108.239800 -97.782105 108.296853
-102.636000 109.900200 -100.111812 109.490236
-105.378400 111.659200 -102.447004 110.915880
-107.976000 113.472300 -104.908366 112.671853
-110.447900 115.333000 -107.399082 114.616597
-112.784900 117.225600 -109.657348 116.520418
-115.015000 119.132700 -111.919498 118.573554
-117.123400 121.056800 -114.079426 120.654581
-119.078900 122.948300 -116.063909 122.685442
-120.895600 124.857100 -117.882912 124.684979
-122.564000 126.793900 -119.519472 126.666676
-124.115200 128.784700 -121.112939 128.793649
-125.556900 130.848800 -122.557675 130.926786
-126.900700 132.986400 -123.954605 133.152597
-128.166200 135.162700 -125.219578 135.392706
-129.390300 137.438800 -126.467057 137.742123
-130.624700 139.816800 -127.678989 140.166005
-131.850200 142.307900 -128.856796 142.686093
-133.053900 144.928800 -130.021855 145.342364
-134.221100 147.696700 -131.179753 148.221137
-135.286000 150.585100 -132.175587 151.106503
-136.188200 153.654800 -132.965206 154.085847
-136.902400 156.885700 -133.561446 157.197414
-137.414500 160.267800 -133.944184 160.419984
-137.716200 163.797200 -134.161534 163.815110
-137.811800 167.451700 -134.171097 167.438375
-137.693100 171.190300 -133.962724 171.056181
-137.342300 175.019300 -133.550610 174.793644
-136.764600 178.911300 -132.929834 178.623993
-135.961700 182.879700 -132.077696 182.500640
-134.921000 186.887900 -131.007680 186.445231
-133.676900 190.927900 -129.701648 190.376434
-132.176400 194.967500 -128.152478 194.298375
-130.412100 198.974000 -126.269973 198.257896
-128.325000 202.907800 -124.071237 201.807059
-125.879600 206.683600 -121.550676 205.252227
-123.115600 210.265500 -118.755302 208.646505
-120.072500 213.663000 -115.713797 212.000525
-116.797700 216.867700 -112.459558 215.268578
-113.326600 219.882100 -108.977280 218.268606
-109.741800 222.621900 -105.221611 220.963803
-106.071200 225.055100 -101.512918 223.316893
-102.330300 227.163100 -97.721079 225.330360
-98.549080 228.934800 -93.909544 227.125318
-94.765260 230.393600 -90.086941 228.694091
-91.040120 231.572900 -86.302834 229.924546
-87.356360 232.508500 -82.566612 230.825653
-83.712820 233.198800 -78.857557 231.493602
-80.131800 233.665300 -75.203177 231.946981
-76.597140 233.928600 -71.487436 232.232586
-73.221710 234.047000 -67.977303 232.408239
-69.951170 234.094200 -64.602219 232.489045
-66.744420 234.089700 -61.308384 232.487886
-63.631270 234.073000 -58.086573 232.455958
-60.588190 234.080900 -54.955176 232.399962
-57.589970 234.129900 -51.888809 232.354413
-54.631270 234.221300 -48.895883 232.312679
-51.691800 234.380800 -45.847690 232.336652
-48.789980 234.600500 -42.927103 232.419130
-45.914730 234.880700 -40.035741 232.585658
-43.056600 235.221400 -37.137712 232.834451
-40.226560 235.615000 -34.278152 233.129173
-37.436510 236.072300 -31.493607 233.465788
-34.671830 236.602900 -28.636865 233.952851
-31.872100 237.159200 -25.731050 234.496602
-29.030010 237.739000 -22.706428 235.065855
-26.164210 238.361200 -19.734836 235.658953
-23.288400 239.014600 -16.792774 236.283964
-20.420150 239.737800 -13.854238 236.973636
-17.585900 240.557900 -11.017171 237.712906
-14.787740 241.484300 -8.151968 238.594283
-12.027780 242.497800 -5.290530 239.590369
-9.297034 243.589800 -2.458059 240.654496
-6.615868 244.741000 0.415653 241.822185
-4.000885 245.950200 3.128103 243.008193
-1.445171 247.223500 5.774731 244.252090
1.045353 248.560800 8.371679 245.568983
3.471952 249.950800 10.889311 246.937454
5.864994 251.410300 13.364114 248.373368
8.235125 252.947800 15.877000 249.884464
10.583690 254.573100 18.492978 251.483207
12.953340 256.177400 21.011683 253.049268
15.346400 257.781100 23.544056 254.634416
17.751050 259.400400 26.098272 256.246685
20.188860 261.030300 28.676194 257.883533
22.647720 262.666800 31.260269 259.527691
25.099450 264.305600 33.827948 261.176826
27.525840 265.954500 36.375076 262.842702
29.936290 267.631700 38.970811 264.595598
32.286150 269.360900 41.437290 266.351591
34.606160 271.143700 43.834974 268.158181
36.885170 273.027100 46.118841 270.028450
39.097050 274.998500 48.330234 271.987870
41.290800 277.096800 50.437651 274.021812
43.439250 279.297300 52.334591 276.077376
45.513250 281.622300 54.172132 278.251511
47.514220 284.070700 55.948821 280.538279
49.431830 286.626800 57.911329 283.119136
51.294100 289.273800 59.853057 285.763304
53.101300 292.012400 61.801529 288.522158
54.875230 294.809700 63.734256 291.363879
56.646400 297.643200 65.666354 294.264177
58.445530 300.513000 67.558904 297.155843
60.252450 303.405100 69.440965 300.063769
62.043860 306.330600 71.356672 303.090813
63.761150 309.296200 73.111675 306.050572
65.349920 312.311900 74.702679 309.034446
66.806830 315.364200 76.113888 312.020210
68.116080 318.458200 77.398949 315.046383
69.296620 321.579600 78.692039 318.201458
70.444270 324.701500 79.902368 321.344014
71.544490 327.823300 81.015056 324.452809
72.579080 330.962600 82.128264 327.699137
73.537630 334.109900 83.158604 330.874402
74.456800 337.228300 84.113976 334.008390
75.339380 340.280400 85.072266 337.109631
76.286690 343.179300 85.934368 339.918315
77.264140 345.918700 86.861266 342.575470
78.217100 348.599200 87.927051 345.326122
79.076510 351.282300 89.008636 348.193389
79.788430 353.970700 89.864906 351.063059
80.289200 356.680100 90.260785 353.617543
80.544210 359.422600 90.214338 355.951112
80.553950 362.181700 89.845934 358.180744
80.325300 364.950100 89.564371 360.809114
79.948290 367.764600 89.578598 364.066029
79.552930 370.623900 89.472626 367.317927
79.189870 373.576200 89.245868 370.563619
78.847720 376.617400 88.938160 373.642320
78.487220 379.779100 88.616151 376.834430
78.109220 383.024900 88.255559 380.091343
77.724340 386.331700 87.884267 383.408539
77.303670 389.673500 87.548413 386.828241
76.785710 392.998500 87.104772 390.339412
76.164260 396.307900 86.549857 393.692640
75.453110 399.563900 85.892398 396.993006
74.687820 402.778100 85.162815 400.250439
73.880590 405.959600 84.383495 403.453841
73.001560 409.140100 83.487665 406.853373
72.077030 412.325000 82.625090 409.868046
71.142260 415.518400 81.696538 413.094535
70.199490 418.732600 80.742435 416.426952
69.226500 421.954700 79.779921 419.647138
68.236100 425.167200 78.776504 422.821835
67.260820 428.363600 77.779323 425.961870
66.313240 431.552600 76.821452 429.107003
65.391740 434.718000 75.882239 432.202781
64.501670 437.856900 75.021140 435.410127
63.634920 440.951000 74.171953 438.737717
62.789470 444.005700 73.392365 442.023929
61.956690 447.015700 72.594035 445.191017
61.133480 449.961200 71.792130 448.265214
60.318620 452.867200 71.003629 451.301288
59.499520 455.718100 70.217448 454.278043
58.682170 458.529200 69.430322 457.143553
57.867160 461.298900 68.662588 460.024476
57.054660 464.035200 67.893787 462.888016
56.243590 466.731100 67.091601 465.787115
55.443060 469.359000 66.319346 468.495764
54.686220 471.907600 65.583206 471.174060
53.957650 474.335100 64.872685 473.719471
53.256730 476.667000 64.193992 476.128176
52.582380 478.963700 63.541151 478.536173
51.956500 481.261900 62.929732 480.864765
51.412610 483.574200 62.395594 482.995191
51.013880 485.899300 62.039928 484.721815
50.812910 488.248800 61.871098 486.487193
50.798080 490.609700 61.881795 488.566475
50.978710 492.984500 62.067726 490.979109
51.345270 495.367500 62.432759 493.424609
51.889050 497.738400 62.994140 495.939293
52.577300 500.130400 63.691891 498.378551
53.407230 502.515400 64.534398 500.755161
54.397040 504.884900 65.524724 503.117437
55.518570 507.215000 66.650342 505.430948
56.765020 509.509300 67.910742 507.628104
58.192020 511.730400 69.334683 509.780507
59.789040 513.824000 70.925349 511.813163
61.540430 515.752700 72.665833 513.728167
63.410000 517.523000 74.584446 515.554945
65.397890 519.217300 76.564070 517.228359
67.496690 520.814600 78.650728 518.789040
69.720640 522.307200 80.861305 520.231887
72.067650 523.642400 83.191074 521.527877
74.549290 524.809100 85.656249 522.667945
77.153850 525.815200 88.230363 523.620627
79.881990 526.633100 90.899426 524.364388
82.715440 527.211700 93.772755 524.907878
85.640790 527.586200 96.659932 525.225284
88.644290 527.748500 99.604752 525.314585
91.710620 527.693700 102.600170 525.169639
94.811790 527.411800 105.596447 524.768292
97.935300 526.886500 108.670557 524.199138
101.063100 526.157900 111.757596 523.436240
104.194600 525.225000 114.791139 522.424251
107.305700 524.079000 117.800179 521.191329
110.385400 522.743600 120.837723 519.843694
113.459600 521.282300 124.062179 518.465833
116.567100 519.769500 127.207511 517.038907
119.739300 518.237200 130.332862 515.491839
122.982300 516.640600 133.476736 513.892465
126.165500 515.061000 136.655849 512.246218
129.459200 513.419400 139.882128 510.560364
132.785400 511.739500 143.140999 508.834898
136.164500 510.030300 146.439644 507.077525
139.600200 508.311400 149.924992 505.267103
143.109700 506.548700 153.365792 503.475174
146.672500 504.761300 156.884201 501.668443
150.295000 502.937800 160.456629 499.824195
153.967100 501.081900 164.069866 497.938336
157.696200 499.214100 167.756436 496.040546
161.457700 497.333800 171.539814 494.157970
165.216700 495.416600 175.205049 492.172401
168.984800 493.501000 178.893253 490.198711
172.746400 491.586700 182.727463 488.185123
176.518000 489.688800 186.401764 486.224024
180.295200 487.819900 190.173330 484.323366
184.036700 485.970500 193.865571 482.435594
187.779200 484.135700 197.568960 480.575035
191.500200 482.306500 201.244160 478.718629
195.180200 480.469600 204.859681 476.840907
198.815300 478.621300 208.430705 474.953936
202.393600 476.753100 212.032971 472.989245
205.912000 474.880400 215.448296 471.084402
209.296500 473.041000 218.717954 469.208473
212.515400 471.274700 221.822561 467.401729
215.580600 469.586600 224.771040 465.683450
218.489200 468.019000 227.575518 464.085291
221.328300 466.599200 230.203761 462.652315
224.156800 465.368500 232.813080 461.412052
226.991800 464.316200 235.530865 460.342258
229.883500 463.424700 238.463339 459.403467
232.820800 462.731300 241.733793 458.624375
235.780100 462.243300 245.032414 458.022987
238.782200 461.945800 247.832935 457.690293
241.848400 461.905600 250.698634 457.597938
244.967900 462.147500 253.896712 457.729754
248.086200 462.682300 257.240295 458.126711
251.186900 463.495800 260.478212 458.810861
254.278000 464.580100 263.618745 459.772352
257.287900 465.915200 266.714401 461.063352
260.242000 467.523100 269.747109 462.561065
263.106900 469.351100 272.650090 464.296010
265.866100 471.381400 275.531049 466.219125
268.559300 473.556000 278.343127 468.300709
271.204400 475.840000 281.055310 470.512346
273.819900 478.206700 283.700383 472.792718
276.385100 480.590800 286.369658 475.158673
278.915500 482.977100 288.902206 477.466613
281.390900 485.346800 291.395881 479.766233
283.809500 487.633100 293.798964 481.968720
286.165500 489.759700 296.102808 484.019858
288.479300 491.699500 298.348452 485.897290
290.753400 493.425200 300.679381 487.647987
292.943900 494.909400 302.931590 489.148747
295.050000 496.208200 304.965251 490.426583
297.157600 497.295500 306.918335 491.457015
299.275300 498.080400 309.073093 492.249964
301.409300 498.552800 311.278549 492.796757
303.638500 498.806300 313.424553 493.041376
305.825500 498.755800 315.586058 492.991639
307.969500 498.413400 317.773443 492.671367
310.082700 497.866400 319.972732 492.137884
312.168500 497.169500 322.154480 491.459698
314.242500 496.345000 324.373773 490.632937
316.287200 495.404000 326.444014 489.707890
318.242200 494.293900 328.390476 488.628578
320.067800 492.959300 330.198661 487.348165
321.691800 491.422900 331.820429 485.860033
323.027900 489.679600 333.255960 484.150097
324.128000 487.907400 334.396918 482.388294
325.083100 486.074100 335.345264 480.546445
325.901600 484.156200 336.144312 478.615462
326.541500 482.161200 336.771018 476.619582
326.975000 480.110600 337.189726 474.596669
327.199900 477.981300 337.410773 472.498510
327.207600 475.816100 337.408547 470.401206
326.987100 473.574900 337.190809 468.158043
326.612600 471.312500 336.801723 465.922113
326.101700 468.984300 336.278632 463.635425
325.485000 466.584700 335.645444 461.276913
324.770900 464.117300 334.935688 458.835824
324.015300 461.568800 334.179795 456.339517
323.241500 458.937100 333.391877 453.737068
322.428100 456.221600 332.569534 451.073505
321.582200 453.438700 331.679084 448.238187
320.700500 450.590200 330.778228 445.424139
319.803300 447.709400 329.858284 442.570385
318.882300 444.812700 328.922750 439.691792
317.933600 441.902000 327.961312 436.807004
317.026500 438.982700 327.026120 433.907086
316.159500 436.052700 326.131144 430.993673
315.357400 433.104800 325.291163 428.065340
314.633500 430.138600 324.494637 425.020035
314.023700 427.174800 323.808918 422.159996
313.546100 424.188800 323.284892 419.253791
313.186000 421.191700 322.878391 416.354431
312.967300 418.184200 322.624558 413.348239
312.864500 415.179900 322.483266 410.333311
312.872600 412.155500 322.446321 407.350290
312.990400 409.162100 322.518476 404.383955
313.203500 406.159400 322.701977 401.331741
313.520300 403.163500 322.985405 398.308145
313.923800 400.189100 323.348434 395.319941
314.410500 397.252500 323.787897 392.325590
314.957200 394.350700 324.291921 389.390270
315.563700 391.486400 324.854921 386.480416
316.210700 388.682600 325.466518 383.646381
316.875600 385.969600 326.114072 380.921843
317.575400 383.411700 326.808889 378.278617
318.278300 381.082600 327.486384 375.908289
318.940600 378.964700 328.138120 373.737882
319.536100 376.960800 328.742308 371.773537
320.051600 374.976800 329.298756 369.849416
320.455200 373.030400 329.747996 367.957834
320.667900 371.083600 330.013211 366.037320
320.639300 369.178900 330.029799 364.236487
320.367200 367.308200 329.802945 362.498806
319.812200 365.451900 329.328443 360.691265
318.977600 363.612500 328.575453 358.965000
317.917200 361.899400 327.589811 357.098755
316.653200 360.259800 326.382939 355.343590
315.183100 358.649300 324.986142 353.623650
313.573000 357.006500 323.423805 351.968911
311.803000 355.325900 321.700123 350.323328
309.911600 353.572300 319.835666 348.576852
307.954100 351.681100 317.899728 346.740463
305.918800 349.709900 315.822927 344.753751
303.815100 347.660800 313.741773 342.738467
301.671400 345.530600 311.601078 340.645570
299.493500 343.321800 309.418494 338.484141
297.311600 341.063800 307.205397 336.242185
295.144200 338.750800 305.009494 333.952909
293.010900 336.383800 302.849103 331.612263
290.937000 333.945100 300.767077 329.240908
288.991700 331.405200 298.805646 326.779973
287.170900 328.759000 296.887984 324.091960
285.462000 326.045600 295.127583 321.401006
283.830800 323.246400 293.464993 318.640193
282.268800 320.363300 291.892244 315.801097
280.755300 317.391500 290.372626 312.875489
279.273700 314.371200 288.827367 309.832948
277.774600 311.308900 287.284632 306.764637
276.264200 308.193000 285.726409 303.575659
274.757100 305.022400 284.217738 300.441471
273.207400 301.793600 282.677133 297.213992
271.619600 298.531900 281.128809 293.986717
270.024400 295.205700 279.522948 290.659539
268.363800 291.836000 277.850533 287.299256
266.611600 288.477200 276.099370 283.976966
264.727500 285.132100 274.237466 280.663492
262.759200 281.800100 272.204161 277.256914
260.701700 278.471600 270.160831 273.976442
258.620500 275.176300 268.019189 270.647994
256.506400 271.837700 265.914619 267.377824
254.344100 268.488000 263.740666 264.035137
252.173900 265.097000 261.556698 260.675712
249.944700 261.678700 259.347413 257.304205
247.696800 258.253900 257.091914 253.904748
245.448300 254.808000 254.811330 250.474336
243.193400 251.334600 252.436242 246.893073
240.896500 247.824500 250.137815 243.411624
238.556700 244.277400 247.816616 239.896590
236.174700 240.690700 245.476745 236.350540
233.763000 237.091500 243.117235 232.787612
231.332800 233.457600 240.738939 229.209888
228.838300 229.808000 238.336235 225.648783
226.342900 226.169100 235.891698 222.081788
223.818800 222.533800 233.417468 218.501555
221.285700 218.901400 230.848849 214.805944
218.752300 215.265000 228.360446 211.229474
216.249600 211.634900 225.895564 207.661312
213.762100 207.997700 223.455325 204.091865
211.316800 204.351400 221.028223 200.495891
208.893800 200.676600 218.633663 196.888767
206.508300 196.989800 216.311179 193.340255
204.177700 193.291200 214.064062 189.810871
201.927600 189.547700 211.885585 186.218710
199.739900 185.759300 209.686087 182.407785
197.634000 181.950500 207.667577 178.743452
195.568100 178.118500 205.669705 174.999618
193.561400 174.281900 203.655544 171.168665
191.624100 170.408300 201.614880 167.223056
189.716900 166.527700 199.651982 163.339071
187.815500 162.621800 197.775328 159.532468
185.959300 158.681600 195.790149 155.487070
184.094000 154.737900 193.795559 151.380500
182.239600 150.794500 191.933738 147.500278
180.398400 146.846200 190.066572 143.579971
178.592100 142.900000 188.243085 139.698963
176.795000 138.933400 186.455858 135.849840
174.974500 134.967700 184.649506 131.977365
173.137100 131.051800 182.835294 128.193348
171.221700 127.194200 181.050418 124.653572
169.204100 123.403700 179.230278 121.303495
167.059300 119.698200 177.272844 118.002819
164.778800 116.075700 175.002396 114.439997
162.368900 112.524900 172.436573 110.672383
159.842700 109.067300 169.656870 106.821798
157.243500 105.701500 166.686899 102.868594
154.586000 102.373400 163.695452 99.047309
151.852400 99.075390 160.856372 95.618176
149.065100 95.812170 157.925469 92.156745
146.211000 92.589950 154.912747 88.728876
143.290400 89.438890 151.938565 85.517255
140.313900 86.318510 148.822589 82.230774
137.315300 83.188540 145.715154 79.008276
134.309400 80.022690 142.609056 75.756205
131.293700 76.854850 139.551280 72.568516
128.257000 73.680270 136.496477 69.372235
125.224000 70.510050 133.466716 66.216736
122.171600 67.325860 130.416289 63.058663
119.104200 64.151150 127.240073 59.811687
116.003700 60.986180 124.123612 56.678383
112.861400 57.817240 120.978890 53.559546
109.667300 54.647940 117.820457 50.467974
106.494700 51.468900 114.639050 47.350900
103.294400 48.292970 111.458013 44.257469
100.126400 45.132480 108.282012 41.170139
96.950460 41.977160 105.116893 38.082962
93.739320 38.803750 101.992599 35.045304
90.567830 35.632100 98.754281 31.867016
87.415790 32.458970 95.573224 28.697989
84.260040 29.295850 92.451552 25.600847
81.123540 26.129440 89.317994 22.464880
77.992680 22.957970 86.190541 19.324453
74.890600 19.774830 83.027158 16.120772
71.780370 16.590360 79.865781 12.916611
68.630430 13.396510 76.761100 9.782593
65.471800 10.205970 73.557567 6.545252
62.314330 7.007367 70.500302 3.452663
59.206170 3.808043 67.391814 0.269132
56.091860 0.584754 64.281178 -2.922231
53.008120 -2.625659 61.231656 -6.039578
49.955730 -5.822352 58.191426 -9.153691
46.935070 -9.021045 55.106271 -12.333997
43.893000 -12.216550 52.100014 -15.427331
40.929340 -15.293680 49.255969 -18.350260
38.089530 -18.317430 46.536348 -21.175391
35.418750 -21.291630 43.803274 -24.144073
32.866820 -24.157290 41.346110 -26.828796
30.511610 -26.943030 38.683643 -29.843577
28.282770 -29.552800 36.143048 -32.750699
26.270910 -31.981160 33.751058 -35.484950
24.406470 -34.119140 31.766991 -37.620134
22.621160 -35.934900 30.386023 -38.850646
20.883450 -37.415600 29.563675 -39.142872
19.174900 -38.513760 27.559585 -40.591288
17.516050 -39.260550 24.597863 -42.877685
15.838890 -39.714580 22.183908 -44.191741
14.191360 -39.829780 20.300699 -44.517565
12.634270 -39.672360 18.845084 -44.212404
11.172310 -39.260550 17.551958 -43.572684
9.789695 -38.629800 16.430942 -42.624859
8.497673 -37.738490 15.355177 -41.500638
7.308945 -36.616890 14.307915 -40.191484
6.256320 -35.282630 13.460878 -38.675357
5.377697 -33.729560 12.718561 -36.999682
4.666734 -31.994970 12.105934 -35.191652
4.118069 -30.087400 11.652899 -33.227635
3.675026 -28.058910 11.312211 -31.140880
3.306982 -25.913550 10.994874 -28.968113
2.950683 -23.671670 10.694951 -26.681388
2.589654 -21.354230 10.392195 -24.319633
2.235350 -18.941910 10.064410 -21.884251
1.883217 -16.438970 9.735904 -19.255523
1.539703 -13.883430 9.388270 -16.687507
1.229057 -11.374200 9.059447 -14.154710
0.914029 -8.934948 8.704714 -11.731355
0.572467 -6.591425 8.373973 -9.374317
0.172462 -4.328516 8.010017 -7.123441
-0.233814 -2.148095 7.630152 -4.950733
-0.652500 -0.027237 7.263156 -2.815271
-1.128803 2.027763 6.887194 -0.628674
-1.682534 4.091749 6.507493 1.529454
-2.326851 6.156888 5.980083 3.639763
-3.006582 8.222648 5.449116 5.805637
