0 0.000199 0.026545 100.000000 12.195122
0 0.000093 0.026593 200.000000 15.384615
0 0.000060 0.026514 300.000000 17.543859
0 0.000048 0.024734 400.000000 19.138756
0 0.000046 0.025522 500.000000 20.325203
0 0.000037 0.023490 600.000000 21.126760
0 0.000032 0.023810 700.000000 21.806854
0 0.000028 0.023812 800.000000 22.284122
10 0.000197 0.028224 100.000000 12.987013
10 0.000098 0.027432 200.000000 16.129032
10 0.000066 0.027294 300.000000 18.181818
10 0.000051 0.025813 400.000000 19.704433
10 0.000050 0.026437 500.000000 20.833334
10 0.000040 0.025083 600.000000 21.582733
10 0.000034 0.024912 700.000000 22.222221
10 0.000029 0.025004 800.000000 22.662889
20 0.000194 0.028668 100.000000 13.888889
20 0.000100 0.027733 200.000000 16.949152
20 0.000067 0.027664 300.000000 18.867924
20 0.000052 0.026004 400.000000 20.304569
20 0.000050 0.024523 500.000000 21.367521
20 0.000039 0.024930 600.000000 22.140221
20 0.000033 0.025027 700.000000 22.653721
20 0.000029 0.024804 800.000000 23.121387
30 0.000159 0.027291 100.000000 14.925373
30 0.000084 0.025196 200.000000 17.857143
30 0.000056 0.025214 300.000000 19.607843
30 0.000049 0.023708 400.000000 21.052631
30 0.000041 0.022163 500.000000 22.026432
30 0.000033 0.022284 600.000000 22.641510
30 0.000028 0.022375 700.000000 23.178808
30 0.000026 0.022285 800.000000 23.529411
40 0.000086 0.022482 100.000000 16.129032
40 0.000045 0.020968 200.000000 18.867924
40 0.000028 0.020591 300.000000 20.408163
40 0.000023 0.018336 400.000000 21.739130
40 0.000026 0.017045 500.000000 22.624434
40 0.000020 0.017948 600.000000 23.166023
40 0.000016 0.017728 700.000000 23.648649
40 0.000015 0.017678 800.000000 23.952095
50 0.000032 0.018949 100.000000 17.241379
50 0.000017 0.018654 200.000000 19.801981
50 0.000008 0.016451 300.000000 21.276596
50 0.000011 0.016148 400.000000 22.471910
50 0.000013 0.012743 500.000000 23.148148
50 0.000009 0.014479 600.000000 23.715416
50 0.000008 0.014461 700.000000 24.054983
50 0.000008 0.014327 800.000000 24.316109
60 0.000031 0.017984 100.000000 18.518518
60 0.000015 0.018448 200.000000 20.618557
60 0.000014 0.015266 300.000000 21.897810
60 0.000008 0.016739 400.000000 22.988506
60 0.000006 0.011620 500.000000 23.696682
60 0.000005 0.013985 600.000000 24.096386
60 0.000005 0.014069 700.000000 24.475525
60 0.000004 0.013808 800.000000 24.691359
70 0.000044 0.017815 100.000000 19.230770
70 0.000022 0.017557 200.000000 21.276596
70 0.000022 0.015567 300.000000 22.556391
70 0.000012 0.017131 400.000000 23.529411
70 0.000005 0.012842 500.000000 24.154589
70 0.000005 0.014358 600.000000 24.489796
70 0.000005 0.014078 700.000000 24.822695
70 0.000003 0.013737 800.000000 25.000000
80 0.000024 0.015928 100.000000 20.408163
80 0.000011 0.018289 200.000000 21.978022
80 0.000016 0.014763 300.000000 23.255814
80 0.000010 0.016754 400.000000 24.096386
80 0.000005 0.013398 500.000000 24.509804
80 0.000004 0.014033 600.000000 24.896265
80 0.000004 0.014136 700.000000 25.089605
80 0.000003 0.013581 800.000000 25.316456
90 0.000028 0.016540 100.000000 21.276596
90 0.000014 0.018468 200.000000 22.471910
90 0.000027 0.014373 300.000000 23.809525
90 0.000015 0.013744 400.000000 24.539877
90 0.000009 0.013824 500.000000 24.875622
90 0.000007 0.013728 600.000000 25.210085
90 0.000007 0.013881 700.000000 25.362318
90 0.000007 0.013025 800.000000 25.477707
100 0.000010 0.018657 100.000000 21.739130
100 0.000013 0.017274 200.000000 23.255814
100 0.000010 0.014761 300.000000 24.390244
100 0.000013 0.012997 400.000000 24.844721
100 0.000009 0.013812 500.000000 25.252525
100 0.000008 0.014053 600.000000 25.423729
100 0.000007 0.014049 700.000000 25.547445
100 0.000007 0.012926 800.000000 25.723473
110 0.000005 0.018704 100.000000 22.222221
110 0.000011 0.014978 200.000000 23.809525
110 0.000008 0.016141 300.000000 24.793388
110 0.000013 0.011518 400.000000 25.157232
110 0.000008 0.014169 500.000000 25.510204
110 0.000007 0.014226 600.000000 25.641026
110 0.000007 0.014114 700.000000 25.830257
110 0.000006 0.013392 800.000000 25.889967
120 0.000010 0.017375 100.000000 22.727272
120 0.000013 0.014719 200.000000 24.096386
120 0.000008 0.017440 300.000000 25.210085
120 0.000011 0.012288 400.000000 25.477707
120 0.000008 0.013881 500.000000 25.773195
120 0.000008 0.013957 600.000000 25.862068
120 0.000007 0.013535 700.000000 25.925926
120 0.000006 0.012923 800.000000 25.974026
130 0.000014 0.020502 100.000000 23.255814
130 0.000010 0.013124 200.000000 24.691359
130 0.000018 0.016584 300.000000 25.423729
130 0.000011 0.013207 400.000000 25.641026
130 0.000009 0.013360 500.000000 25.906736
130 0.000007 0.013621 600.000000 25.974026
130 0.000009 0.013264 700.000000 26.119404
130 0.000006 0.012163 800.000000 26.143791
140 0.000008 0.019162 100.000000 23.809525
140 0.000031 0.014555 200.000000 25.000000
140 0.000013 0.013067 300.000000 25.641026
140 0.000008 0.013944 400.000000 25.974026
140 0.000006 0.014473 500.000000 26.041666
140 0.000007 0.014541 600.000000 26.086956
140 0.000006 0.013174 700.000000 26.217228
140 0.000004 0.012680 800.000000 26.229507
150 0.000007 0.014137 100.000000 23.809525
150 0.000006 0.014373 200.000000 25.641026
150 0.000016 0.010412 300.000000 25.862068
150 0.000010 0.013570 400.000000 26.143791
150 0.000008 0.013838 500.000000 26.178011
150 0.000008 0.013816 600.000000 26.200872
150 0.000006 0.012969 700.000000 26.315790
150 0.000005 0.012235 800.000000 26.315790
160 0.000018 0.010410 100.000000 25.000000
160 0.000018 0.017290 200.000000 25.974026
160 0.000015 0.010674 300.000000 26.086956
160 0.000012 0.013488 400.000000 26.315790
160 0.000010 0.013743 500.000000 26.315790
160 0.000008 0.013270 600.000000 26.315790
160 0.000007 0.012716 700.000000 26.415094
160 0.000006 0.010800 800.000000 26.402639
170 0.000035 0.009743 100.000000 25.641026
170 0.000029 0.016256 200.000000 26.315790
170 0.000014 0.011786 300.000000 26.315790
170 0.000011 0.013007 400.000000 26.315790
170 0.000009 0.013480 500.000000 26.455027
170 0.000009 0.013098 600.000000 26.431719
170 0.000007 0.012004 700.000000 26.415094
170 0.000005 0.009632 800.000000 26.490067
180 0.000036 0.007698 100.000000 25.641026
180 0.000024 0.010566 200.000000 26.315790
180 0.000013 0.012062 300.000000 26.548672
180 0.000008 0.013062 400.000000 26.490067
180 0.000008 0.013374 500.000000 26.455027
180 0.000008 0.012316 600.000000 26.548672
180 0.000005 0.011737 700.000000 26.515152
180 0.000005 0.010148 800.000000 26.490067
190 0.000022 0.016953 100.000000 26.315790
190 0.000028 0.011203 200.000000 26.315790
190 0.000016 0.014714 300.000000 26.548672
190 0.000012 0.014781 400.000000 26.490067
190 0.000011 0.014559 500.000000 26.455027
190 0.000008 0.013445 600.000000 26.548672
190 0.000006 0.012544 700.000000 26.515152
190 0.000006 0.010577 800.000000 26.490067
200 0.000031 0.023600 100.000000 26.315790
200 0.000024 0.012693 200.000000 26.315790
200 0.000013 0.015945 300.000000 26.548672
200 0.000012 0.015836 400.000000 26.490067
200 0.000010 0.015033 500.000000 26.455027
200 0.000008 0.014181 600.000000 26.431719
200 0.000007 0.011866 700.000000 26.515152
200 0.000006 0.011203 800.000000 26.402639
210 0.000054 0.024149 100.000000 25.641026
210 0.000024 0.015429 200.000000 26.315790
210 0.000016 0.015746 300.000000 26.315790
210 0.000011 0.015303 400.000000 26.490067
210 0.000013 0.014371 500.000000 26.455027
210 0.000008 0.012978 600.000000 26.431719
210 0.000007 0.010914 700.000000 26.415094
210 0.000005 0.010905 800.000000 26.402639
220 0.000080 0.017688 100.000000 25.641026
220 0.000034 0.017911 200.000000 26.315790
220 0.000025 0.018746 300.000000 26.315790
220 0.000019 0.018476 400.000000 26.315790
220 0.000017 0.016449 500.000000 26.455027
220 0.000011 0.015940 600.000000 26.431719
220 0.000010 0.014584 700.000000 26.415094
220 0.000009 0.014387 800.000000 26.315790
230 0.000032 0.011393 100.000000 25.641026
230 0.000013 0.013074 200.000000 26.315790
230 0.000009 0.013595 300.000000 26.315790
230 0.000008 0.013452 400.000000 26.315790
230 0.000007 0.012668 500.000000 26.455027
230 0.000007 0.011571 600.000000 26.431719
230 0.000003 0.009864 700.000000 26.415094
230 0.000002 0.010089 800.000000 26.315790
240 0.000035 0.009415 100.000000 25.641026
240 0.000021 0.010082 200.000000 25.974026
240 0.000013 0.011375 300.000000 26.315790
240 0.000011 0.010944 400.000000 26.315790
240 0.000010 0.010684 500.000000 26.315790
240 0.000008 0.008019 600.000000 26.431719
240 0.000004 0.008362 700.000000 26.315790
240 0.000004 0.007933 800.000000 26.229507
250 0.000020 0.010206 100.000000 25.641026
250 0.000012 0.013124 200.000000 25.974026
250 0.000008 0.014289 300.000000 26.315790
250 0.000004 0.013327 400.000000 26.315790
250 0.000004 0.011950 500.000000 26.315790
250 0.000006 0.010636 600.000000 26.315790
250 0.000005 0.011113 700.000000 26.315790
250 0.000006 0.011011 800.000000 26.229507
260 0.000015 0.019715 100.000000 25.641026
260 0.000012 0.017543 200.000000 25.974026
260 0.000005 0.015982 300.000000 26.315790
260 0.000006 0.013495 400.000000 26.315790
260 0.000006 0.012965 500.000000 26.315790
260 0.000005 0.011028 600.000000 26.315790
260 0.000006 0.010955 700.000000 26.315790
260 0.000006 0.010059 800.000000 26.143791
270 0.000015 0.026480 100.000000 25.641026
270 0.000006 0.020656 200.000000 25.974026
270 0.000003 0.018209 300.000000 26.315790
270 0.000003 0.016125 400.000000 26.315790
270 0.000004 0.013275 500.000000 26.315790
270 0.000005 0.011465 600.000000 26.315790
270 0.000005 0.011542 700.000000 26.217228
270 0.000004 0.010292 800.000000 26.143791
280 0.000014 0.018680 100.000000 25.641026
280 0.000003 0.016913 200.000000 25.974026
280 0.000003 0.015240 300.000000 26.315790
280 0.000003 0.013333 400.000000 26.315790
280 0.000003 0.009897 500.000000 26.315790
280 0.000004 0.010426 600.000000 26.315790
280 0.000004 0.010444 700.000000 26.217228
280 0.000005 0.010170 800.000000 26.058632
290 0.000015 0.016410 100.000000 25.641026
290 0.000004 0.016054 200.000000 25.974026
290 0.000005 0.013045 300.000000 26.315790
290 0.000005 0.011808 400.000000 26.315790
290 0.000006 0.010048 500.000000 26.315790
290 0.000004 0.010327 600.000000 26.200872
290 0.000004 0.009917 700.000000 26.119404
290 0.000005 0.009859 800.000000 26.058632
300 0.000000 0.015263 100.000000 25.641026
300 0.000005 0.014927 200.000000 25.974026
300 0.000002 0.012429 300.000000 26.315790
300 0.000004 0.011848 400.000000 26.315790
300 0.000002 0.009970 500.000000 26.315790
300 0.000004 0.010086 600.000000 26.200872
300 0.000004 0.009169 700.000000 26.119404
300 0.000005 0.009838 800.000000 26.058632
310 0.000005 0.015294 100.000000 25.641026
310 0.000006 0.013775 200.000000 25.974026
310 0.000003 0.012665 300.000000 26.086956
310 0.000002 0.010074 400.000000 26.315790
310 0.000003 0.009466 500.000000 26.178011
310 0.000003 0.009886 600.000000 26.200872
310 0.000004 0.009383 700.000000 26.022305
310 0.000005 0.009844 800.000000 26.058632
320 0.000000 0.015616 100.000000 25.641026
320 0.000007 0.014062 200.000000 25.974026
320 0.000002 0.011927 300.000000 26.086956
320 0.000003 0.008748 400.000000 26.315790
320 0.000004 0.009650 500.000000 26.178011
320 0.000005 0.010076 600.000000 26.086956
320 0.000006 0.009971 700.000000 26.022305
320 0.000006 0.009514 800.000000 26.058632
330 0.000010 0.015110 100.000000 25.641026
330 0.000008 0.011302 200.000000 25.974026
330 0.000002 0.010954 300.000000 26.086956
330 0.000011 0.008827 400.000000 26.143791
330 0.000003 0.009226 500.000000 26.178011
330 0.000007 0.008628 600.000000 26.086956
330 0.000006 0.009178 700.000000 26.022305
330 0.000006 0.008571 800.000000 26.058632
340 0.000011 0.014617 100.000000 25.641026
340 0.000002 0.012060 200.000000 25.974026
340 0.000002 0.010998 300.000000 26.086956
340 0.000003 0.009059 400.000000 26.143791
340 0.000005 0.009801 500.000000 26.178011
340 0.000005 0.009250 600.000000 25.974026
340 0.000006 0.009832 700.000000 26.022305
340 0.000007 0.009515 800.000000 26.058632
350 0.000010 0.012797 100.000000 25.641026
350 0.000003 0.012019 200.000000 25.974026
350 0.000002 0.009188 300.000000 26.086956
350 0.000006 0.009316 400.000000 26.143791
350 0.000006 0.009978 500.000000 26.041666
350 0.000006 0.010027 600.000000 25.974026
350 0.000006 0.010205 700.000000 25.925926
350 0.000007 0.010452 800.000000 26.143791
360 0.000023 0.011776 100.000000 25.641026
360 0.000004 0.009787 200.000000 25.974026
360 0.000005 0.008108 300.000000 26.086956
360 0.000005 0.009045 400.000000 26.143791
360 0.000007 0.009422 500.000000 26.041666
360 0.000007 0.009647 600.000000 25.862068
360 0.000006 0.009475 700.000000 26.022305
360 0.000007 0.009921 800.000000 26.143791
370 0.000005 0.008418 100.000000 25.641026
370 0.000005 0.009953 200.000000 25.974026
370 0.000005 0.008769 300.000000 26.086956
370 0.000006 0.009550 400.000000 25.974026
370 0.000006 0.009597 500.000000 25.906736
370 0.000008 0.010070 600.000000 25.862068
370 0.000008 0.010207 700.000000 26.022305
370 0.000008 0.010783 800.000000 26.143791
380 0.000010 0.010419 100.000000 25.641026
380 0.000005 0.009457 200.000000 25.974026
380 0.000006 0.008425 300.000000 26.086956
380 0.000007 0.009677 400.000000 25.974026
380 0.000008 0.009659 500.000000 25.906736
380 0.000008 0.010117 600.000000 25.862068
380 0.000008 0.010534 700.000000 26.022305
380 0.000008 0.011292 800.000000 26.143791
390 0.000007 0.011309 100.000000 25.641026
390 0.000007 0.008561 200.000000 25.974026
390 0.000010 0.008993 300.000000 26.086956
390 0.000010 0.009726 400.000000 25.974026
390 0.000009 0.010147 500.000000 25.773195
390 0.000009 0.010278 600.000000 25.862068
390 0.000009 0.010906 700.000000 26.022305
390 0.000009 0.011772 800.000000 26.143791
400 0.000017 0.008478 100.000000 25.641026
400 0.000015 0.008675 200.000000 25.974026
400 0.000009 0.009052 300.000000 25.862068
400 0.000008 0.009619 400.000000 25.806452
400 0.000010 0.009836 500.000000 25.773195
400 0.000010 0.010044 600.000000 25.862068
400 0.000009 0.010960 700.000000 26.119404
400 0.000009 0.012366 800.000000 26.229507
410 0.000014 0.011826 100.000000 25.641026
410 0.000011 0.009302 200.000000 25.974026
410 0.000009 0.010244 300.000000 25.862068
410 0.000009 0.010293 400.000000 25.806452
410 0.000009 0.010593 500.000000 25.773195
410 0.000010 0.011172 600.000000 25.974026
410 0.000009 0.011783 700.000000 26.119404
410 0.000010 0.013327 800.000000 26.229507
420 0.000011 0.008115 100.000000 25.641026
420 0.000005 0.009016 200.000000 25.641026
420 0.000006 0.010090 300.000000 25.862068
420 0.000007 0.010345 400.000000 25.641026
420 0.000007 0.010484 500.000000 25.773195
420 0.000009 0.011285 600.000000 25.974026
420 0.000008 0.012368 700.000000 26.119404
420 0.000010 0.012804 800.000000 26.143791
430 0.000017 0.014683 100.000000 25.641026
430 0.000012 0.009907 200.000000 25.641026
430 0.000011 0.010690 300.000000 25.641026
430 0.000012 0.010999 400.000000 25.641026
430 0.000011 0.011187 500.000000 25.773195
430 0.000011 0.012274 600.000000 25.974026
430 0.000010 0.013238 700.000000 26.119404
430 0.000011 0.013204 800.000000 26.143791
440 0.000014 0.011386 100.000000 25.641026
440 0.000010 0.009994 200.000000 25.641026
440 0.000006 0.010440 300.000000 25.641026
440 0.000009 0.010569 400.000000 25.641026
440 0.000010 0.010786 500.000000 25.773195
440 0.000010 0.012451 600.000000 26.086956
440 0.000009 0.014145 700.000000 26.119404
440 0.000011 0.012791 800.000000 26.143791
450 0.000019 0.011083 100.000000 25.000000
450 0.000010 0.011361 200.000000 25.641026
450 0.000008 0.011577 300.000000 25.641026
450 0.000011 0.011493 400.000000 25.641026
450 0.000011 0.012646 500.000000 25.773195
450 0.000010 0.013070 600.000000 26.086956
450 0.000010 0.014775 700.000000 26.119404
450 0.000011 0.014080 800.000000 26.058632
460 0.000020 0.010825 100.000000 25.000000
460 0.000011 0.011798 200.000000 25.316456
460 0.000011 0.011666 300.000000 25.423729
460 0.000011 0.011801 400.000000 25.641026
460 0.000012 0.012656 500.000000 25.906736
460 0.000011 0.013659 600.000000 26.086956
460 0.000012 0.013787 700.000000 26.119404
460 0.000012 0.015851 800.000000 25.974026
470 0.000017 0.013770 100.000000 25.000000
470 0.000012 0.012535 200.000000 25.316456
470 0.000013 0.012055 300.000000 25.423729
470 0.000011 0.011139 400.000000 25.641026
470 0.000012 0.011909 500.000000 25.906736
470 0.000010 0.013228 600.000000 26.086956
470 0.000012 0.013009 700.000000 26.119404
470 0.000013 0.028341 800.000000 25.889967
480 0.000025 0.011802 100.000000 25.000000
480 0.000011 0.009147 200.000000 25.316456
480 0.000013 0.009371 300.000000 25.423729
480 0.000012 0.009538 400.000000 25.641026
480 0.000010 0.011729 500.000000 26.041666
480 0.000009 0.013584 600.000000 26.086956
480 0.000011 0.011854 700.000000 26.119404
480 0.000011 0.020805 800.000000 25.806452
490 0.000019 0.011893 100.000000 25.000000
490 0.000012 0.010987 200.000000 25.316456
490 0.000011 0.010971 300.000000 25.423729
490 0.000012 0.012304 400.000000 25.806452
490 0.000011 0.012621 500.000000 26.041666
490 0.000011 0.014710 600.000000 26.200872
490 0.000013 0.013562 700.000000 26.022305
490 0.000010 0.012953 800.000000 25.723473
500 0.000017 0.012263 100.000000 25.000000
500 0.000010 0.011506 200.000000 25.000000
500 0.000011 0.011285 300.000000 25.423729
500 0.000012 0.012743 400.000000 25.806452
500 0.000010 0.014107 500.000000 26.041666
500 0.000012 0.013658 600.000000 26.200872
500 0.000012 0.016838 700.000000 25.925926
500 0.000010 0.015483 800.000000 25.559105
510 0.000012 0.011617 100.000000 25.000000
510 0.000012 0.010712 200.000000 25.000000
510 0.000011 0.010641 300.000000 25.423729
510 0.000011 0.012995 400.000000 25.974026
510 0.000010 0.014127 500.000000 26.178011
510 0.000012 0.013100 600.000000 26.086956
510 0.000014 0.036375 700.000000 25.830257
510 0.000010 0.013511 800.000000 25.396826
520 0.000035 0.010842 100.000000 24.390244
520 0.000014 0.009557 200.000000 25.000000
520 0.000010 0.011959 300.000000 25.641026
520 0.000010 0.013610 400.000000 25.974026
520 0.000009 0.016369 500.000000 26.178011
520 0.000012 0.013296 600.000000 26.086956
520 0.000011 0.019636 700.000000 25.735294
520 0.000009 0.013935 800.000000 25.236593
530 0.000021 0.014077 100.000000 24.390244
530 0.000013 0.010028 200.000000 25.000000
530 0.000013 0.013908 300.000000 25.641026
530 0.000011 0.014192 400.000000 25.974026
530 0.000011 0.015870 500.000000 26.178011
530 0.000013 0.014212 600.000000 26.086956
530 0.000009 0.012528 700.000000 25.641026
530 0.000010 0.014757 800.000000 25.078369
540 0.000013 0.010698 100.000000 24.390244
540 0.000011 0.009848 200.000000 25.316456
540 0.000012 0.013295 300.000000 25.862068
540 0.000010 0.014622 400.000000 26.143791
540 0.000013 0.013535 500.000000 26.178011
540 0.000014 0.018287 600.000000 25.974026
540 0.000010 0.016867 700.000000 25.454546
540 0.000010 0.013463 800.000000 24.844721
550 0.000026 0.010062 100.000000 24.390244
550 0.000014 0.011098 200.000000 25.316456
550 0.000013 0.014954 300.000000 26.086956
550 0.000011 0.016329 400.000000 26.315790
550 0.000013 0.014108 500.000000 26.178011
550 0.000014 0.042962 600.000000 25.862068
550 0.000010 0.013822 700.000000 25.362318
550 0.000014 0.013143 800.000000 24.464832
560 0.000030 0.012377 100.000000 24.390244
560 0.000015 0.014300 200.000000 25.641026
560 0.000016 0.015868 300.000000 26.086956
560 0.000012 0.018888 400.000000 26.315790
560 0.000012 0.015347 500.000000 26.178011
560 0.000013 0.020964 600.000000 25.751074
560 0.000010 0.015930 700.000000 25.179855
560 0.000026 0.027547 800.000000 24.024025
570 0.000013 0.014581 100.000000 25.000000
570 0.000012 0.012995 200.000000 25.974026
570 0.000011 0.013360 300.000000 26.315790
570 0.000011 0.015649 400.000000 26.315790
570 0.000014 0.013408 500.000000 26.178011
570 0.000010 0.011467 600.000000 25.641026
570 0.000010 0.013916 700.000000 25.000000
570 0.000030 0.023846 800.000000 23.598820
580 0.000010 0.009645 100.000000 25.000000
580 0.000012 0.013879 200.000000 25.974026
580 0.000010 0.016452 300.000000 26.315790
580 0.000013 0.014005 400.000000 26.490067
580 0.000014 0.020979 500.000000 26.041666
580 0.000010 0.017821 600.000000 25.531916
580 0.000011 0.013588 700.000000 24.734982
580 0.000026 0.026884 800.000000 23.054754
590 0.000015 0.013616 100.000000 25.641026
590 0.000009 0.019524 200.000000 26.315790
590 0.000008 0.019012 300.000000 26.548672
590 0.000012 0.014523 400.000000 26.315790
590 0.000015 0.050954 500.000000 26.041666
590 0.000010 0.013478 600.000000 25.316456
590 0.000014 0.012805 700.000000 24.305555
590 0.000028 0.019327 800.000000 22.662889
600 0.000010 0.025707 100.000000 25.641026
600 0.000010 0.018786 200.000000 26.315790
600 0.000010 0.023243 300.000000 26.548672
600 0.000012 0.015556 400.000000 26.315790
600 0.000011 0.020960 500.000000 25.773195
600 0.000008 0.015202 600.000000 25.104603
600 0.000026 0.029926 700.000000 23.809525
600 0.000028 0.018403 800.000000 22.222221
610 0.000013 0.030288 100.000000 25.641026
610 0.000011 0.021614 200.000000 26.666666
610 0.000011 0.021056 300.000000 26.548672
610 0.000014 0.018263 400.000000 26.143791
610 0.000011 0.011997 500.000000 25.641026
610 0.000011 0.015266 600.000000 24.793388
610 0.000029 0.027900 700.000000 23.178808
610 0.000018 0.014955 800.000000 21.798365
620 0.000015 0.019385 100.000000 26.315790
620 0.000010 0.019485 200.000000 26.666666
620 0.000014 0.014895 300.000000 26.548672
620 0.000017 0.032154 400.000000 25.974026
620 0.000011 0.018350 500.000000 25.380711
620 0.000011 0.012952 600.000000 24.390244
620 0.000028 0.028954 700.000000 22.653721
620 0.000010 0.010121 800.000000 21.505377
630 0.000020 0.027475 100.000000 26.315790
630 0.000011 0.026744 200.000000 26.666666
630 0.000014 0.015595 300.000000 26.315790
630 0.000015 0.055350 400.000000 25.806452
630 0.000010 0.014374 500.000000 25.000000
630 0.000021 0.021606 600.000000 23.904383
630 0.000034 0.019231 700.000000 22.082020
630 0.000010 0.012030 800.000000 21.164021
640 0.000011 0.013441 100.000000 26.315790
640 0.000010 0.020745 200.000000 26.666666
640 0.000012 0.013566 300.000000 26.086956
640 0.000011 0.014558 400.000000 25.477707
640 0.000008 0.013620 500.000000 24.752476
640 0.000031 0.029028 600.000000 23.166023
640 0.000028 0.017501 700.000000 21.538462
640 0.000025 0.019018 800.000000 20.725389
650 0.000007 0.019399 100.000000 26.315790
650 0.000012 0.015133 200.000000 26.315790
650 0.000014 0.017801 300.000000 25.862068
650 0.000007 0.011719 400.000000 25.157232
650 0.000010 0.011885 500.000000 24.271845
650 0.000033 0.028664 600.000000 22.471910
650 0.000014 0.010468 700.000000 21.084337
650 0.000032 0.030061 800.000000 20.304569
660 0.000007 0.017422 100.000000 26.315790
660 0.000016 0.012291 200.000000 25.974026
660 0.000018 0.054116 300.000000 25.641026
660 0.000012 0.013476 400.000000 24.844721
660 0.000012 0.011081 500.000000 23.809525
660 0.000033 0.025690 600.000000 21.818182
660 0.000009 0.009212 700.000000 20.771513
660 0.000031 0.021587 800.000000 19.851116
670 0.000010 0.023174 100.000000 25.641026
670 0.000016 0.010243 200.000000 25.974026
670 0.000015 0.045344 300.000000 25.210085
670 0.000009 0.011581 400.000000 24.390244
670 0.000029 0.034231 500.000000 23.041475
670 0.000034 0.015746 600.000000 21.201414
670 0.000016 0.008184 700.000000 20.348837
670 0.000024 0.020613 800.000000 19.417477
680 0.000013 0.026643 100.000000 25.641026
680 0.000018 0.012043 200.000000 25.641026
680 0.000011 0.010785 300.000000 24.793388
680 0.000011 0.012721 400.000000 23.952095
680 0.000038 0.030408 500.000000 22.222221
680 0.000027 0.017847 600.000000 20.689655
680 0.000032 0.031835 700.000000 19.886364
680 0.000014 0.021218 800.000000 19.093079
690 0.000023 0.012173 100.000000 25.641026
690 0.000019 0.021459 200.000000 25.316456
690 0.000012 0.015504 300.000000 24.390244
690 0.000012 0.011701 400.000000 23.529411
690 0.000033 0.032248 500.000000 21.459227
690 0.000013 0.007545 600.000000 20.202021
690 0.000031 0.027140 700.000000 19.444445
700 0.000027 0.014139 100.000000 25.000000
700 0.000026 0.098841 200.000000 24.691359
700 0.000013 0.011769 300.000000 24.000000
700 0.000016 0.013909 400.000000 22.857143
700 0.000039 0.022565 500.000000 20.833334
700 0.000010 0.009042 600.000000 19.867550
700 0.000031 0.021977 700.000000 18.970190
710 0.000027 0.020957 100.000000 25.000000
710 0.000018 0.027300 200.000000 24.390244
710 0.000009 0.011198 300.000000 23.622047
710 0.000040 0.035766 400.000000 21.978022
710 0.000037 0.014892 500.000000 20.161291
710 0.000024 0.007276 600.000000 19.417477
710 0.000022 0.019823 700.000000 18.567638
720 0.000025 0.012528 100.000000 24.390244
720 0.000008 0.022582 200.000000 23.809525
720 0.000009 0.010853 300.000000 23.076923
720 0.000048 0.032041 400.000000 21.164021
720 0.000023 0.012663 500.000000 19.607843
720 0.000040 0.037693 600.000000 18.987341
730 0.000023 0.055036 100.000000 23.809525
730 0.000006 0.025045 200.000000 23.529411
730 0.000011 0.010667 300.000000 22.556391
730 0.000040 0.040970 400.000000 20.304569
730 0.000010 0.007633 500.000000 19.230770
730 0.000031 0.028708 600.000000 18.518518
740 0.000040 0.206147 100.000000 23.809525
740 0.000009 0.010656 200.000000 22.988506
740 0.000018 0.010536 300.000000 21.739130
740 0.000045 0.024792 400.000000 19.704433
740 0.000011 0.010792 500.000000 18.867924
740 0.000034 0.026058 600.000000 18.072289
750 0.000022 0.057629 100.000000 23.255814
750 0.000005 0.014555 200.000000 22.471910
750 0.000046 0.051216 300.000000 20.833334
750 0.000045 0.022695 400.000000 19.047619
750 0.000027 0.011020 500.000000 18.518518
750 0.000019 0.025350 600.000000 17.751480
760 0.000014 0.034767 100.000000 22.727272
760 0.000006 0.012441 200.000000 21.978022
760 0.000051 0.043808 300.000000 20.000000
760 0.000022 0.017112 400.000000 18.604650
760 0.000039 0.047198 500.000000 18.050541
770 0.000010 0.011807 100.000000 22.222221
770 0.000013 0.022352 200.000000 21.505377
770 0.000044 0.038602 300.000000 19.230770
770 0.000008 0.007131 400.000000 18.181818
770 0.000033 0.025591 500.000000 17.605635
780 0.000033 0.195686 100.000000 21.739130
780 0.000019 0.109681 200.000000 20.833334
780 0.000050 0.036157 300.000000 18.518518
780 0.000004 0.039805 400.000000 17.857143
780 0.000038 0.016037 500.000000 17.241379
790 0.000015 0.063788 100.000000 21.276596
790 0.000058 0.038312 200.000000 19.801981
790 0.000057 0.005869 300.000000 17.964071
790 0.000025 0.014260 400.000000 17.543859
790 0.000025 0.015598 500.000000 16.891891
800 0.000018 0.033805 100.000000 20.833334
800 0.000088 0.073462 200.000000 18.867924
800 0.000038 0.032136 300.000000 17.441860
800 0.000054 0.056728 400.000000 17.167381
800 0.000017 0.032666 500.000000 16.666666
810 0.000022 0.014591 100.000000 20.408163
810 0.000076 0.065619 200.000000 18.018019
810 0.000019 0.006431 300.000000 17.142857
810 0.000051 0.044030 400.000000 16.806723
820 0.000015 0.033587 100.000000 19.607843
820 0.000081 0.054104 200.000000 17.241379
820 0.000011 0.008713 300.000000 16.853933
820 0.000044 0.033663 400.000000 16.393442
830 0.000093 0.136688 100.000000 18.518518
830 0.000081 0.035394 200.000000 16.666666
830 0.000017 0.013244 300.000000 16.574585
830 0.000044 0.036017 400.000000 16.129032
840 0.000163 0.129480 100.000000 17.241379
840 0.000076 0.035813 200.000000 16.129032
840 0.000051 0.023998 300.000000 16.304348
840 0.000020 0.032287 400.000000 15.873015
850 0.000158 0.116856 100.000000 16.393442
850 0.000043 0.024009 200.000000 15.873015
850 0.000067 0.072848 300.000000 15.957447
860 0.000131 0.145297 100.000000 15.625000
860 0.000018 0.013056 200.000000 15.625000
860 0.000060 0.055384 300.000000 15.625000
870 0.000136 0.133594 100.000000 14.925373
870 0.000021 0.028306 200.000000 15.503876
870 0.000061 0.054462 300.000000 15.384615
880 0.000093 0.014028 100.000000 14.705882
880 0.000025 0.012487 200.000000 15.503876
880 0.000041 0.028698 300.000000 15.306123
890 0.000043 0.065133 100.000000 14.705882
890 0.000011 0.054392 200.000000 15.625000
890 0.000006 0.010398 300.000000 15.306123
900 0.000047 0.037585 100.000000 14.925373
900 0.000017 0.022425 200.000000 15.625000
900 0.000035 0.011414 300.000000 15.306123
910 0.000074 0.061398 100.000000 14.925373
910 0.000034 0.061123 200.000000 15.503876
920 0.000096 0.104204 100.000000 15.384615
920 0.000034 0.029308 200.000000 15.503876
930 0.000118 0.104486 100.000000 15.625000
930 0.000021 0.010732 200.000000 15.503876
940 0.000152 0.046906 100.000000 15.873015
940 0.000022 0.030121 200.000000 15.384615
950 0.000120 0.026892 100.000000 16.129032
950 0.000008 0.040931 200.000000 15.384615
960 0.000030 0.022264 100.000000 16.129032
960 0.000036 0.031157 200.000000 15.384615
970 0.000084 0.135620 100.000000 15.873015
970 0.000030 0.032496 200.000000 15.384615
980 0.000154 0.172348 100.000000 15.625000
990 0.000140 0.128690 100.000000 15.151515
1000 0.000188 0.107928 100.000000 14.705882
1010 0.000133 0.106550 100.000000 14.492754
1020 0.000040 0.091489 100.000000 14.492754
1030 0.000144 0.064549 100.000000 14.705882
