0 0.000135 0.016311 100.000000 7.633588
0 0.000051 0.014552 200.000000 7.782101
0 0.000021 0.012405 300.000000 7.772021
0 0.000013 0.014530 400.000000 8.146640
0 0.000009 0.014864 500.000000 8.051530
0 0.000011 0.017785 600.000000 7.957560
0 0.000014 0.016955 700.000000 8.505467
0 0.000003 0.013936 800.000000 8.528785
10 0.000363 0.034624 100.000000 8.130081
10 0.000171 0.033203 200.000000 8.000000
10 0.000102 0.030874 300.000000 7.936508
10 0.000068 0.032168 400.000000 8.281573
10 0.000057 0.033351 500.000000 8.064516
10 0.000047 0.035828 600.000000 8.042895
10 0.000045 0.035907 700.000000 8.599508
10 0.000032 0.029521 800.000000 8.592911
20 0.000356 0.033986 100.000000 8.547009
20 0.000169 0.033078 200.000000 8.163265
20 0.000098 0.030865 300.000000 8.064516
20 0.000073 0.031565 400.000000 8.403361
20 0.000073 0.033571 500.000000 7.974482
20 0.000047 0.035906 600.000000 8.130081
20 0.000046 0.036139 700.000000 8.674102
20 0.000033 0.029468 800.000000 8.658009
30 0.000105 0.014939 100.000000 8.928572
30 0.000032 0.014926 200.000000 8.230453
30 0.000036 0.012749 300.000000 8.152174
30 0.000017 0.014648 400.000000 8.474576
30 0.000035 0.016961 500.000000 7.898894
30 0.000013 0.018403 600.000000 8.196721
30 0.000015 0.017670 700.000000 8.750000
30 0.000007 0.014189 800.000000 8.686211
40 0.000121 0.016963 100.000000 9.009009
40 0.000033 0.015795 200.000000 8.230453
40 0.000046 0.014330 300.000000 8.174387
40 0.000023 0.015752 400.000000 8.528785
40 0.000020 0.018651 500.000000 7.861635
40 0.000016 0.019451 600.000000 8.241758
40 0.000019 0.018796 700.000000 8.793970
40 0.000010 0.014889 800.000000 8.629990
50 0.000215 0.024298 100.000000 9.090909
50 0.000075 0.022264 200.000000 8.196721
50 0.000083 0.021510 300.000000 8.196721
50 0.000046 0.021784 400.000000 8.547009
50 0.000033 0.025901 500.000000 7.861635
50 0.000032 0.026656 600.000000 8.287292
50 0.000032 0.026519 700.000000 8.816121
50 0.000030 0.019696 800.000000 8.333333
60 0.000169 0.018823 100.000000 9.174312
60 0.000091 0.016702 200.000000 8.163265
60 0.000063 0.016713 300.000000 8.219178
60 0.000037 0.015962 400.000000 8.547009
60 0.000026 0.021448 500.000000 7.861635
60 0.000028 0.022215 600.000000 8.333333
60 0.000013 0.021549 700.000000 8.805032
60 0.000022 0.015829 800.000000 8.281573
70 0.000065 0.016314 100.000000 9.174312
70 0.000043 0.014319 200.000000 8.163265
70 0.000034 0.014093 300.000000 8.264462
70 0.000001 0.014844 400.000000 8.528785
70 0.000009 0.017472 500.000000 7.886436
70 0.000015 0.017906 600.000000 8.391608
70 0.000044 0.016461 700.000000 8.739077
70 0.000012 0.011776 800.000000 8.281573
80 0.000039 0.013162 100.000000 9.174312
80 0.000027 0.010281 200.000000 8.130081
80 0.000011 0.010912 300.000000 8.287292
80 0.000023 0.012918 400.000000 8.492569
80 0.000030 0.013751 500.000000 7.911392
80 0.000009 0.013289 600.000000 8.438819
80 0.000036 0.010817 700.000000 8.695652
80 0.000002 0.008176 800.000000 8.290155
90 0.000073 0.011763 100.000000 8.928572
90 0.000013 0.010823 200.000000 8.032128
90 0.000004 0.011265 300.000000 8.264462
90 0.000019 0.012724 400.000000 8.438819
90 0.000030 0.015053 500.000000 7.923930
90 0.000009 0.014302 600.000000 8.474576
90 0.000026 0.011204 700.000000 8.663366
90 0.000002 0.008622 800.000000 8.281573
100 0.000021 0.014390 100.000000 8.695652
100 0.000028 0.012236 200.000000 7.936508
100 0.000014 0.014204 300.000000 8.264462
100 0.000011 0.013555 400.000000 8.368201
100 0.000024 0.017328 500.000000 7.936508
100 0.000014 0.016276 600.000000 8.522727
100 0.000007 0.013078 700.000000 8.641975
100 0.000010 0.009800 800.000000 8.273009
110 0.000104 0.014061 100.000000 8.403361
110 0.000046 0.010300 200.000000 7.874016
110 0.000017 0.014514 300.000000 8.264462
110 0.000037 0.013187 400.000000 8.316009
110 0.000013 0.016415 500.000000 7.949126
110 0.000012 0.015051 600.000000 8.559201
110 0.000007 0.011996 700.000000 8.641975
110 0.000007 0.009128 800.000000 8.273009
120 0.000015 0.007941 100.000000 8.064516
120 0.000042 0.010495 200.000000 7.843137
120 0.000011 0.012323 300.000000 8.264462
120 0.000026 0.011162 400.000000 8.264462
120 0.000010 0.014502 500.000000 7.974482
120 0.000006 0.012220 600.000000 8.608321
120 0.000008 0.010145 700.000000 8.641975
120 0.000004 0.007587 800.000000 8.273009
130 0.000025 0.011124 100.000000 7.812500
130 0.000057 0.009334 200.000000 7.782101
130 0.000029 0.010451 300.000000 8.287292
130 0.000028 0.010201 400.000000 8.113590
130 0.000019 0.013115 500.000000 8.000000
130 0.000007 0.009493 600.000000 8.658009
130 0.000015 0.008995 700.000000 8.652658
130 0.000010 0.006956 800.000000 8.255934
140 0.000042 0.012371 100.000000 7.575758
140 0.000008 0.008085 200.000000 7.782101
140 0.000014 0.010309 300.000000 8.310249
140 0.000026 0.011756 400.000000 7.677543
140 0.000009 0.013892 500.000000 8.038586
140 0.000004 0.011239 600.000000 8.695652
140 0.000008 0.009634 700.000000 8.641975
140 0.000003 0.007492 800.000000 8.188332
150 0.000071 0.012555 100.000000 7.462687
150 0.000027 0.009790 200.000000 7.751938
150 0.000013 0.012565 300.000000 8.333333
150 0.000009 0.014047 400.000000 7.604563
150 0.000013 0.014704 500.000000 8.090615
150 0.000007 0.011800 600.000000 8.733624
150 0.000008 0.010657 700.000000 8.536586
150 0.000004 0.006311 800.000000 7.662835
160 0.000049 0.008877 100.000000 7.352941
160 0.000014 0.005314 200.000000 7.782101
160 0.000013 0.012106 300.000000 8.356546
160 0.000018 0.014160 400.000000 7.575758
160 0.000009 0.014281 500.000000 8.130081
160 0.000010 0.011331 600.000000 8.759124
160 0.000006 0.008937 700.000000 8.206330
170 0.000029 0.009575 100.000000 7.299270
170 0.000021 0.008063 200.000000 7.812500
170 0.000014 0.011648 300.000000 8.333333
170 0.000012 0.014815 400.000000 7.575758
170 0.000009 0.015048 500.000000 8.183306
170 0.000054 0.013214 600.000000 8.708273
170 0.000008 0.009303 700.000000 8.158508
180 0.000045 0.008091 100.000000 7.246377
180 0.000027 0.011098 200.000000 7.843137
180 0.000027 0.012246 300.000000 8.287292
180 0.000012 0.015348 400.000000 7.604563
180 0.000010 0.015353 500.000000 8.237232
180 0.000056 0.012848 600.000000 8.633094
180 0.000010 0.009076 700.000000 8.149011
190 0.000014 0.004794 100.000000 7.194244
190 0.000019 0.009791 200.000000 7.874016
190 0.000029 0.010360 300.000000 8.264462
190 0.000037 0.014583 400.000000 7.633588
190 0.000005 0.013417 500.000000 8.305648
190 0.000029 0.010320 600.000000 8.595988
190 0.000005 0.008268 700.000000 8.158508
200 0.000105 0.005100 100.000000 7.194244
200 0.000051 0.009828 200.000000 7.905138
200 0.000053 0.011244 300.000000 8.264462
200 0.000054 0.015171 400.000000 7.677543
200 0.000011 0.011880 500.000000 8.375210
200 0.000044 0.008939 600.000000 8.595988
200 0.000013 0.007708 700.000000 8.177570
210 0.000028 0.008403 100.000000 7.246377
210 0.000032 0.013326 200.000000 7.968128
210 0.000033 0.011952 300.000000 8.241758
210 0.000035 0.018189 400.000000 7.722008
210 0.000012 0.015798 500.000000 8.445946
210 0.000009 0.012132 600.000000 8.608321
210 0.000008 0.009193 700.000000 8.196721
220 0.000046 0.006345 100.000000 7.299270
220 0.000016 0.015668 200.000000 8.064516
220 0.000037 0.012403 300.000000 8.241758
220 0.000024 0.018044 400.000000 7.766990
220 0.000011 0.015154 500.000000 8.517887
220 0.000010 0.011729 600.000000 8.633094
220 0.000008 0.008856 700.000000 8.225616
230 0.000013 0.011877 100.000000 7.352941
230 0.000062 0.022159 200.000000 8.163265
230 0.000033 0.018164 300.000000 8.264462
230 0.000033 0.020072 400.000000 7.827789
230 0.000017 0.015025 500.000000 8.591065
230 0.000021 0.012539 600.000000 8.670520
230 0.000008 0.009648 700.000000 8.244994
240 0.000104 0.012037 100.000000 7.462687
240 0.000030 0.016626 200.000000 8.298756
240 0.000022 0.013119 300.000000 8.287292
240 0.000014 0.016816 400.000000 7.905138
240 0.000006 0.012294 500.000000 8.680555
240 0.000014 0.010416 600.000000 8.720930
240 0.000006 0.007949 700.000000 8.274232
250 0.000057 0.014813 100.000000 7.633588
250 0.000007 0.016151 200.000000 8.438819
250 0.000041 0.014048 300.000000 8.287292
250 0.000009 0.018378 400.000000 7.984032
250 0.000012 0.014958 500.000000 8.771930
250 0.000011 0.012184 600.000000 8.771930
250 0.000006 0.008891 700.000000 8.303678
260 0.000084 0.007296 100.000000 7.751938
260 0.000036 0.016045 200.000000 8.547009
260 0.000016 0.014084 300.000000 8.021390
260 0.000020 0.017543 400.000000 8.064516
260 0.000008 0.012422 500.000000 8.849558
260 0.000015 0.011351 600.000000 8.810573
260 0.000007 0.008772 700.000000 8.313540
270 0.000052 0.004113 100.000000 7.874016
270 0.000003 0.013208 200.000000 8.658009
270 0.000045 0.015856 300.000000 7.692307
270 0.000011 0.018429 400.000000 8.130081
270 0.000009 0.014688 500.000000 8.928572
270 0.000005 0.012410 600.000000 8.823529
270 0.000009 0.009740 700.000000 8.264462
280 0.000089 0.005724 100.000000 7.936508
280 0.000027 0.013271 200.000000 8.771930
280 0.000021 0.018831 300.000000 7.614213
280 0.000004 0.018769 400.000000 8.213552
280 0.000011 0.014759 500.000000 9.009009
280 0.000005 0.012658 600.000000 8.784773
280 0.000008 0.005399 700.000000 7.803791
290 0.000142 0.013187 100.000000 8.064516
290 0.000041 0.016699 200.000000 8.849558
290 0.000025 0.022055 300.000000 7.614213
290 0.000026 0.022430 400.000000 8.281573
290 0.000026 0.020562 500.000000 9.057971
290 0.000017 0.014866 600.000000 8.403361
300 0.000060 0.006380 100.000000 8.196721
300 0.000014 0.013014 200.000000 8.928572
300 0.000015 0.018037 300.000000 7.633588
300 0.000011 0.017536 400.000000 8.368201
300 0.000020 0.013923 500.000000 9.074410
300 0.000008 0.009818 600.000000 8.321775
310 0.000060 0.010581 100.000000 8.333333
310 0.000038 0.014036 200.000000 8.888889
310 0.000021 0.018250 300.000000 7.672634
310 0.000006 0.017016 400.000000 8.456659
310 0.000072 0.013789 500.000000 9.009009
310 0.000005 0.009764 600.000000 8.310249
320 0.000019 0.017619 100.000000 8.474576
320 0.000044 0.012758 200.000000 8.849558
320 0.000027 0.018101 300.000000 7.731959
320 0.000006 0.016639 400.000000 8.547009
320 0.000078 0.012970 500.000000 8.944544
320 0.000007 0.009531 600.000000 8.321775
330 0.000058 0.017973 100.000000 8.620689
330 0.000041 0.012924 200.000000 8.849558
330 0.000048 0.019421 300.000000 7.772021
330 0.000005 0.016382 400.000000 8.620689
330 0.000029 0.012215 500.000000 8.912656
330 0.000006 0.009584 600.000000 8.333333
340 0.000050 0.016748 100.000000 8.695652
340 0.000049 0.012592 200.000000 8.849558
340 0.000051 0.020988 300.000000 7.832898
340 0.000011 0.016654 400.000000 8.714597
340 0.000039 0.012227 500.000000 8.912656
340 0.000013 0.009681 600.000000 8.356546
350 0.000052 0.029832 100.000000 8.849558
350 0.000045 0.017149 200.000000 8.771930
350 0.000052 0.024142 300.000000 7.894737
350 0.000009 0.018107 400.000000 8.810573
350 0.000009 0.013403 500.000000 8.928572
350 0.000007 0.010193 600.000000 8.368201
360 0.000079 0.036744 100.000000 8.928572
360 0.000038 0.019377 200.000000 8.771930
360 0.000031 0.024026 300.000000 7.936508
360 0.000008 0.016937 400.000000 8.888889
360 0.000016 0.013074 500.000000 8.960573
360 0.000007 0.010006 600.000000 8.391608
370 0.000042 0.035653 100.000000 9.090909
370 0.000026 0.020646 200.000000 8.733624
370 0.000013 0.023685 300.000000 8.000000
370 0.000009 0.017143 400.000000 8.988764
370 0.000012 0.013655 500.000000 8.976661
370 0.000009 0.009954 600.000000 8.403361
380 0.000048 0.039153 100.000000 9.259259
380 0.000040 0.023332 200.000000 8.620689
380 0.000017 0.028297 300.000000 8.086253
380 0.000020 0.022331 400.000000 9.070294
380 0.000005 0.017937 500.000000 9.009009
380 0.000015 0.013113 600.000000 8.415147
390 0.000038 0.030036 100.000000 9.433962
390 0.000036 0.021032 200.000000 7.843137
390 0.000008 0.025229 300.000000 8.152174
390 0.000013 0.018833 400.000000 9.174312
390 0.000008 0.015203 500.000000 9.025270
390 0.000010 0.011343 600.000000 8.379889
400 0.000064 0.031795 100.000000 9.615385
400 0.000023 0.028018 200.000000 7.462687
400 0.000017 0.024838 300.000000 8.241758
400 0.000007 0.016360 400.000000 9.237875
400 0.000015 0.014603 500.000000 9.009009
400 0.000009 0.011059 600.000000 8.241758
410 0.000077 0.030423 100.000000 9.708738
410 0.000048 0.028805 200.000000 7.380074
410 0.000028 0.024166 300.000000 8.310249
410 0.000012 0.014313 400.000000 9.302325
410 0.000017 0.014136 500.000000 8.650519
420 0.000049 0.021298 100.000000 9.615385
420 0.000041 0.023729 200.000000 7.352941
420 0.000012 0.020413 300.000000 8.379889
420 0.000034 0.012993 400.000000 9.280743
420 0.000001 0.010156 500.000000 8.319468
430 0.000094 0.019584 100.000000 9.345795
430 0.000039 0.022083 200.000000 7.352941
430 0.000013 0.019145 300.000000 8.474576
430 0.000095 0.014661 400.000000 9.132421
430 0.000003 0.009748 500.000000 8.278146
440 0.000087 0.020473 100.000000 9.090909
440 0.000072 0.019499 200.000000 7.380074
440 0.000015 0.016625 300.000000 8.547009
440 0.000069 0.011407 400.000000 9.009009
440 0.000006 0.007797 500.000000 8.264462
450 0.000081 0.020778 100.000000 8.928572
450 0.000078 0.023887 200.000000 7.407407
450 0.000017 0.018740 300.000000 8.645534
450 0.000046 0.012395 400.000000 8.948545
450 0.000003 0.008437 500.000000 8.264462
460 0.000083 0.021708 100.000000 8.695652
460 0.000064 0.026171 200.000000 7.434944
460 0.000033 0.020933 300.000000 8.746356
460 0.000023 0.014068 400.000000 8.928572
460 0.000017 0.008682 500.000000 8.264462
470 0.000047 0.014953 100.000000 8.474576
470 0.000023 0.021023 200.000000 7.462687
470 0.000021 0.016572 300.000000 8.823529
470 0.000013 0.010825 400.000000 8.928572
470 0.000013 0.006523 500.000000 8.264462
480 0.000024 0.010867 100.000000 8.196721
480 0.000003 0.020245 200.000000 7.518797
480 0.000018 0.015395 300.000000 8.928572
480 0.000007 0.010163 400.000000 8.928572
480 0.000005 0.006089 500.000000 8.250825
490 0.000044 0.012879 100.000000 7.575758
490 0.000020 0.023810 200.000000 7.575758
490 0.000016 0.016982 300.000000 9.009009
490 0.000008 0.011904 400.000000 8.908686
490 0.000008 0.007416 500.000000 8.223684
500 0.000139 0.028180 100.000000 6.172840
500 0.000020 0.026138 200.000000 7.633588
500 0.000015 0.017936 300.000000 9.090909
500 0.000009 0.012955 400.000000 8.869180
500 0.000011 0.009008 500.000000 8.077544
510 0.000046 0.037047 100.000000 5.917160
510 0.000025 0.027055 200.000000 7.692307
510 0.000018 0.017959 300.000000 9.146341
510 0.000010 0.013220 400.000000 8.547009
520 0.000043 0.040813 100.000000 5.882353
520 0.000015 0.028319 200.000000 7.812500
520 0.000010 0.018042 300.000000 9.146341
520 0.000019 0.011862 400.000000 8.048289
530 0.000028 0.045606 100.000000 5.952381
530 0.000029 0.031355 200.000000 7.968128
530 0.000089 0.022052 300.000000 9.090909
530 0.000020 0.014751 400.000000 8.016032
540 0.000025 0.044655 100.000000 6.060606
540 0.000044 0.031796 200.000000 8.130081
540 0.000106 0.022729 300.000000 8.982036
540 0.000029 0.014501 400.000000 8.032128
550 0.000062 0.048961 100.000000 6.134969
550 0.000040 0.032425 200.000000 8.298756
550 0.000039 0.022063 300.000000 8.928572
550 0.000023 0.014486 400.000000 8.064516
560 0.000080 0.053957 100.000000 6.250000
560 0.000054 0.034105 200.000000 8.438819
560 0.000043 0.022696 300.000000 8.928572
560 0.000021 0.014802 400.000000 8.080808
570 0.000068 0.056010 100.000000 6.410256
570 0.000089 0.037738 200.000000 8.658009
570 0.000026 0.026331 300.000000 8.955224
570 0.000044 0.016319 400.000000 8.130081
580 0.000095 0.050400 100.000000 6.535948
580 0.000060 0.029782 200.000000 8.849558
580 0.000028 0.018824 300.000000 9.009009
580 0.000026 0.011726 400.000000 8.163265
590 0.000104 0.041194 100.000000 6.666667
590 0.000049 0.022659 200.000000 9.049774
590 0.000040 0.015856 300.000000 9.063444
590 0.000036 0.009735 400.000000 8.196721
600 0.000019 0.036888 100.000000 6.849315
600 0.000026 0.020894 200.000000 9.259259
600 0.000012 0.012890 300.000000 9.146341
600 0.000009 0.007844 400.000000 8.230453
610 0.000108 0.044730 100.000000 7.092198
610 0.000072 0.029146 200.000000 9.523809
610 0.000023 0.018348 300.000000 9.259259
610 0.000031 0.011383 400.000000 8.281573
620 0.000061 0.040869 100.000000 7.462687
620 0.000041 0.023455 200.000000 9.852217
620 0.000016 0.014968 300.000000 9.404388
620 0.000022 0.009264 400.000000 8.368201
630 0.000024 0.037363 100.000000 7.936508
630 0.000024 0.018284 200.000000 10.256411
630 0.000015 0.012492 300.000000 9.646302
630 0.000011 0.008478 400.000000 8.492569
640 0.000058 0.035633 100.000000 8.547009
640 0.000028 0.015844 200.000000 10.752688
640 0.000022 0.011337 300.000000 9.900990
640 0.000008 0.007931 400.000000 8.620689
650 0.000128 0.026858 100.000000 9.174312
650 0.000044 0.006833 200.000000 11.235955
650 0.000048 0.007761 300.000000 10.135135
650 0.000024 0.004671 400.000000 8.714597
660 0.000141 0.022117 100.000000 9.803922
660 0.000052 0.004937 200.000000 11.764706
660 0.000053 0.007121 300.000000 10.344828
660 0.000026 0.004351 400.000000 8.733624
670 0.000076 0.016841 100.000000 10.416667
670 0.000025 0.006944 200.000000 12.195122
670 0.000035 0.006022 300.000000 10.380623
670 0.000013 0.004885 400.000000 8.492569
680 0.000021 0.019057 100.000000 10.989011
680 0.000032 0.014116 200.000000 12.500000
680 0.000015 0.006962 300.000000 9.677420
690 0.000052 0.018023 100.000000 11.494253
690 0.000018 0.015979 200.000000 12.578616
690 0.000031 0.004204 300.000000 9.090909
700 0.000050 0.018262 100.000000 11.904762
700 0.000161 0.011852 200.000000 12.048193
700 0.000021 0.005365 300.000000 9.009009
710 0.000128 0.023334 100.000000 12.345679
710 0.000074 0.013862 200.000000 11.494253
710 0.000046 0.007276 300.000000 8.955224
720 0.000176 0.026123 100.000000 12.820513
720 0.000038 0.014195 200.000000 11.235955
720 0.000053 0.006854 300.000000 8.902077
730 0.000171 0.025101 100.000000 13.333333
730 0.000073 0.010128 200.000000 11.049724
730 0.000055 0.005249 300.000000 8.875740
740 0.000058 0.016289 100.000000 13.698630
740 0.000021 0.003176 200.000000 10.928962
740 0.000026 0.005999 300.000000 8.823529
750 0.000030 0.014464 100.000000 14.084507
750 0.000029 0.002759 200.000000 10.810811
750 0.000023 0.006957 300.000000 8.746356
760 0.000041 0.016683 100.000000 14.285714
760 0.000017 0.004401 200.000000 10.582010
760 0.000017 0.007093 300.000000 8.426967
770 0.000054 0.022339 100.000000 14.084507
770 0.000021 0.005966 200.000000 8.928572
780 0.000322 0.005945 100.000000 12.500000
780 0.000041 0.009374 200.000000 8.032128
790 0.000197 0.009076 100.000000 10.416667
790 0.000035 0.011635 200.000000 7.812500
800 0.000115 0.012490 100.000000 9.523809
800 0.000024 0.013107 200.000000 7.633588
810 0.000070 0.015171 100.000000 9.009009
810 0.000024 0.013888 200.000000 7.462687
820 0.000078 0.018825 100.000000 8.620689
820 0.000012 0.015049 200.000000 7.272727
830 0.000059 0.023706 100.000000 8.130081
830 0.000026 0.015244 200.000000 6.825939
840 0.000053 0.029292 100.000000 6.211180
850 0.000139 0.046580 100.000000 5.813953
860 0.000375 0.050902 100.000000 5.882353
870 0.000403 0.054724 100.000000 6.024096
880 0.000364 0.047577 100.000000 6.134969
890 0.000132 0.027023 100.000000 6.211180
900 0.000200 0.033575 100.000000 6.289308
910 0.000037 0.017649 100.000000 6.329114
920 0.000078 0.018706 100.000000 6.329114
930 0.000059 0.018601 100.000000 6.289308
940 0.000058 0.015834 100.000000 6.172840
950 0.000073 0.014553 100.000000 5.882353
960 0.000074 0.028040 100.000000 5.128205
970 0.000047 0.064250 100.000000 4.405286
