1.0 0.0 0.0 0.0 0.0 1.0 0.0 0.0 0.0 0.0 1.0 0.0
0.9999995584515585 -0.0008719233911055817 -0.0001979880887059871 0.0013030201890119849 0.0008721840440190733 0.9999987801297975 0.001298637439495404 -0.01734380668807527 0.00019685594689691413 -0.0012988113230271003 0.9999991686614775 1.2587337205978546
0.9999984517662303 -0.0016823153288240272 -0.0005564811743675341 0.00047649100265339346 0.0016833239207442122 0.999996924570647 0.001814488290925623 -0.042420043416696265 0.0005534319118149678 -0.0018154262899413194 0.9999982647572377 2.645973206003368
0.9999939287385947 -0.0034016720673342707 -0.0007308765430547019 0.0020193004236639745 0.003402052109847418 0.9999940204699571 0.0005192298479365138 -0.06255894855351501 0.0007291105348925118 -0.0005217167676906053 0.9999996243546664 3.9083561002687235
0.9999931530059658 -0.003638969507306658 -0.0006364913743923782 0.002830042183327758 0.003639498923595439 0.9999929860997812 0.0008352185017389586 -0.08540717975751393 0.0006334534644585584 -0.0008375323653149641 0.9999994811067932 5.302267688559882
0.9999921623346893 -0.003919939061769129 -0.0005142542170965916 0.004162608756653386 0.003920780856968747 0.9999910649828082 0.0016305470409618082 -0.10141206235834871 0.0005078616030106103 -0.0016325512589282162 0.9999986136267387 6.572220065186443
0.9999847797736056 -0.005508475357520942 -0.00040815834467991465 0.007543579100443334 0.005509538823654986 0.9999813108369862 0.002649565920757783 -0.11589142127979787 0.00039355449625531403 -0.0026517767080394814 0.9999964662251019 7.8454790333468445
0.9999864834926208 -0.00516813849892954 -0.0006002025927710036 0.008317300320613006 0.005170235920796231 0.9999803796202957 0.0035427976712877176 -0.13303805427892432 0.0005818892206438792 -0.003545855451530687 0.9999936290681951 9.249435554193735
0.9999886405133269 -0.004687957419787984 -0.000856676685829838 0.0077568964900618965 0.004689592838022333 0.999987199218667 0.0019166222041591791 -0.1494072513481375 0.0008476802318519294 -0.0019206193748529691 0.9999978537222702 10.526354374819679
0.9999979768248722 -0.001784269256938171 -0.000947597845186193 0.006684303117565951 0.0017834878336169496 0.9999981341327038 -0.000826073737518874 -0.16385405350074203 0.0009490685139357326 0.0008243790844303041 0.9999992842788085 11.934619427583115
0.9999986419404844 0.0015309802626979295 -0.0006208027476778328 0.003474072177740863 -0.00153205660655422 0.9999973482128306 -0.0017380060436871922 -0.17658763672082195 0.0006181493112887775 0.0017389543833729985 0.9999983002252809 13.219236548327125
0.9999922028134566 0.003915924640798506 -0.0005353453599083789 -0.0016702750603052664 -0.003916784726161275 0.9999910868738112 -0.0016239280167318134 -0.19494247352655666 0.000528987149754139 0.0016260089031876917 0.9999986555641479 14.507421450908614
0.9999864930256256 0.005182675639772257 -0.0003821467376981309 -0.005826387279688249 -0.005183002246265788 0.9999862157300472 -0.0008659846940264877 -0.21792488572089047 0.0003776585831459059 0.0008679538479376736 0.9999995512230069 15.928629823120257
0.9999950800597689 0.00313053622953363 2.3358029260435087e-05 -0.004412705096828373 -0.0031305713055261386 0.999993664468055 0.0016857588821758366 -0.23588152673661916 -1.8080612326647936e-05 -0.0016858279681026115 0.999998643455718 17.225307108471515
0.9999995440590702 -0.000954896054838904 0.00024747132014262273 0.0006068689568522732 0.0009539135365009234 0.9999918052172768 0.0039363799076492095 -0.2541809284468333 -0.00025123044543799955 -0.0039361440479888776 0.9999922276177865 18.654144502824398
0.9999934784568656 -0.003607914218698116 -3.506552921420887e-05 0.005045442147903573 0.003607974254615661 0.9999918126933899 0.00185922748080627 -0.2695928145365045 2.8364922013424487e-05 -0.001859343416331751 0.9999983011983197 19.95206032168286
0.999987336490352 -0.005019618389440107 -0.0002036304678948973 0.00396203071051455 0.005019491619740889 0.9999871800307354 -0.0006272680963160057 -0.2943819209888872 0.00020678034175516737 0.0006262352396188073 0.9999998087591179 21.384696805762083
0.9999958742769791 -0.002848038544659372 0.00042610119335107725 -0.0007234683818526337 0.002848917687160957 0.9999938132084438 -0.002081472541216823 -0.32228364009291643 -0.0004201637272880246 0.0020826759323870287 0.9999977807703461 22.690821545890643
0.9999993106924221 9.83006277159651e-05 0.0012184185823887223 -0.007242829505806507 -9.704200459314345e-05 0.9999994641166944 -0.0010335402651943503 -0.3460262004454954 -0.001218518206198354 0.001033417918660644 0.9999987682930919 24.002921727103605
0.9999971200855744 0.001416237473009886 0.0019499203415994464 -0.009627785528924073 -0.0014267828257548557 0.9999843197122008 0.005416268592966412 -0.36913166743194653 -0.0019422107744782344 -0.005419037289745417 0.9999834673537166 25.455235346156524
0.9999966947337947 -0.0009322564538845135 0.002381869397691083 -0.005209240990697865 0.0009191583015841992 0.9999844495018514 0.005495643617967494 -0.38669976432599457 -0.002386943358211229 -0.00549343737597477 0.9999821248000633 26.77231344935472
0.9999837272486642 -0.00534852436389115 0.00195394797086746 0.0020938988960916964 0.005341072837302322 0.9999785106504646 0.0038002776520030227 -0.4107913702182908 -0.0019742276570192657 -0.003789783078226418 0.9999909549643304 28.223438391479455
0.9999804193109728 -0.0059242067795094375 0.0019822862290946766 0.005292376411212658 0.005921583744411643 0.9999815773549225 0.0013281013069800858 -0.4328211812299675 -0.0019901106888502254 -0.001316337576098557 0.9999971531735052 29.54412922313373
0.9999789026022111 -0.006018626803600838 0.002433848386285039 0.00792888800600026 0.006021093232464705 0.9999813754360022 -0.0010065499652891067 -0.4605109063497262 -0.002427743719394392 0.0010211791924457777 0.9999966148095467 31.00136944691436
0.9999908365346246 -0.002851773891583494 0.0031770194459417025 0.006875299347902586 0.002856266025180429 0.9999949372553939 -0.0014078446102357514 -0.48536815329991695 -0.00317297487544778 0.0014169026230162252 0.999994048853073 32.33005938421164
0.9999917849238233 -0.0019375696745683514 0.0035739619329920114 0.008286370842788616 0.0019500756193772087 0.9999920553953441 -0.0034981187224757387 -0.511459263431271 -0.0035671609880879966 0.003505058945068562 0.9999875254058413 33.66002420269261
0.9999933745814252 -0.0010123028327686527 0.003498366802744614 0.010259580617512221 0.0010260414866966076 0.9999917346824528 -0.003926391803707244 -0.5440444631347133 -0.0034943696447191164 0.003929952206950584 0.9999861887715678 35.12856584458885
0.9999937437863924 -0.0009645019676633483 0.0034186749393154917 0.012110206968101464 0.0009703255629396829 0.999998153656347 -0.001701149647242163 -0.5744106907451806 -0.003417033407335115 0.0017044545672982474 0.9999927701838982 36.46899427247285
0.9999955135487861 -8.088570811511531e-05 0.002987047155493003 0.015234467855337872 8.113887870482605e-05 1.0000000234335793 -8.430813174373984e-05 -0.6010840095439767 -0.0029870318709674993 8.454773042050926e-05 0.9999955956685421 37.94585311179458
0.9999924412715594 0.002519351435672648 0.0029642749430700854 0.017017982571946477 -0.002518205098816564 0.9999967415167511 -0.00039074968394426854 -0.6241409967680169 -0.0029652429165430514 0.0003832775273194623 0.9999956014275706 39.288122163519546
0.999982905489234 0.004969229885039389 0.0031028927571889802 0.019495088459163163 -0.004967411019622164 0.9999875208240817 -0.000594850970996877 -0.6429020886645792 -0.003105813321326312 0.0005794246085795854 0.9999950577050154 40.633287574970886
0.999969014295063 0.007226509253491135 0.003109484243229921 0.019247757875149395 -0.007226362067283628 0.9999738956414045 -5.862607929101282e-05 -0.6713693607216341 -0.0031098244870907893 3.61522826135187e-05 0.999995199368296 42.11722538627586
0.9999610426865609 0.008344330950899932 0.002857126432018002 0.021273651927937995 -0.008345014739298752 0.9999651708158348 0.00022766742230351787 -0.6938624757258419 -0.002855114548079953 -0.00025150442910351145 0.9999959391596378 43.46916646897605
0.9999709336864144 0.007243030488243528 0.0023935944466496307 0.026423440404927966 -0.007242535246053299 0.9999738121746757 -0.00021403842849419027 -0.7188671916905526 -0.0023950823573929414 0.00019669583329057178 0.9999971506702489 44.95846984159816
0.9999777959332495 0.00644022154670789 0.0017323767874271698 0.030894060090452286 -0.0064387968568136895 0.9999789560866195 -0.000827007868668255 -0.7392029044481322 -0.0017376676617909287 0.0008158344918215004 0.9999981541288613 46.31546758166325
0.9999828651861512 0.0058183768787216615 0.0007157811002202344 0.034123803668660496 -0.005818347950826827 0.9999831311007288 -3.745223415376359e-05 -0.7625379272880891 -0.0007159910046125414 3.3285135039136696e-05 0.999999811770913 47.81296441993722
0.9999818249176399 0.00602313477309945 -0.0002465832463447631 0.033648868599748714 -0.006022940449335179 0.9999815644963367 0.0007825063123347715 -0.7845659257269736 0.0002513023988832209 -0.0007810123754728099 0.999999785874567 49.17766118625141
0.9999769677977692 0.0066571244116034895 -0.0012641028483696439 0.03191749288654152 -0.006655794169846747 0.9999772858578926 0.0010517582150739242 -0.8054111469818963 0.0012710844834952198 -0.0010433212797686942 0.9999986576664887 50.54450475123219
0.9999748204923203 0.0066526913321537425 -0.002503898960298528 0.02894753449850773 -0.006650979955763697 0.9999776916983013 0.0006921556913909184 -0.8274499734080417 0.002508444301571076 -0.0006754881195033879 0.9999967332340407 52.05022635357382
0.9999697161294773 0.006913144201982845 -0.003573774361082423 0.025517406307540607 -0.006906291745855242 0.999974291376898 0.0019272800006568302 -0.8455253544103752 0.0035870093891667123 -0.0019025436592588476 0.9999918091311891 53.422650774068664
0.9999754512936129 0.005442154608137277 -0.004412659806649255 0.02073819721354117 -0.005429363599366289 0.9999810466804394 0.002905379577657032 -0.8681783284550809 0.004428392029682404 -0.0028813503329255473 0.9999860326725444 54.9333890102757
0.9999793093958084 0.004009373878252235 -0.005027330724117474 0.01688690271879662 -0.003995230119056891 0.9999880463776613 0.0028206640776647154 -0.8874149761871195 0.0050385840376651605 -0.0028005211281712915 0.9999834010548341 56.306102229417775
0.9999824691876535 0.0017798699867627881 -0.0056500411136833255 0.013435215206070095 -0.0017665208275342767 0.9999956024168604 0.00236762343140924 -0.9070870148243297 0.005654234181409723 -0.002357605138973442 0.9999813033915936 57.67810477623048
0.9999835507193183 0.0003616764564011933 -0.0057213545136307505 0.010099368368112495 -0.000345465273413355 0.9999959800102266 0.0028336222063984197 -0.925845918901988 0.005722356883173177 -0.0028315990564464284 0.999979660354291 59.18714201009081
0.9999856222703711 -0.0008036253574591492 -0.005307992790140173 0.006700884711815439 0.0008219276491430042 0.9999937899166916 0.003446016458764651 -0.9446965864604044 0.005305184460347698 -0.0034503318692499442 0.9999800376796237 60.55800559796721
0.9999861518518847 -0.0019161543264870438 -0.0049016623292033965 0.002715408681295254 0.0019361435119509287 0.9999898168812464 0.004075625092634457 -0.9661177004725228 0.004893804623920001 -0.004085062676116055 0.9999797611089025 62.06446252386762
0.9999827636779655 -0.0037738175555982814 -0.004490158678311965 -0.00120528551928961 0.0037902786114271153 0.9999861256849398 0.003662926439898981 -0.9882777304211537 0.004476276272559264 -0.0036798854295558097 0.9999832953109193 63.43079768057273
0.999977800464341 -0.005292358048058559 -0.004036670912405259 -0.0026347971534179254 0.005303830075607416 0.9999819485817035 0.0028351710532172787 -1.0077934250180165 0.004021601441190291 -0.0028565205153942216 0.9999878858315447 64.79418781353108
0.999980945412899 -0.005195884187268183 -0.0033499682930473516 -0.005893871601739287 0.0052034052556352624 0.9999840023686438 0.002239969173528609 -1.0305352834649912 0.0033382764949846434 -0.0022573591130187047 0.9999919447527608 66.29145483952216
0.9999903744884314 -0.0035569452560278393 -0.0025655504823468224 -0.009648073104204524 0.0035627630840539444 0.9999910853496135 0.0022655129895977908 -1.0501154501584662 0.002557468947267564 -0.00227463267620908 0.9999941592950631 67.6506681016844
0.9999977165308477 -0.0005349312586638657 -0.002044592538656936 -0.01948675308955533 0.0005424443767869228 0.9999931156042349 0.0036763578773356623 -1.0773709412929806 0.0020426179374379004 -0.0036774591948356534 0.9999911452588451 69.1449245749967
0.999994743445063 0.0029747058538050135 -0.0012956745904289576 -0.026816365929120182 -0.0029682661055761986 0.9999834204221745 0.004942429645138396 -1.0982668799063966 0.001310362369189956 -0.0049385600273965735 0.9999870652364704 70.50068405842525
0.9999763265577688 0.006858688218670863 -0.0004985576528294825 -0.03532261245447863 -0.0068558519656691875 0.999961479105527 0.005481891547944383 -1.119689849285703 0.0005361347338208467 -0.005478343576927172 0.9999848172933568 71.98770825834698
0.999937484164043 0.01117732978186529 0.00014177811691681898 -0.042063299416476976 -0.01117790961667049 0.9999244916353389 0.005097903472289785 -1.1368084556496056 -8.477986317575106e-05 -0.005099172186325332 0.999987037087247 73.33629814338319
0.9998995001588384 0.014151894459158335 0.0008283629216599047 -0.046444216522122515 -0.014155574149657894 0.9998891759985483 0.004618264353494842 -1.1532280070755174 -0.0007629043778776193 -0.0046295287547210495 0.999989097836358 74.68234134536472
0.9998646367687106 0.016380038786821406 0.0015535686373281438 -0.05318991781365173 -0.016386641046525638 0.9998563651015592 0.004334985528422223 -1.178395989428587 -0.0014823292449033275 -0.004359858346608014 0.9999894078542132 76.16063390381312
0.9998592899493024 0.016668993057970753 0.0018826226081897857 -0.05450281785666368 -0.016677252437135952 0.9998510054237534 0.004457971217303784 -1.1983385496563899 -0.0018080269389548298 -0.00448874351941477 0.9999883506174916 77.50289837785512
0.9998798402622745 0.015366052714732431 0.0020393240529522723 -0.05263095934009832 -0.015375279424904426 0.999871271159087 0.00458762248509327 -1.2195278989003375 -0.0019685659269294002 -0.004618426568503381 0.9999874337498039 78.97574692683499
0.9998965482016078 0.014246066859825355 0.001961802004516036 -0.0494230587549329 -0.014253205417672232 0.9998916569517241 0.0036728428724800517 -1.237416374360271 -0.0019092651025945098 -0.0037004274073107026 0.9999913708151652 80.31084084765834
0.9999075072762885 0.013496512175661408 0.0016883966688746469 -0.04872435939626237 -0.013502423484229776 0.9999026031946457 0.0035382553187243725 -1.2582917340715927 -0.001640471193575745 -0.0035607259163106136 0.999992353791384 81.64369753819146
0.9999073662858968 0.013534439072838526 0.0014414142363251713 -0.04833246868630797 -0.013539851294789311 0.9999010409894193 0.003812271660194679 -1.279870038692505 -0.0013896761831954248 -0.0038314378464526008 0.9999917164571718 83.10849147199238
0.9999140015635566 0.013080257460050902 0.0009276943716046999 -0.052366023477877735 -0.013083251387836729 0.9999089757365287 0.0032968137686236014 -1.3004029682789346 -0.0008844836909940054 -0.003308668483810244 0.9999941501462685 84.43903901460163
0.9999098280584061 0.013430869978943015 0.00015852706451377507 -0.06106242614209906 -0.013431366913855231 0.9999030195810722 0.003692407027414025 -1.321885123373962 -0.00010891909597338613 -0.0036942060693881716 0.9999932434189029 85.89914022656438
0.9999141651904682 0.013077738886968155 -0.0007354150424069704 -0.07498261223619361 -0.013074397478641402 0.9999049400350121 0.004377317812819164 -1.344445846729696 0.0007925951513287098 -0.004367328138765367 0.999990171797667 87.2284374253475
0.9999374975566178 0.011036687294117668 -0.0018210814530333099 -0.08361633163048363 -0.01102669025894431 0.9999245277651528 0.005413859729202155 -1.3629956066184385 0.0018806968315090962 -0.0053934452657818915 0.9999837626780333 88.55440894232949
0.9999566832183084 0.008779222887074514 -0.0030909302184464736 -0.09812067888228268 -0.008760040555643257 0.9999426635373327 0.006166030442761067 -1.3837305632816552 0.0031448883828971543 -0.006138685306954 0.9999762542798283 90.00809569338718
0.999969694775091 0.006848702308400862 -0.0036962082937760455 -0.11040795679412906 -0.006825143510975833 0.9999565490818133 0.00634959620072881 -1.4001942096000675 0.003739542034685908 -0.006324178590556161 0.9999730174073544 91.32415021835114
0.9999761733561482 0.005483303097236729 -0.004194779466134869 -0.12866599157213263 -0.00545961962797639 0.9999691753807232 0.005637252466965376 -1.4195097658854678 0.00422556518403965 -0.005614219209640517 0.9999753653943596 92.76731518566392
0.999980822462193 0.00428289907944043 -0.004465212805903923 -0.14503109586875618 -0.0042599491882134004 0.9999777217798009 0.005136669774840319 -1.436697186190737 0.004487127993074558 -0.005117553533209465 0.9999769252716277 94.07567446089641
0.9999772441410478 0.004940676228158539 -0.004597602051991955 -0.1705282514197297 -0.004918974991983975 0.9999767827183902 0.004719635652167648 -1.4580778148360023 0.004620815685756926 -0.004696913817200736 0.9999783555470535 95.50978669633409
0.999978619526637 0.004750752345223584 -0.0044841473362582105 -0.19131434731011365 -0.004732580033549893 0.9999805485313243 0.004054271337889833 -1.4773379369622495 0.004503319424459042 -0.0040329654552611425 0.9999817504468593 96.81020448776015
0.9999763210666481 0.00541740157027947 -0.004256758303965305 -0.21113713435300277 -0.005403038170284837 0.9999797272298987 0.003378086497160614 -1.4967923510994745 0.004274967859910421 -0.003355009114525511 0.9999852761671099 98.10862912707981
0.9999674698498238 0.007079548015813493 -0.003869286897944216 -0.23458135563176713 -0.00706584221725717 0.9999687395143148 0.0035448425842741103 -1.5191230272876424 0.003894267247020482 -0.0035173899858937383 0.9999862126110842 99.53481001160678
0.9999651678682165 0.007519010839610818 -0.0036277624505967553 -0.24810824292240632 -0.007501320058859186 0.9999599968370352 0.004866617860547342 -1.5357416419972052 0.003664213599099192 -0.004839238986872278 0.9999816160812671 100.82864936748305
0.999955096647794 0.00881989813570534 -0.0034546351302276626 -0.2699662996736998 -0.008797685484882335 0.9999408675665777 0.006393244540172708 -1.5578861137419944 0.0035108279970369675 -0.006362564603246309 0.9999736346077588 102.24938440511006
0.9999596505622637 0.00831014522467724 -0.0034113736300874146 -0.28663362262759967 -0.008292576302486402 0.9999524709639586 0.005133320163013481 -1.5763687304939964 0.003453874120795965 -0.005104825069997082 0.9999810636274559 103.536600957849
0.9999608129200436 0.0082041311059584 -0.0033345878752767577 -0.3047653004243094 -0.00819568523858731 0.9999632024237073 0.002538967501386715 -1.5964712728208408 0.003355305757647426 -0.0025115445336646412 0.9999913096044778 104.8209687528616
0.99996541195216 0.007600142863302977 -0.0033828151613036947 -0.3155977674056599 -0.0075956363609723555 0.9999702507346733 0.0013434401304459847 -1.6149069382130383 0.003392932873201823 -0.0013177037864768723 0.9999934530156924 106.23527330604445
0.9999792894887556 0.005559102766484638 -0.003249603235965842 -0.33381837332649994 -0.005550723109840629 0.9999812438213851 0.0025821555197434406 -1.639111255197509 0.0032639014188781713 -0.002564067964385374 0.9999914703753646 107.52721378812792
0.9999918657486185 0.003093179125763189 -0.0025910759177623505 -0.3514708725178532 -0.003080827101466764 0.9999839535498406 0.004756856316622815 -1.6633467632001437 0.0026057414766638286 -0.004748834452626132 0.9999853405367664 108.94304735201766
0.9999973361750117 0.0015733552319206698 -0.0017103224590118164 -0.37352893818378324 -0.001564101127729503 0.9999841856330653 0.005399770479983863 -1.6878171998212517 0.0017187947656350027 -0.005397080981489965 0.9999839419606869 110.22802640949914
0.9999992808964169 0.0006012226965396894 -0.0010277320382259855 -0.3933149676412463 -0.0005970492315341058 0.9999916537763531 0.004053109784780596 -1.7102467943046218 0.0010301747658295005 -0.004052494450266412 0.9999913270282524 111.50708170347757
0.9999965240653538 0.0026135652807653563 -0.0003183935738009502 -0.4136406386239635 -0.0026130764034655207 0.9999954461075639 0.0015163572881484475 -1.7354460706730361 0.00032236053494665284 -0.001515522568887523 0.9999988531145788 112.91009988837634
0.9999897161833206 0.004466721875344883 0.0007151145840367445 -0.4216063329933096 -0.004466249872335797 0.9999898546370122 -0.0006537101208672718 -1.7546866266813121 -0.0007180093816578882 0.0006505070156228751 0.999999604398221 114.18404895234589
0.9999685625979561 0.007621201556087868 0.0022057906043907783 -0.4295337816956989 -0.0076194028843008625 0.999970656101611 -0.0008230048850616728 -1.7768040444086728 -0.0022120022916934344 0.00080617153170219 0.9999972297149426 115.58823148292522
0.9999529977431134 0.009004444001334011 0.0035882317654674406 -0.4332980102548509 -0.00900900384229072 0.9999586509225753 0.0012565177937603734 -1.7953023030063746 -0.003576764317584827 -0.0012887872059819663 0.9999928576761212 116.86811089816734
0.9999481158681693 0.009041914234357226 0.004705579730412083 -0.43310124435866815 -0.009059583142623586 0.9999519368341409 0.0037469821541453543 -1.8137137877329041 -0.0046714841361110565 -0.003789421198381182 0.9999819637554421 118.27776819598292
0.9999524385884443 0.008089263475456219 0.005458490534440539 -0.43044580388566733 -0.008113363396528298 0.9999573754995749 0.004407212324874726 -1.82726722886839 -0.005422605335233156 -0.004451290390264271 0.9999754223438775 119.55925714965932
0.9999428502503633 0.0085377670407938 0.006430464828718724 -0.43278261240205657 -0.00856150288846752 0.9999565616776829 0.003672525926936677 -1.846499918434407 -0.006398825294419286 -0.0037273745567878514 0.9999726250095189 120.84859800353063
0.9999159454707134 0.010406608960982989 0.007737877384910017 -0.44730993824497 -0.01043134614602606 0.9999406036500613 0.0031627552836507237 -1.8829218713026825 -0.007704504765558128 -0.003243207404356933 0.9999651121437788 122.28869954919429
0.99988439979259 0.01237645151109012 0.008834415308033684 -0.4557898432338792 -0.012401639412838453 0.9999191659167918 0.002801539479202344 -1.9108930327732552 -0.00879903499834115 -0.0029107787141879667 0.999957057009923 123.59169382481296
0.9998628885418098 0.013189436798046326 0.010008839069842982 -0.46213496818374983 -0.013206903110759656 0.9999114442450925 0.0016810930503098303 -1.9427141420155074 -0.009985763990008256 -0.001813051382734059 0.9999486016310719 125.02650993604037
0.9998375224660465 0.014239402076794989 0.011053527962863862 -0.4639419339521357 -0.014252723729304494 0.9998978581975211 0.0011274504444074634 -1.9676882824735138 -0.011036343627297265 -0.001284811052984051 0.9999383642924894 126.32665893628675
0.999838733080704 0.01342243001313585 0.011931149375445333 -0.4706161357107484 -0.013433246194777737 0.999909478416931 0.0008266413728219112 -2.006223972928295 -0.011918970608388339 -0.0009867830822356 0.9999285158856227 127.63163158524299
0.9998361376334176 0.012855658771561179 0.012746710573757189 -0.4716535636468726 -0.01287790570766092 0.9999157316013306 0.0016645474390282829 -2.0403487737664787 -0.012724241230955247 -0.001828426714832436 0.9999174074728499 129.0617074462892
0.9998368423241989 0.01192056967107433 0.013572364193916858 -0.47416940136559305 -0.01196440399198385 0.9999234227072618 0.0031528288704353734 -2.0740135150392565 -0.01353374288744082 -0.0033147029636922654 0.9999029661236177 130.3655586180894
0.9998448451314962 0.010824790504452383 0.013897212403291137 -0.4697580694159802 -0.010870772921979893 0.9999356661098417 0.003237255017128332 -2.1019306116012704 -0.013861278352972883 -0.0033878284089225064 0.9998981991780653 131.79295412596042
0.9998647725478762 0.008826725359655944 0.013875515636682928 -0.4654898610551513 -0.008877625409352656 0.9999540827004038 0.003610994609822443 -2.1290152781128637 -0.013842990905094507 -0.003733691255241623 0.9998973069717102 133.09323218731623
0.9998817584833478 0.007216480104497703 0.013574187054016232 -0.46484947209246263 -0.007273519992366771 0.9999648446583029 0.0041574598019787695 -2.1628509337582593 -0.013543701031113364 -0.004255702291441651 0.999899219493683 134.39096337306998
0.9998997604972727 0.005627005780837787 0.01299289831253838 -0.4658900020721015 -0.005676570725106773 0.9999766937992196 0.0037803139130321915 -2.200170568879802 -0.012971318275600155 -0.0038536941296960334 0.999908499240561 135.817934241904
0.9999222410655025 0.004089376071283252 0.011778673747830277 -0.4642829702004582 -0.004133036846832837 0.9999846670249272 0.0036848919306473756 -2.227066683289021 -0.011763420258160778 -0.0037332897276081307 0.9999238888633684 137.11420239927557
0.9999395046992652 0.002752122011255028 0.01064921753312008 -0.4643427633331365 -0.002802658969082647 0.9999849232678754 0.004733997085046623 -2.257172274841652 -0.010636021866657158 -0.004763558169790179 0.9999321655663143 138.5418087530285
0.999952499172172 0.0012430824447394538 0.009670888853405954 -0.46393112644900514 -0.0012918823775415512 0.9999864575949802 0.00504138198193191 -2.2829559058681124 -0.009664486178996783 -0.005053637309066268 0.9999405726309817 139.83806184271836
0.9999654887812419 0.000481551099628975 0.008298774613233582 -0.46736392810054717 -0.0005224917737545352 0.9999877005653043 0.004932016433924326 -2.3176606405284557 -0.008296294045208126 -0.004936184328279498 0.999953477038937 141.26410919355956
0.999974768954887 0.00023522948416628692 0.007097295943010944 -0.4702618534448814 -0.00026710079261872124 0.9999898373671139 0.004489962886142805 -2.3436061389454284 -0.007096165530605783 -0.004491746405291376 0.9999647357233415 142.5593086669762
0.9999813975653357 -8.207190483841553e-05 0.006095345927935943 -0.47433382632438453 5.737510201628184e-05 0.99999179458065 0.0040518357922511745 -2.3681271945412496 -0.006095625357965955 -0.004051413916612029 0.9999732849729441 143.85435346007478
0.99998545775799 -0.0018945555380017677 0.005050306816092861 -0.4787456237927752 0.0018835339837160354 0.9999958306653113 0.002185522552480269 -2.3973389489915835 -0.005054419075645848 -0.00217598078026971 0.9999849192698421 145.27759364387092
0.9999662603729468 -0.007193444980416786 0.003965476210361313 -0.4811451821994382 0.007190563653950398 0.9999738944963241 0.0007414532537726642 -2.427693711471812 -0.003970703141500958 -0.0007129159093443179 0.9999919017105177 146.5702705855141
0.9998926167348776 -0.014395247826274785 0.0027450728299607085 -0.4841175304148976 0.014385235963230852 0.9998899305485045 0.0036340753617499135 -2.4656257871566067 -0.0027970838310672572 -0.003594198857797968 0.9999896783283994 147.99664570942943
0.9997631417108693 -0.021723371830147564 0.0013217833394706434 -0.48305257119534 0.021717186079073806 0.9997539328841695 0.004531369625984346 -2.4910088121753695 -0.00141988681549927 -0.004501592694070143 0.9999889132412987 149.29169405272611
0.9996864251186462 -0.025040553864357735 0.00012493142450522045 -0.48819864282864744 0.025040214128763453 0.9996839232528535 0.00225686549383762 -2.5192011691529217 -0.00018139473089563536 -0.0022530307806075682 0.9999974807443625 150.58378962077754
0.9996858565112933 -0.025062386374480092 0.00039745471110961015 -0.4980171616543373 0.025063108881105398 0.9996840177127215 -0.0019276213792219518 -2.5479156956597953 -0.0003490156181084129 0.001936972510742118 0.9999981234089385 152.00317765918874
0.999766255913459 -0.021583052960486036 0.0012334949422765896 -0.5136117627008701 0.021587440943440173 0.9997602867650768 -0.003659801942515626 -2.5827937494947864 -0.0011542054527764875 0.003685573431076548 0.9999925853438673 153.29515349223638
0.9997686050382025 -0.021413144144605403 0.002023871235445931 -0.5200312729711775 0.021420214755555098 0.9997642636084264 -0.0035382120491830446 -2.6145686401932533 -0.0019476218306278537 0.003580742292408314 0.9999916890797022 154.71727241882024
0.9997082416274344 -0.024013572310960966 0.002607578695002577 -0.5186599626637761 0.02401499061873874 0.9997114364327362 -0.00051470286685949 -2.642994795971346 -0.0025944570526281654 0.0005771694935521767 0.999996561955432 156.01216348867194
0.9995655598215545 -0.029311479493423356 0.0030841184156353597 -0.5107598341381194 0.029303088231534314 0.9995668001161344 0.002731211611556582 -2.6668244430838333 -0.003162841086008241 -0.002639653132771966 0.9999915807093896 157.30855106950256
0.9994281351058397 -0.03367500988830468 0.0030717566086474074 -0.4992814170469246 0.033664270802747094 0.9994271343781904 0.0034853785903064456 -2.691088024517753 -0.00318736572601455 -0.0033799773647199744 0.9999892252461701 158.73172155054107
0.999365158069156 -0.035502737861929104 0.0029838425546971146 -0.4908157198429051 0.035491175080374394 0.9993625969113392 0.0038416493590008502 -2.712391175053194 -0.0031183334415303163 -0.0037333131820204376 0.9999882323826079 160.02650717034254
0.9994210799327267 -0.03380323569617366 0.00385476044222243 -0.48459279716169723 0.03378690318242607 0.999420127351242 0.004228812695399242 -2.7391574594248875 -0.0039954665922923615 -0.004096124773880721 0.9999836511687893 161.45163142125656
0.9995366856052558 -0.030017065458319864 0.005032178036981055 -0.48350446630298644 0.029997446330069323 0.9995422208088122 0.003930461339548608 -2.7620320701561516 -0.005147844119276917 -0.0037776912535856253 0.9999796719647217 162.7481795314444
0.9996328085873006 -0.026418370074820372 0.00602537456731373 -0.47618436657058877 0.02640996075404543 0.9996500826441955 0.0014723501468081497 -2.79003047210091 -0.006062160459415142 -0.0013126830594740674 0.9999808134413174 164.17366060363727
0.9996966072756874 -0.02368825448407208 0.006753421089300129 -0.4684956867737143 0.023684270337227843 0.9997192912584542 0.0006702023110235055 -2.8125822585670948 -0.006767397548032235 -0.0005100502821092649 0.9999770010009204 165.47374956607575
0.9997377733079598 -0.0217526909854969 0.007155630184473353 -0.46004340626491225 0.021738759522163555 0.9997616093768034 0.0020195150766584096 -2.83644462468218 -0.007197845621427644 -0.0018634336946149006 0.9999723937812757 166.77800367614728
0.9997756896737201 -0.020019074444746 0.006912323413712682 -0.44908450974762076 0.020007294884402144 0.9997982459402205 0.0017690222013754368 -2.8643021872117926 -0.006946341747790831 -0.001630331150598882 0.9999745831439282 168.21344634216263
0.9998135732826453 -0.018201227447356097 0.006446573176614778 -0.44229140723651467 0.01820511516128587 0.9998340825235704 -0.0005448962688362685 -2.8878482157602416 -0.006435593213026095 0.0006621527307051598 0.9999791007047075 169.51941323032003
0.9998780800339198 -0.014448167460274821 0.005927892325843034 -0.43767153266641207 0.014469493780415909 0.9998889637824073 -0.003570651817546922 -2.916813634467832 -0.005875642611376435 0.0036559888766706534 0.9999760950696434 170.9579021550127
0.9999359663411446 -0.009750321029080428 0.005740465330928462 -0.41100941078278086 0.00977813778098743 0.9999405024619512 -0.004836924922743941 -2.934494144592882 -0.005692958768026277 0.004892745259996049 0.9999718017605163 172.26519259692142
0.9999679494508121 -0.005283773691498399 0.006015067967148851 -0.3882722025283922 0.005308516580927977 0.9999775631776617 -0.0041045145594904185 -2.9615462638853636 -0.00599323459085093 0.004136311893854203 0.9999735735352774 173.57893096866928
0.9999767240741871 -0.0018149846050811193 0.006570721355295314 -0.3774416753688236 0.0018248506829916752 0.9999972338142834 -0.0014953787029670055 -2.988651542087245 -0.006567978466941303 0.0015073306043078792 0.9999773763162936 175.0331466975849
0.9999764182237756 -0.001386809541161378 0.0067212744926032925 -0.3591435977566994 0.0013840158080752046 0.9999989304562289 0.0004201195421925705 -3.010351344614983 -0.006721848356625097 -0.00041080820126897504 0.9999773414800655 176.35723687139298
0.9999730892608527 -0.0044034738002267215 0.005864562166004055 -0.33971552137725947 0.0043929747616307975 0.9999887277684372 0.0018019849397541202 -3.016134963666476 -0.00587243015057568 -0.0017761756023533047 0.9999811984819155 177.8121257716775
0.9999672725954872 -0.006881105612018995 0.004254819011181734 -0.3211989999788612 0.00687391998077575 0.9999749615871887 0.0017024632182786473 -3.0247623036915865 -0.004266426802964096 -0.0016731610152448122 0.9999895257647663 179.13485404367165
0.9999714909110471 -0.0072532957798602275 0.0021061162061890037 -0.3131477554002077 0.007258868645984209 0.9999701866295198 -0.002648938873668826 -3.044077162708532 -0.002086840508194001 0.002664149875511074 0.9999942925823145 180.5916283249169
0.9999804492247505 -0.00621686123436922 0.0006749429910583785 -0.30873776988658935 0.0062214166927974926 0.999956440106934 -0.006965011968478154 -3.064264056654824 -0.0006316074711627722 0.0069690717287362825 0.9999755795304665 181.91685797701072
0.999998720911333 -0.0016048946704584192 8.226564072705766e-05 -0.3135924711438551 0.0016054988658868903 0.9999672848717865 -0.007930761394307644 -3.0892834388266577 -6.95268115942209e-05 0.007930879486742102 0.9999686021168123 183.24934106542048
0.9999965099313087 0.0026358712745673633 -4.2581796565534966e-05 -0.3182847183378326 -0.002636088311031997 0.9999758647905682 -0.0064266731324965415 -3.1169908693054276 2.564366023928659e-05 0.006426760883856352 0.9999793254735992 184.72028446734825
0.9999906912020137 0.004297686577359188 0.00022752749319047592 -0.31393309770176875 -0.004296872494679036 0.9999847559190348 -0.0034578524710061342 -3.139126087969874 -0.00024237619486309326 0.0034568368989535726 0.9999941030578716 186.06140345011192
0.9999868811442886 0.005075464073556767 0.0006560445081341215 -0.3084395189356281 -0.005074660331633653 0.9999864293615239 -0.00121344862368884 -3.1676671743192335 -0.000662190306715762 0.0012101009934963095 0.9999991010971858 187.5390561521964
0.9999897530202781 0.0044605130121033254 0.0007349815682575581 -0.3086394996583309 -0.00446019407169694 0.9999899445243559 -0.00043127556707603344 -3.1959894240137636 -0.0007368978088145562 0.0004279905273645825 0.9999996505901181 188.88524917589086
0.9999950102040793 0.003070109796550689 0.0006776045322266167 -0.306893283002005 -0.0030703369420984747 0.9999952452842934 0.0003334118304279582 -3.22279159747576 -0.0006765708161013918 -0.0003354949107362519 0.9999998160486525 190.2345374802862
0.9999997578141483 0.0003362756807268057 0.0006705765317584531 -0.3026699047148865 -0.00033680366968517634 0.9999996484741929 0.0007881369922907128 -3.2531257067836186 -0.0006703122931365755 -0.0007883647838471554 0.9999995219733436 191.7216900656957
0.9999969188501491 -0.002217663141544641 0.0010334189682594886 -0.30052606394815407 0.0022168643579877608 0.9999972059901487 0.0007750652444880036 -3.2825539494570224 -0.0010351279860921526 -0.0007727732796115568 0.9999991732678732 193.07648772408228
0.9999843604832332 -0.0054112617059068275 0.0013838631439748446 -0.2975004246590261 0.005408746690144816 0.9999837341629322 0.0018165361027328614 -3.3172492385065437 -0.0013936617933828844 -0.0018090236818876144 0.9999974101387727 194.57171429206687
0.999954802154912 -0.009333671418704071 0.0017715267456791808 -0.29421097057316675 0.009327306358878037 0.9999501274291902 0.0035695513618375346 -3.3462396223195965 -0.0018047422188230313 -0.0035528696623144435 0.9999921360440497 195.93570927327508
0.9999172379771106 -0.012705594991124055 0.002010741617863037 -0.29536876963561537 0.012698711949727253 0.9999136027845336 0.003402173264250594 -3.3884532206498736 -0.0020537856889103153 -0.0033763601910139322 0.9999922266043688 197.43760120003287
0.9999383305162015 -0.010877630483248909 0.002239350112345458 -0.29965331375156873 0.010879152681389823 0.99994054997472 -0.000667897689948526 -3.422067622440646 -0.0022319558772076202 0.0006922146398753574 0.9999972824886457 198.80240592824998
0.9999854166481784 -0.0046870534823136864 0.002671032711911206 -0.31416116894629886 0.004703592062607392 0.9999695672561867 -0.006220360239364346 -3.472287286921158 -0.002641789930955863 0.006232828466311365 0.9999771500719533 200.1680078027588
0.9999791943888734 0.005143601374141483 0.0039025606834692723 -0.33235573204442465 -0.005117587275964333 0.9999647984410823 -0.006647526663955369 -3.518287973973944 -0.003936616867975237 0.006627411658127739 0.999970349919574 201.6798548668679
0.9998991428837855 0.01317826594662707 0.005293329913601776 -0.34820788637031175 -0.013164778293452 0.9999100082899843 -0.002575754158205641 -3.55747246237041 -0.005326789067706857 0.0025058055340659723 0.9999827305067843 203.0604922217408
0.9998752004325809 0.014584650699577976 0.006068707656497273 -0.3513662497840615 -0.014583998820203725 0.9998935893542159 -0.00015227033189337387 -3.5836175933354166 -0.006070276230105841 6.374214200418834e-05 0.999981624413202 204.58093193276878
0.99990489804947 0.012624113033826977 0.005554383552655506 -0.34779659972935023 -0.012623268068116304 0.9999203721944504 -0.00018709444822417355 -3.606485208407606 -0.0055562995187899795 0.00011695992972922864 0.9999846255003781 205.96364442563225
0.9999437896610365 0.00963622721064404 0.004434679294132688 -0.343564007115454 -0.00963578726213121 0.9999536085319313 -0.00012127684131205292 -3.630174393570101 -0.004435641836560811 7.853727821483263e-05 0.9999901737995509 207.35145201646574
0.9999696505766387 0.007070763987331348 0.003257886168913043 -0.34187884352179876 -0.007070125671033085 0.9999749672588073 -0.00020691720568114305 -3.6536494280965006 -0.003259265868762506 0.0001838757383012262 0.9999946700828756 208.88180308173014
0.9999688581028561 0.007398960904974704 0.002750380316378559 -0.34252684083195756 -0.007396040243982471 0.999972116658307 -0.0010705310804460847 -3.6760053959252574 -0.002758215301677057 0.001050153394873286 0.9999956869470681 210.28083236943988
0.9999567714754022 0.0089180643070556 0.0026375966032128155 -0.34780887965057206 -0.008915725123029265 0.9999598948766666 -0.0008956631723379073 -3.7124901360476583 -0.002645484482747784 0.0008721070137117094 0.9999961248053699 211.82468685978642
0.9999455223490317 0.010125398544183173 0.002526797384238809 -0.3529716108955899 -0.010125552651958632 0.9999487633365511 4.888060906226943e-05 -3.7441032307000284 -0.002526168307723675 -7.446310822039205e-05 0.9999967821211891 213.23074589816983
0.9999516905373533 0.009554832852266762 0.0023070745965350025 -0.35724454025704055 -0.009554802577985883 0.9999543742851038 -2.4783190645743017e-05 -3.779094677471128 -0.002307206561890671 2.736580130020557e-06 0.9999973578349687 214.63807972218152
0.9999566732351971 0.009107820037956923 0.0018815361038397285 -0.3571225757909087 -0.009105032518363377 0.9999573818116735 -0.0014860553653306982 -3.8127694382121495 -0.0018949804958147854 0.0014688555031020232 0.999997157122939 216.19336093121464
0.999963553701813 0.00835813231304372 0.0017013623208449445 -0.3555149150777387 -0.008355434495492817 0.9999638134258623 -0.0015880064648698031 -3.8387304002611495 -0.0017145685606077292 0.001573730962256319 0.9999973267290385 217.61039612934968
0.9999612431554651 0.008719942854918766 0.0012323423132877761 -0.36033062943798955 -0.008718405110957013 0.999961287906057 -0.001249247287880732 -3.871039653698546 -0.0012431915065880352 0.001238453730275718 0.9999985338315719 219.17367803177544
0.9999613383627438 0.008750920819609076 0.0008974193771937447 -0.3665201832509547 -0.008749317750907412 0.9999601495541326 -0.0017765784981943864 -3.9019156621961475 -0.0009129370765045247 0.0017686545669883232 0.9999980567737751 220.59533318756255
0.9999606326676587 0.008852693706151701 0.000679494515749953 -0.37103666604508123 -0.008851286955420184 0.9999587607640976 -0.0020460079556236946 -3.93701184760113 -0.0006975845539389021 0.002039910021978735 0.9999977490286802 222.16260232771407
0.9999509151791907 0.009897818804697641 0.0003470726936545675 -0.37516517235470725 -0.009897106416865848 0.9999490382585223 -0.0019919247838241258 -3.96445352057174 -0.0003667648000119525 0.001988389862224871 0.9999980078049451 223.58941619044137
0.9999545867872387 0.009528213640953569 1.3277248216334344e-05 -0.3767444665116913 -0.009528155371165591 0.9999517066090386 -0.0023958654508943866 -3.9921914891440555 -3.609626965572789e-05 0.0023956254525979007 0.9999972005694969 225.01926279292815
0.9999496856539443 0.010023308180584344 -0.00026127121957810845 -0.37840558885572034 -0.01002387781254439 0.9999471738183683 -0.0022733426183159013 -4.020396815874482 0.00023848277982666517 0.002275842723543852 0.9999974657412509 226.59400361351723
0.9999583572778764 0.00912135012068922 -0.00036500187002548216 -0.3781643450750737 -0.009122109551779941 0.9999560978799036 -0.002130741253815265 -4.050323288069437 0.0003455506477688035 0.0021339780752088105 0.9999977372066853 228.0264822139954
0.9999695258588814 0.007801071849160878 -0.0002488229332756668 -0.37821028959562997 -0.007801729077918546 0.9999657728290533 -0.002762198201944824 -4.078688054904511 0.0002272689982594296 0.0027640530488492274 0.9999961969520555 229.60213568984543
0.9999774644721209 0.00671470597227731 -8.699938550957633e-05 -0.3762400922555541 -0.0067149001731412 0.9999744919528694 -0.0024258828344143673 -4.101704324410143 7.071325396687308e-05 0.002426409360827054 0.9999970686303575 231.03600895288886
0.999986804419313 0.005133989324510601 0.00011498895153883564 -0.374222469356785 -0.00513378945042053 0.9999853969500346 -0.0016943576318402137 -4.126549128820187 -0.00012368234612305205 0.001693742730640734 0.9999985833939029 232.47409189644358
0.9999876054213535 0.004977787900229029 0.00010471959544924078 -0.3736451657674361 -0.004977650183469526 0.9999868846760299 -0.0012465707742469743 -4.156978928248611 -0.00011092028350798006 0.0012460314385564415 0.9999992684018307 234.05825068464856
0.999985850424467 0.005333257234151782 1.78793901802811e-05 -0.37606259009434817 -0.0053332330032498316 0.9999848369729624 -0.0013808285659845313 -4.188401105402929 -2.5245844916970915e-05 0.0013807097257220518 0.9999991122194103 235.50033353508547
0.9999814999565045 0.006082361931629792 0.0002573221233941844 -0.3781472588745868 -0.006081676010600338 0.9999780657655186 -0.0026088516912741093 -4.2241164072999595 -0.0002731919272278356 0.002607235485859907 0.9999965856499057 237.08754238596245
0.9999729817188128 0.007308102980678829 0.0007683902518553748 -0.3811141726824194 -0.007306669434015237 0.9999715899654096 -0.0018507618545152804 -4.255958175265159 -0.0007818935589431888 0.0018450946555953456 0.999998042707609 238.53508374175547
0.9999698600714578 0.007633928014489071 0.0014022542987653082 -0.3825591993981668 -0.007634725553191937 0.9999706907232054 0.0005627414361064162 -4.286890807788344 -0.0013979106949788616 -0.0005734310271722533 0.9999988579904517 239.9864281262629
0.9999710677191741 0.007357566858159055 0.0019445116897585713 -0.3817061582965976 -0.007359389956048663 0.9999725503250502 0.000933731585728629 -4.318389407103238 -0.00193758540510069 -0.0009480169998154621 0.9999977649564964 241.5849928545524
0.9999681645186761 0.007604405807693261 0.002392737722354965 -0.3815511469793392 -0.007602979716281907 0.9999709472754685 -0.0006025634732592113 -4.349157606964912 -0.002397237473984467 0.0005843498762594455 0.999997022429271 243.03846545976364
0.9999666852059537 0.007607256530786243 0.002962447793717737 -0.37916888567454277 -0.007601392389198672 0.9999690907200469 -0.001986909914015552 -4.381320926750825 -0.0029774699933154255 0.0019643204067409776 0.9999937143997771 244.64045118244272
0.9999576650732998 0.008606150933956667 0.003261526141703746 -0.3767253794917377 -0.008601109674225674 0.9999617725374389 -0.0015562184726906772 -4.407300709665522 -0.003274796901440909 0.0015280959555309102 0.9999935108074754 246.1003971142367
0.9999615695120353 0.008105942418555206 0.0033431112920366715 -0.371944417826921 -0.008103834047415204 0.9999669818713804 -0.0006441342965986832 -4.433592601426548 -0.0033482214870876876 0.0006170159771375916 0.9999942403511077 247.56360361316968
0.9999618347867293 0.008191094486397574 0.003021657858255517 -0.36796502794678193 -0.008191540771309855 0.9999664293901106 0.0001358330414390444 -4.461396406321995 -0.0030204395540829455 -0.00016058281675985944 0.9999954488440869 249.1743959444997
0.9999601978308955 0.008471253589661977 0.0027985634080375144 -0.3655821016911625 -0.008472577467518023 0.9999640037351378 0.0004598091985864209 -4.489212497369719 -0.002794564205423414 -0.0004835048684913066 0.9999960534234182 250.64007756648687
0.9999458635578724 0.010007276568354416 0.002847141862639064 -0.3624973903148199 -0.010008901434869686 0.9999498205741175 0.000556805864473025 -4.514869251250013 -0.002841419278895458 -0.0005852736307164219 0.9999958548643597 252.25575602210537
0.9999354226067665 0.010953165491077787 0.0030473987651063474 -0.3595297814008581 -0.010954999096605359 0.9999398280688441 0.0005838094134646226 -4.538365414695723 -0.0030408238518338615 -0.0006171592121252255 0.9999952452917222 253.72692957690148
0.9999296671441669 0.011487505120093652 0.0029342243841715045 -0.3559081397824119 -0.011489380910058971 0.9999338442142895 0.0006234288311045224 -4.562570980834167 -0.0029268586198226594 -0.0006570979987988835 0.9999955226931884 255.34725419754056
0.9999459867464487 0.009969734915946073 0.0029454746633589997 -0.35145716865725707 -0.009972529141080468 0.9999498733554267 0.000935552223380243 -4.588081827017002 -0.0029360005413436837 -0.0009648762947376396 0.9999952365921191 256.8234227584751
0.9999592076467924 0.008571562759646274 0.0028497152116631515 -0.34726247944960736 -0.008576722359313827 0.9999616369449977 0.0018027497339249807 -4.613696537103955 -0.0028341450367235822 -0.0018271216465528387 0.9999944014396316 258.3003898626715
0.9999799424769668 0.005619666994342431 0.0029055962037845624 -0.34024264379070085 -0.005627905005991581 0.9999801545697312 0.002834892512583287 -4.641174078111478 -0.002889597413749293 -0.002851190356651532 0.9999918237209561 259.92609032791415
0.9999881678842334 0.004136302204868743 0.0025950439359844137 -0.3343315678739414 -0.00414174247474686 0.9999892730130844 0.002093791724234073 -4.664898624987296 -0.0025863534635321424 -0.002104519381416142 0.9999945313307199 261.4030138151109
0.9999933371941024 0.0028119248173894456 0.0023340308011384303 -0.3285375971787698 -0.002813666793791271 0.9999957518538614 0.0007423728645605647 -4.690823306115037 -0.0023319410651724106 -0.0007489358146948364 0.9999970116106751 263.0277627793405
0.9999953893443546 0.0009378118571585321 0.0028880252200306974 -0.32495159419691144 -0.0009449941497447643 0.9999964559092868 0.002487094835961879 -4.7189559381752995 -0.0028856704334874776 -0.0024898164696325487 0.9999928038947923 264.5086488952501
0.999994459674987 -4.854825751800674e-05 0.0033263284393862252 -0.32461432172348276 3.1798432626965484e-05 0.9999872841465612 0.005034753808639714 -4.749821814255453 -0.003326528797772811 -0.005034621958485307 0.9999818118809669 265.9921363349682
0.9999918384841993 -0.002077507197626021 0.0034675801590672586 -0.32031955830389236 0.0020637658015750238 0.9999900561110328 0.003961574877577521 -4.792246531178139 -0.003475767768719251 -0.003954387629270404 0.9999861709774215 267.6209500669795
0.9999887068259812 -0.002917032104885273 0.0037416742354708585 -0.316980375962738 0.0029078385358976334 0.9999927721417314 0.00246142242905603 -4.827078850847296 -0.0037488265288845224 -0.0024505157256236336 0.9999900230993277 269.1007743587305
0.9999883813430327 -0.0018675750559225299 0.004443630925530782 -0.3161339775440218 0.0018569454992622462 0.9999954247594454 0.002394395227220391 -4.8708633358907845 -0.0044480760281081395 -0.0023861178813043404 0.9999872838821259 270.73087736711216
0.9999848553480699 -0.00045132186749282386 0.005485369590650549 -0.3151537225623337 0.0004362013919358308 0.999996098106298 0.0027571725105089836 -4.909880797701462 -0.005486582710340115 -0.0027547413785304654 0.9999812189153157 272.2131587899665
0.9999787345257704 0.001196718691388681 0.006406102037455746 -0.31370769868246323 -0.0012117516242946213 0.9999964617461249 0.002342611860266034 -4.951952790520237 -0.006403276947885645 -0.002350328959460252 0.9999767953799921 273.69572600519825
0.999969486274714 0.0024485092880699956 0.007420722979689809 -0.31079757436564526 -0.0024652093801901085 0.9999944495648053 0.0022422030358887754 -4.991866103033574 -0.007415181924006806 -0.0022604309632548916 0.9999699927695693 275.32774047503193
0.9999614683387246 0.003184729056838634 0.008179112305104284 -0.3110789613547416 -0.0032003614582483534 0.9999930632176839 0.0018982368905826777 -5.04219933422644 -0.008173005009064685 -0.0019243450738683952 0.9999648316147224 276.8130022217859
0.9999526963626539 0.0035267289832661792 0.009067770414608524 -0.3055588264830413 -0.003538324615158607 0.9999929657468999 0.001262753995143718 -5.088016687435152 -0.009063255573561588 -0.0012947820473015138 0.9999581725679844 278.44594401620293
0.9999460341159879 0.0030105357224281615 0.009936973331516911 -0.3006872806822465 -0.003018849821020136 0.999995084240191 0.0008218048700510672 -5.137343129028538 -0.009934442679342839 -0.000851762047349154 0.9999503262847359 279.9333694316262
0.9999392070524648 0.0024572513952621842 0.010746714489968605 -0.2898436124534293 -0.002467424624167942 0.9999965016982839 0.0009333711800213899 -5.173754201985218 -0.010744373486985877 -0.0009598357006592053 0.9999418738199533 281.4223620455035
0.9999324687367187 0.0014757826796636796 0.011528921454879132 -0.275775928029546 -0.0015024777671263953 0.9999961600546924 0.0023070672234382136 -5.213793203649475 -0.011525479538925378 -0.00232423718849878 0.9999309036717723 283.0630561663981
0.9999295480150784 9.318284643543891e-05 0.01186515365057935 -0.25981586409456997 -0.0001261458971125412 0.9999961344017686 0.0027774421822109588 -5.244131854142018 -0.011864846438535526 -0.002778742932400484 0.999925769701271 284.5535134875049
0.9999288504453395 -0.0006041420928582469 0.011915628131889578 -0.24374824680831947 0.0006009211962872958 0.9999998130231292 0.00027361343515458557 -5.282312453325973 -0.01191578080636716 -0.00026643742503242886 0.9999290726913088 286.19129113279513
0.9999318879865415 -0.0014862722840231495 0.011578449076324784 -0.22976719740119303 0.0015117772526213082 0.9999964900879513 -0.0021942104446878658 -5.3193550595584025 -0.011575149907972839 0.002211562776338759 0.9999306105636072 287.680605854945
0.9999414958837294 -0.001094258986369871 0.010762342932222611 -0.2171782266861964 0.0011215227032977336 0.9999962181597841 -0.0025275632784355715 -5.356937457514302 -0.010759531774602217 0.002539483171338691 0.9999389593360489 289.17401266703325
0.999946033830025 -0.0027739179412756038 0.010008624131130277 -0.2038975436814557 0.002792343629984715 0.9999944128993205 -0.0018278929249317295 -5.394306343007613 -0.010003488010925429 0.0018557380881571298 0.9999482910874546 290.82085791870077
0.9999557168640958 -0.0026801076814771925 0.009023473762377342 -0.19246737212604634 0.0027021004516155013 0.9999934312020559 -0.002426109677042359 -5.427320326260565 -0.009016918106843838 0.0024503810617087594 0.9999564094797925 292.3195671102653
0.9999615614181692 -0.002402543058945382 0.00842512340235765 -0.1821075605412768 0.0024252591994746104 0.9999935188993225 -0.0026860769709600206 -5.467294577654943 -0.008418600344893097 0.0027064058717934008 0.9999609398745645 293.9729337836092
0.9999671931729035 -0.0023626483990628723 0.007744617306780744 -0.17488398749967993 0.002379734616001698 0.9999947933816027 -0.002197443425686607 -5.505291183638779 -0.007739375762986893 0.0022157987918351566 0.9999676699542009 295.4794764502753
0.9999720460367613 -0.002783566538168658 0.006935345272014499 -0.16819681560217004 0.002796969005901243 0.9999942672584947 -0.0019229709774785599 -5.544702728725556 -0.0069299452622388095 0.0019423119749227254 0.9999741689514282 296.9897623044507
0.9999770263834885 -0.0034393523599655492 0.005846035722923397 -0.1566053748565765 0.003445779377823425 0.9999934749129062 -0.0010899191478427736 -5.577043389211624 -0.005842247862741859 0.0011100342066851774 0.9999823752061496 298.6579347179242
0.999984279772751 -0.0018910822988336719 0.005275803768297343 -0.14952041931205026 0.0018887941337774458 0.9999981342538289 0.0004393209705733657 -5.608237243157661 -0.0052766216179402255 -0.0004293529923162932 0.9999860734998818 300.1820356555346
0.9999813605290047 -0.0013315909157604693 0.005955469358439437 -0.14294698111212537 0.0013255923917668859 0.9999985686235175 0.0010108931158325505 -5.642659307344857 -0.005956808893678519 -0.0010029814398247294 0.9999817696075707 301.85939398958465
0.9999759221271445 -0.0007637357034095825 0.006893527620562169 -0.13584067560947763 0.0007602985551953389 0.9999996059773071 0.0005015200053535077 -5.6773032829425425 -0.006893898319803873 -0.0004962673835227092 0.9999761291468433 303.3890304532736
0.9999716361435664 -0.001976330856588473 0.007269706702928299 -0.12471526882918027 0.0019757154435177454 0.9999980452720856 9.172047058389422e-05 -5.706745976328515 -0.007269871436095598 -7.735693959896352e-05 0.9999736107902591 304.9219253469211
0.999965061773852 -0.00379278130851286 0.007457884077823611 -0.11072160831571454 0.0037991408664747395 0.9999924139871592 -0.0008392319257008699 -5.7444467574639715 -0.00745464623550826 0.000867533116898125 0.9999718741065531 306.61298159992947
0.9999551857897041 -0.005413844651843813 0.007761635749279843 -0.10062566130557983 0.005435132893193901 0.9999815254237746 -0.0027240958981940193 -5.778205741031139 -0.007746737993542036 0.0027661594089054982 0.9999661665983554 308.1541680944946
0.9999542638472719 -0.005663197467702397 0.007702079827096743 -0.09590563447606279 0.005692331901953874 0.9999767106718962 -0.003765438435079335 -5.825938528251644 -0.007680569563259912 0.003809107295354395 0.9999632642996058 309.85561175893724
0.9999706805366353 -0.005147769497270328 0.005668243443084482 -0.09272254617109765 0.005174191052361055 0.9999757140569095 -0.004656535356380038 -5.866196467297356 -0.005644137553673974 0.0046857234467608975 0.9999731332760733 311.4057873957583
0.999984649625343 -0.004293898082610648 0.003517595927240092 -0.09557822922180059 0.0043093366252982355 0.9999810688269097 -0.004392885410952834 -5.909287431131836 -0.003498671356806696 0.0044079703795606535 0.9999842648148523 312.95638359761733
0.9999921220329572 -0.002487683472439215 0.0030904609347532966 -0.10603127753829462 0.0024909755944951513 0.9999963840881076 -0.0010617912630218617 -5.956008800037933 -0.0030878061952839117 0.0010694787959364361 0.9999947331887333 314.67130350982114
0.9999868386961783 -0.003677896405749185 0.003579713906601556 -0.10746434907853042 0.0036701380545534155 0.9999909561940669 0.002171623058488911 -5.993126769524737 -0.0035876683739156914 -0.0021584576908114097 0.9999912982609489 316.2363632570992
0.99998124225242 -0.004799831554713141 0.003799976499005394 -0.10809289089788104 0.0047884365916124 0.9999840633573066 0.0030020865399796454 -6.037125315360899 -0.0038143212502109 -0.0029838354665513355 0.9999883092410161 317.95904536946006
0.9999726059015704 -0.0061790652965254406 0.004070683892591855 -0.10535556665855561 0.00617207504367647 0.9999794229617145 0.0017285758894180236 -6.071652605913056 -0.004081276187148072 -0.0017034064926770257 0.999990200770881 319.52401086013384
0.9999661176707305 -0.00695104541769887 0.004423398617967435 -0.10331702231740776 0.006943200849235853 0.9999743422332642 0.001786519841335421 -6.112286575011745 -0.004435707245276286 -0.0017557481639805875 0.9999886719778744 321.24784053037746
0.9999660386540439 -0.006834464604983363 0.004614757180387093 -0.1003877895550217 0.006824441907436464 0.9999743341920156 0.0021848251098185176 -6.1474532811536555 -0.004629573381100202 -0.002153261814965629 0.9999870535796807 322.8147093344905
0.9999624184108568 -0.007010382741796026 0.005086017945208127 -0.09839290277217416 0.007000271664592966 0.9999735016633985 0.0020039369420964664 -6.187883247089322 -0.005099917379090582 -0.0019682624970402992 0.9999851397389565 324.3799802567486
0.9999692141241929 -0.00550203521172374 0.005602246606289171 -0.09590517300485686 0.0054944884957252495 0.9999840363295167 0.0013619199892770976 -6.2290516569122225 -0.005609642786497894 -0.0013311009497693018 0.9999834986564804 326.100107098433
0.9999693390327896 -0.004717227108134554 0.006246045241332994 -0.0937140300958314 0.004713567613667512 0.9999886982931921 0.0006017825343844819 -6.272130523798293 -0.006248809342001788 -0.0005723272671467347 0.999980378115614 327.6649341442216
0.9999573647861343 -0.005899683143534905 0.007103557906156797 -0.08396484695796058 0.005882250201340549 0.9999796645378066 0.0024731234711333756 -6.310890579354268 -0.007117999282750034 -0.0024312366268229115 0.9999717957383574 329.38593172934645
0.999950973372197 -0.006766490681723614 0.007223919888796538 -0.07384235604005192 0.006741136902643073 0.9999710045923806 0.0035281111339389025 -6.346125686612575 -0.0072475699334367686 -0.0034792456691744213 0.9999677247573144 330.9492287297578
0.999943953636859 -0.008006694153413376 0.006924054516799966 -0.06386461967456428 0.007992501601858297 0.9999658614415617 0.002074825573692248 -6.374813361377116 -0.006940425389838587 -0.0020193729694105694 0.9999739451495836 332.5075495907952
0.999950643656707 -0.007117221527396743 0.006934287846679061 -0.057806343480647435 0.007102480372119104 0.9999724670662216 0.0021478670980205655 -6.418272412658579 -0.006949379132772408 -0.0020985137434576953 0.9999737277706825 334.21698170326596
0.9999650959378763 -0.00479722672979298 0.006845680785294153 -0.05389838536130477 0.004791315417604828 0.9999881978368765 0.000880537132356182 -6.4540621345617195 -0.00684982127627988 -0.0008477088721646173 0.9999762459773898 335.76764186598103
0.9999754721970691 -0.0034956895464022687 0.006073079115219493 -0.048801210489505226 0.003516667364913871 0.9999878900342443 -0.003446509594153791 -6.498191268530044 -0.006060966641448547 0.0034677796938116182 0.999975639518438 337.4682508875571
0.9999843004560631 -0.001983640816967024 0.005231742302385031 -0.04493063592903078 0.0019959782336056316 0.9999952717063736 -0.0023528100584261067 -6.536307330584945 -0.005227050338864716 0.0023632143763506965 0.9999835588189996 339.01746791688447
0.9999891813735007 -0.0014903893229385881 0.00439728972983405 -0.04211015258446709 0.0014861910023459563 0.9999983730601624 0.0009578484816356431 -6.574393712246831 -0.004398708670698206 -0.0009513076321835668 0.9999899035968213 340.5669062294299
0.9999945903752748 -0.00026305498566139146 0.0032741222540581356 -0.03870111742678436 0.00024906286349614653 0.9999908226993102 0.00427331351177835 -6.60639679013787 -0.0032752125881254455 -0.004272476832925735 0.9999855320735065 342.2711551246817
0.9999977703064389 0.00022565392650846687 0.002124713005714474 -0.03628706470536722 -0.00023219273400403462 0.9999953083402724 0.003076443806178983 -6.63249995919622 -0.00212400618509744 -0.0030769325185082655 0.9999931204624147 343.81402672272003
0.9999999363463138 -0.00047658804956783943 0.00019636805203960875 -0.03456176734563608 0.0004763767359985071 0.9999993196952892 0.0010690000754384628 -6.657788650424816 -0.00019688141769168618 -0.0010689120382511167 0.9999995123896519 345.50632556840486
0.999997624555021 -0.0014345394196475531 -0.0016258100420386494 -0.03400048582505743 0.0014387196826784053 0.9999956808091903 0.002571265441238372 -6.681724808697244 0.001622123157943088 -0.002573598146199066 0.9999953854035987 347.04688945259795
0.9999919858669999 -0.003043896827606702 -0.002607863289229006 -0.0363463718221801 0.0030529336259240533 0.9999893201156344 0.003469427956757851 -6.711115720721303 0.002597272636019281 -0.0034773634350117877 0.9999906381138809 348.58447937185525
0.9999897517721885 -0.0033470402111452106 -0.003059981568051509 -0.04122222814654069 0.0033545745107158233 0.9999913622461222 0.0024602889352541017 -6.74200212444444 0.0030517193740223028 -0.0024705296097319047 0.9999923122635924 350.2727895704166
0.9999866192141464 -0.003996651765444061 -0.0032715476706559306 -0.05185286025291617 0.004001824496874182 0.9999907665530537 0.0015758218546701496 -6.776511595959091 0.0032652210314478534 -0.0015888931541118852 0.9999934253538248 351.80574282663406
0.9999862670837903 -0.004080985833562943 -0.003291395307096733 -0.062650333746262 0.004086361087912509 0.9999903360731867 0.0016276344285099937 -6.811318407698695 0.0032847157861420587 -0.0016410628181400483 0.9999932683165813 353.4921206555875
0.9999843239140016 -0.004556490399175935 -0.003261429150565833 -0.07448177446972609 0.004561275248724413 0.9999885668320249 0.0014597995046466447 -6.847608684105984 0.003254741299400149 -0.001474654569238525 0.9999936361086688 355.02337112670796
0.9999811050368849 -0.005199802335658185 -0.003286753765006915 -0.08465196253054995 0.005202728668046985 0.9999860422636347 0.0008828118630173032 -6.885062900070045 0.0032821248305036164 -0.0008998986514134706 0.9999942286081391 356.55315509708004
0.9999796201638501 -0.005401486881599115 -0.0034151739589604914 -0.09690928971106161 0.005402199328829736 0.999985393725268 0.00020014108885327622 -6.926484211469514 0.0034140407403137896 -0.00021858877346586961 0.9999942077746731 358.23456641253836
0.999977046177715 -0.00589813628395279 -0.003345788953061853 -0.10821295367605538 0.005900095711169824 0.9999824576962364 0.0005752482946949893 -6.961993415950068 0.0033423395652919796 -0.0005949800223940916 0.9999943732860224 359.7625877724236
0.9999794797908936 -0.00550876137236137 -0.0032658618912131967 -0.12204884359679723 0.005507188304971033 0.9999846917825912 -0.0004906083100143318 -7.001338744159608 0.0032685168729360494 0.00047260939383130565 0.9999945405081243 361.44239980501766
0.9999705254660534 -0.006976710350088022 -0.0031982409456780426 -0.13160131663045302 0.006971360946655704 0.9999743099389024 -0.0016827529367224054 -7.0380564513019905 0.0032099003958173822 0.0016604046173031564 0.9999935601336412 362.9702379823716
0.9999611069522514 -0.008259630701517725 -0.0030764349216678825 -0.14081823462574247 0.008258916764855503 0.999965879356172 -0.0002472853710301783 -7.075129229707048 0.003078375024454332 0.000221865338363786 0.9999952723391603 364.5017626167484
0.9999447461770743 -0.010005530833695809 -0.003213384229759327 -0.154842350451096 0.010008630580874173 0.999949471400505 0.0009486545113326381 -7.11702115544954 0.003203737741794399 -0.0009807654710990298 0.9999944210395855 366.1894800943709
0.9999389388146835 -0.01058250744373837 -0.00317235140044426 -0.16573039115584193 0.010583460422186865 0.9999439696274854 0.0002811419473555789 -7.149960155344173 0.003169198618922195 -0.00031469973359331965 0.9999949292067034 367.72306213750323
0.99995206238445 -0.009389119383284995 -0.002773108780457125 -0.18571372504693834 0.009387536274178293 0.9999557697133374 -0.0005856329517293785 -7.193442848484449 0.00277849395553165 0.0005595700290934672 0.9999960150147121 369.4124998887155
0.9999696424832447 -0.007438328986699282 -0.002310052157731772 -0.20215447837527734 0.007439828110979298 0.9999721176234682 0.0006401065630767713 -7.229015689600148 0.002305237830246415 -0.0006572772858258541 0.9999972129361631 370.9496764438161
0.9999799242791423 -0.00608280811693368 -0.0017955039054310508 -0.222733632935281 0.00608449661714009 0.9999810882535954 0.00093679620526273 -7.274015430702662 0.001789776118520444 -0.0009477050033917881 0.9999980172464609 372.6397778085697
0.9999827750605622 -0.005685876573865686 -0.001438910055750834 -0.2368845337437857 0.00568690565762578 0.9999835453391678 0.0007115250349226191 -7.31027425849236 0.001434842688068628 -0.0007197002399567966 0.9999988046716389 374.17788505836415
0.9999819505785525 -0.005876847048183553 -0.0012075520600007723 -0.2510438096676711 0.005876736490111107 0.9999826988127604 -9.618293186672359e-05 -7.348167399269673 0.0012080959633365082 8.908263866296565e-05 0.9999993060063285 375.71647242311946
0.9999833433024772 -0.005701329789630006 -0.0009108951346640604 -0.26216925753477166 0.0057010154768146765 0.9999837162537821 -0.00035014794501103826 -7.38453491174379 0.0009128783715529827 0.00034494595365371246 0.99999957193511 377.41287891949924
0.9999854259166242 -0.005344634328559285 -0.0006956762665669346 -0.26968420322296155 0.0053443546367918 0.9999856142937201 -0.0004041862275177732 -7.4183312639063566 0.0006978386944686269 0.0004004604918352464 0.9999996801560442 378.95796264024926
0.9999914184485542 -0.0041236713725636 -0.00036670104116266435 -0.2781374403019301 0.004123578314091784 0.9999914668484136 -0.00025382745919721853 -7.454301402757376 0.00036774614009966864 0.0002523110785179398 0.9999999395937534 380.6601398863982
0.9999958932008458 -0.0028826097043201226 -5.4885596864868226e-05 -0.2871906229997197 0.002882635140014938 0.9999957935483651 0.0004394746521146069 -7.489527375946739 5.361478662639982e-05 -0.00043963422608232663 0.9999999803969999 382.20970944723575
0.9999984196306791 -0.001767470760566837 0.00020159578263610907 -0.2951434317766383 0.0017675016584960271 0.9999984399856021 -0.00014997790946807754 -7.524972481310404 -0.00020132815045986795 0.00015033164002017387 1.0000000204741408 383.7601985756528
0.9999995772543924 -0.0008536631279575913 0.0004887157376663077 -0.3034765756945246 0.0008540358418970312 0.99999938908559 -0.000758396754585852 -7.563850791882098 -0.0004880678149193533 0.0007588136117782249 0.9999996092300685 385.4676258603801
0.9999997054317524 -0.0001465999691058705 0.0008036364379532532 -0.31028192989166153 0.000147149529041169 0.9999997769360042 -0.0006842188114185323 -7.6005069547436594 -0.0008035242661642748 0.0006843340701746807 0.9999995241040095 387.0216078270298
0.9999987225643246 0.001164690039156477 0.001076628410458986 -0.3159896028071682 -0.0011649893912920415 0.9999992877261866 0.00027956006281675753 -7.637290619784588 -0.0010762923854467283 -0.0002808190891363929 0.9999994753726186 388.73201993314535
0.9999963845368962 0.0022472420789688484 0.001453018045798208 -0.3200284405360716 -0.0022486553111903933 0.9999969947991401 0.0009726217312304288 -7.66888024120692 -0.001450820873268285 -0.0009758886144233546 0.9999985146070826 390.2896159143631
0.9999941081346801 0.00291059043424312 0.0018295102805420112 -0.3231797480801942 -0.002911134469851404 0.9999957462301386 0.00029512563236477386 -7.6990857931383605 -0.0018286380584806993 -0.0003004533157361934 0.9999983423031507 391.84814299905054
0.9999935135509166 0.002930087121274417 0.0020947553323799667 -0.32317295223721004 -0.002931055565533341 0.9999955701406863 0.000458687499904929 -7.736772684466078 -0.002093403411322035 -0.00046482814651094013 0.9999977581957384 393.5674900829955
