0.000000 -0.000000 0.000000 0.000000
0.287920 2.986691 0.285091 2.971434
0.971569 5.887651 0.963612 5.864464
2.050498 8.646240 2.033021 8.611317
3.483068 11.215600 3.508423 11.253098
5.252124 13.530580 5.274190 13.555005
7.315983 15.554830 7.330882 15.567659
9.617499 17.248350 9.626720 17.254626
12.138440 18.605410 12.139271 18.606402
14.845670 19.655580 14.836624 19.653116
17.710960 20.442900 17.692723 20.439147
20.708720 20.958900 20.675734 20.954777
23.853650 21.214680 23.911929 21.215933
27.127230 21.215640 27.176217 21.212737
30.502910 21.029600 30.540945 21.024864
33.942320 20.718590 33.970086 20.712840
37.526800 20.278900 37.541923 20.273267
41.305500 19.746480 41.308137 19.741412
45.281370 19.137530 45.270202 19.133423
49.442010 18.473180 49.415508 18.470379
53.784140 17.768220 53.742619 17.766390
58.319700 17.046980 58.257872 17.046667
63.045640 16.314830 63.119384 16.291976
67.933580 15.564290 67.993351 15.542148
72.949570 14.807080 72.990750 14.786383
78.112070 14.037650 78.136810 14.017761
83.403150 13.249300 83.408481 13.230652
88.827470 12.428430 88.809926 12.411562
94.384170 11.569350 94.344982 11.554416
100.052700 10.639880 99.990059 10.627780
105.791000 9.611618 105.708506 9.602480
111.620600 8.486629 111.705215 8.442831
117.518200 7.246929 117.583239 7.204121
123.481700 5.883248 123.524807 5.842637
129.500400 4.402279 129.523627 4.364094
135.583700 2.806947 135.579941 2.773800
141.730400 1.132152 141.699185 1.104769
147.930500 -0.644931 147.878177 -0.667598
154.181200 -2.533182 154.109726 -2.551122
160.473700 -4.525316 160.386348 -4.539342
166.825700 -6.614701 166.918740 -6.690656
173.224500 -8.806086 173.296196 -8.878112
179.671400 -11.085600 179.725174 -11.154044
186.169900 -13.447970 186.198903 -13.510101
192.708700 -15.908790 192.719547 -15.966669
199.295800 -18.474840 199.273767 -18.522155
205.877000 -21.127230 205.837689 -21.169470
212.474400 -23.878960 212.412087 -23.913551
219.085400 -26.695130 218.991123 -26.717745
225.674300 -29.566300 225.566923 -29.584452
232.258400 -32.511370 232.342341 -32.617872
238.826600 -35.515520 238.887899 -35.615102
245.357100 -38.591140 245.395114 -38.682979
251.842400 -41.746310 251.854560 -41.828610
258.295100 -44.977770 258.290983 -45.054581
264.734000 -48.300070 264.707951 -48.367987
271.174400 -51.720410 271.125288 -51.778211
277.658000 -55.253110 277.584243 -55.299402
284.188500 -58.892510 284.091515 -58.927576
290.770400 -62.649290 290.653612 -62.674846
297.421200 -66.505210 297.490353 -66.641643
304.114100 -70.451700 304.169805 -70.583720
310.871400 -74.512450 310.903783 -74.634308
317.638300 -78.729880 317.650197 -78.842890
324.412000 -83.100090 324.399149 -83.200473
331.147700 -87.570510 331.115158 -87.660786
337.838900 -92.151540 337.785147 -92.229885
344.489200 -96.836160 344.415573 -96.903058
351.109400 -101.590900 351.019098 -101.647744
357.680900 -106.441100 357.565761 -106.481702
364.205100 -111.363100 364.067882 -111.388242
370.654300 -116.349400 370.707095 -116.525018
377.044400 -121.373300 377.072875 -121.533962
383.353100 -126.497900 383.362174 -126.646357
389.648900 -131.627300 389.634172 -131.760624
395.838500 -136.824400 395.801254 -136.942334
401.977500 -142.068800 401.924341 -142.176172
408.063900 -147.386100 407.982289 -147.471603
414.119900 -152.725600 414.017702 -152.795900
420.140100 -158.070100 420.019050 -158.126520
426.135700 -163.442300 425.993669 -163.482634
432.096100 -168.831000 432.130946 -169.034930
438.042000 -174.202900 438.057256 -174.391064
444.039200 -179.520000 444.036715 -179.694836
450.064000 -184.791600 450.046445 -184.955468
456.158000 -189.992400 456.115906 -190.138517
462.246200 -195.183000 462.184817 -195.315867
468.350900 -200.337600 468.267994 -200.455478
474.468300 -205.478700 474.364065 -205.582171
480.606000 -210.588600 480.480918 -210.678222
486.757700 -215.677000 486.610302 -215.751457
492.916600 -220.757600 492.751147 -220.820553
499.072200 -225.827000 499.089328 -226.043666
505.239000 -230.914300 505.231120 -231.113497
511.393900 -235.996900 511.363906 -236.181111
517.549300 -241.076200 517.499887 -241.247451
523.710600 -246.155700 523.641378 -246.313765
529.865100 -251.222800 529.783140 -251.373508
536.037700 -256.292500 535.931936 -256.426851
542.213600 -261.366100 542.085683 -261.485345
548.376000 -266.436600 548.230092 -266.544002
554.549300 -271.525400 554.378564 -271.615508
560.720400 -276.614600 560.723804 -276.851663
566.895900 -281.702100 566.877721 -281.924413
573.077300 -286.787100 573.034505 -286.992037
579.254000 -291.852900 579.189652 -292.043369
585.438300 -296.913900 585.343623 -297.082616
591.610800 -301.938300 591.499331 -302.096576
597.802700 -306.948800 597.667344 -307.091082
604.002400 -311.952300 603.843639 -312.078552
610.204100 -316.963500 610.020753 -317.073021
616.401400 -321.978100 616.392168 -322.231665
622.606700 -326.989100 622.576097 -327.228389
628.813800 -331.994200 628.764106 -332.221178
635.032400 -336.999800 634.953654 -337.206441
641.237400 -341.988600 641.140383 -342.183631
647.445400 -346.968600 647.326737 -347.149408
653.662300 -351.935500 653.520155 -352.100686
659.877900 -356.880600 659.719264 -357.035967
666.112000 -361.828900 665.924545 -361.964530
672.350500 -366.769500 672.139208 -366.889420
678.587600 -371.720300 678.553525 -371.984074
684.819800 -376.684200 684.762841 -376.932902
691.040800 -381.648800 690.964913 -381.885629
697.271000 -386.614300 697.175357 -386.838437
703.506500 -391.568600 703.387854 -391.777465
709.744100 -396.517700 709.607253 -396.715324
715.983900 -401.433800 715.826880 -401.618626
722.229600 -406.329600 722.047294 -406.498067
728.498300 -411.207700 728.292628 -411.361222
734.766400 -416.073400 734.537992 -416.212431
741.047900 -420.934000 740.998864 -421.214997
747.328900 -425.791700 747.258549 -426.059551
753.611600 -430.654100 753.519445 -430.907864
759.909100 -435.497600 759.796333 -435.738470
766.234600 -440.329500 766.096771 -440.554233
772.573000 -445.140400 772.412157 -445.350815
778.917600 -449.932200 778.738226 -450.131804
785.270600 -454.711000 785.068962 -454.896867
791.604400 -459.487600 791.381747 -459.660310
797.914000 -464.271400 797.671671 -464.432053
804.202800 -469.044800 804.143267 -469.347381
810.490200 -473.819600 810.411897 -474.110836
816.791500 -478.590500 816.690642 -478.867362
823.116400 -483.340400 822.993098 -483.603312
829.464500 -488.061400 829.328563 -488.317738
835.854100 -492.776100 835.689704 -493.014473
842.262300 -497.485400 842.076093 -497.710759
848.682700 -502.196400 848.474821 -502.408843
855.114700 -506.913500 854.887069 -507.114621
861.557000 -511.637000 861.309476 -511.826464
868.011600 -516.355400 867.945950 -516.680984
874.441900 -521.049300 874.358853 -521.364943
880.882200 -525.706500 880.781335 -526.011618
887.323800 -530.307900 887.198615 -530.598324
893.755000 -534.861900 893.603440 -535.136419
900.174200 -539.374300 899.999805 -539.635721
906.591000 -543.848100 906.394587 -544.097194
912.989900 -548.291900 912.778643 -548.533672
919.400600 -552.731200 919.167888 -552.961381
925.806600 -557.125700 925.552971 -557.344596
932.226300 -561.535200 931.951537 -561.742291
938.632500 -565.932700 938.547073 -566.272511
945.057500 -570.322000 944.950888 -570.650050
951.507700 -574.710200 951.375384 -575.023269
957.980400 -579.074900 957.822680 -579.373669
964.464000 -583.424600 964.288790 -583.714378
970.963300 -587.758200 970.760242 -588.032252
977.455300 -592.093300 977.229295 -592.355161
983.961700 -596.421100 983.707886 -596.666826
990.461700 -600.766400 990.185190 -601.000084
996.966300 -605.096100 996.879643 -605.459056
1003.471000 -609.407800 1003.361707 -609.758532
1009.973000 -613.695400 1009.842980 -614.035027
1016.458000 -617.959200 1016.305566 -618.286991
1022.925000 -622.217200 1022.748449 -622.532043
1029.367000 -626.452700 1029.167850 -626.754929
1035.804000 -630.641600 1035.582462 -630.932725
1042.231000 -634.798800 1041.987399 -635.078096
1048.656000 -638.946200 1048.391718 -639.215031
1055.084000 -643.051500 1054.795457 -643.308108
1061.525000 -647.144100 1061.424298 -647.522236
1067.966000 -651.185500 1067.849811 -651.557015
1074.401000 -655.235300 1074.264890 -655.596980
1080.840000 -659.293400 1080.681347 -659.643524
1087.270000 -663.328400 1087.094440 -663.670523
1093.718000 -667.347400 1093.523453 -667.680116
1100.195000 -671.340900 1099.982336 -671.665175
1106.668000 -675.317100 1106.430835 -675.629660
1113.157000 -679.272000 1112.898327 -679.574378
1119.659000 -683.201000 1119.378198 -683.492878
1126.198000 -687.131900 1125.889871 -687.410105
1132.753000 -691.046400 1132.629823 -691.437766
1139.341000 -694.955400 1139.189955 -695.332654
1145.954000 -698.852200 1145.781446 -699.219381
1152.585000 -702.740800 1152.389626 -703.097295
1159.229000 -706.637800 1159.010129 -706.983343
1165.886000 -710.538400 1165.644253 -710.873044
1172.562000 -714.459000 1172.299978 -714.784557
1179.271000 -718.394000 1178.984385 -718.707991
1186.021000 -722.344800 1185.704874 -722.644494
1192.784000 -726.294800 1192.455484 -726.589829
1199.585000 -730.258400 1199.458080 -730.673563
1206.417000 -734.212600 1206.274109 -734.621184
1213.283000 -738.159200 1213.118015 -738.557547
1220.173000 -742.105200 1219.988007 -742.494904
1227.101000 -746.027900 1226.898911 -746.410436
1234.074000 -749.929400 1233.851152 -750.303064
1241.082000 -753.823500 1240.836792 -754.187176
1248.123000 -757.717500 1247.860325 -758.074663
1255.209000 -761.611600 1254.922688 -761.958568
1262.318000 -765.501500 1262.016059 -765.842862
1269.473000 -769.393200 1269.135935 -769.718757
1276.670000 -773.287000 1276.537403 -773.725699
1283.885000 -777.170800 1283.725487 -777.598050
1291.103000 -781.040700 1290.921537 -781.458614
1298.329000 -784.899000 1298.128431 -785.309365
1305.561000 -788.742100 1305.339176 -789.144091
1312.794000 -792.571300 1312.550835 -792.964632
1320.032000 -796.384600 1319.772129 -796.772288
1327.287000 -800.172300 1327.006053 -800.551642
1334.542000 -803.950000 1334.241287 -804.322190
1341.797000 -807.723100 1341.478432 -808.088631
1349.058000 -811.481900 1348.718472 -811.839602
1356.319000 -815.232700 1355.958889 -815.582695
1363.568000 -818.960500 1363.419950 -819.422553
1370.797000 -822.663500 1370.627829 -823.117008
1378.014000 -826.342400 1377.820801 -826.786344
1385.241000 -830.002800 1385.018712 -830.434807
1392.473000 -833.639800 1392.225525 -834.061882
1399.712000 -837.258600 1399.437908 -837.670197
1406.940000 -840.856000 1406.639577 -841.256931
1414.145000 -844.419900 1413.821200 -844.812464
1421.338000 -847.958700 1420.987610 -848.341075
1428.540000 -851.473700 1428.391622 -851.957706
1435.735000 -854.974700 1435.564198 -855.450288
1442.936000 -858.462100 1442.736341 -858.926025
1450.116000 -861.922600 1449.894659 -862.378872
1457.288000 -865.353900 1457.040334 -865.799845
1464.432000 -868.758100 1464.159059 -869.194765
1471.550000 -872.135000 1471.254938 -872.563926
1478.642000 -875.485100 1478.321967 -875.904754
1485.696000 -878.796500 1485.352243 -879.207735
1492.712000 -882.085000 1492.342669 -882.487003
1499.686000 -885.346400 1499.512550 -885.843012
1506.608000 -888.579300 1506.418355 -889.070743
1513.510000 -891.787400 1513.300670 -892.271857
1520.388000 -894.966500 1520.158637 -895.444144
1527.242000 -898.117000 1526.997399 -898.590118
1534.067000 -901.240100 1533.798906 -901.705102
1540.873000 -904.334900 1540.585077 -904.793147
1547.641000 -907.393900 1547.330368 -907.844626
1554.374000 -910.425200 1554.041558 -910.868744
1561.071000 -913.426300 1560.716660 -913.862254
1567.716000 -916.424100 1567.342199 -916.853345
1574.331000 -919.426300 1574.148368 -919.944981
1580.910000 -922.431500 1580.710823 -922.945399
1587.477000 -925.449400 1587.250797 -925.953385
1593.998000 -928.484000 1593.748386 -928.979968
1600.456000 -931.552300 1600.185104 -932.040718
1606.851000 -934.653500 1606.559470 -935.134652
1613.177000 -937.795300 1612.864567 -938.268141
1619.446000 -940.960600 1619.108432 -941.422707
1625.639000 -944.138700 1625.286666 -944.595632
1631.780000 -947.302000 1631.412309 -947.753283
1637.876000 -950.461600 1637.681237 -951.004564
1643.920000 -953.598100 1643.704063 -954.132227
1649.931000 -956.702500 1649.693982 -957.227869
1655.907000 -959.742900 1655.649308 -960.259467
1661.857000 -962.732200 1661.578500 -963.240901
1667.828000 -965.652000 1667.524591 -966.150579
1673.786000 -968.517000 1673.463333 -969.008523
1679.740000 -971.331200 1679.398572 -971.816216
1685.682000 -974.128800 1685.315573 -974.604477
1691.585000 -976.910500 1691.201229 -977.379981
1697.460000 -979.678900 1697.244891 -980.230062
1703.321000 -982.431100 1703.074892 -982.969734
1709.144000 -985.145100 1708.883254 -985.679083
1714.950000 -987.831400 1714.664376 -988.355612
1720.748000 -990.466700 1720.445686 -990.985358
1726.528000 -993.063100 1726.201286 -993.573191
1732.261000 -995.615600 1731.914802 -996.119184
1737.915000 -998.126400 1737.547866 -998.622671
1743.475000 -1000.590000 1743.085833 -1001.078448
1748.971000 -1002.990000 1748.736161 -1003.548496
1754.388000 -1005.375000 1754.135172 -1005.927333
1759.751000 -1007.751000 1759.473808 -1008.295472
1764.998000 -1010.123000 1764.703389 -1010.661116
1770.113000 -1012.467000 1769.800282 -1012.999700
1775.097000 -1014.785000 1774.765088 -1015.310083
1779.954000 -1017.080000 1779.605189 -1017.598209
1784.649000 -1019.347000 1784.284882 -1019.859721
1789.178000 -1021.604000 1788.796343 -1022.107697
1793.508000 -1023.881000 1793.261002 -1024.458814
1797.645000 -1026.269000 1797.375625 -1026.838762
1801.573000 -1028.814000 1801.284567 -1029.375178
1805.302000 -1031.525000 1804.994107 -1032.075115
1808.823000 -1034.439000 1808.494773 -1034.975455
1812.120000 -1037.563000 1811.772582 -1038.084145
1815.169000 -1040.921000 1814.801808 -1041.422782
1817.931000 -1044.484000 1817.549625 -1044.967029
1820.326000 -1048.207000 1820.069248 -1048.832249
1822.465000 -1052.152000 1822.187693 -1052.760196
1824.255000 -1056.260000 1823.956870 -1056.848937
1825.688000 -1060.491000 1825.375458 -1061.063672
1826.758000 -1064.825000 1826.431447 -1065.378363
1827.464000 -1069.230000 1827.129086 -1069.766174
1827.812000 -1073.687000 1827.468396 -1074.199733
1827.812000 -1078.165000 1827.463459 -1078.659159
1827.468000 -1082.643000 1827.116383 -1083.120685
1826.704000 -1087.072000 1826.387578 -1087.712304
1825.633000 -1091.489000 1825.306424 -1092.106263
1824.183000 -1095.811000 1823.850511 -1096.408100
1822.357000 -1099.995000 1822.019593 -1100.568082
1820.139000 -1103.994000 1819.799321 -1104.547629
1817.589000 -1107.799000 1817.248970 -1108.331947
1814.723000 -1111.351000 1814.384172 -1111.864872
1811.551000 -1114.626000 1811.215346 -1115.126647
1808.088000 -1117.606000 1807.761939 -1118.093842
1804.284000 -1120.246000 1803.911429 -1120.850321
1800.315000 -1122.623000 1799.939571 -1123.206816
1796.124000 -1124.692000 1795.752543 -1125.258293
1791.742000 -1126.471000 1791.376821 -1127.024044
1787.194000 -1127.955000 1786.838697 -1128.496836
1782.506000 -1129.180000 1782.160481 -1129.715180
1777.702000 -1130.193000 1777.370055 -1130.723635
1772.797000 -1131.038000 1772.479019 -1131.565228
1767.796000 -1131.740000 1767.494434 -1132.265054
1762.736000 -1132.348000 1762.452024 -1132.870407
1757.655000 -1132.885000 1757.387960 -1133.405622
1752.565000 -1133.366000 1752.149300 -1133.899224
1747.458000 -1133.818000 1747.061547 -1134.347745
1742.342000 -1134.251000 1741.962360 -1134.777104
1737.220000 -1134.667000 1736.858145 -1135.190676
1732.115000 -1135.064000 1731.769045 -1135.584832
1727.075000 -1135.441000 1726.742790 -1135.958883
1722.082000 -1135.788000 1721.769948 -1136.303368
1717.161000 -1136.086000 1716.863816 -1136.597942
1712.341000 -1136.271000 1712.056928 -1136.781336
1707.613000 -1136.285000 1707.211971 -1136.803187
1703.031000 -1136.085000 1702.650807 -1136.599708
1698.586000 -1135.613000 1698.221994 -1136.125355
1694.241000 -1134.791000 1693.890502 -1135.300209
1689.991000 -1133.671000 1689.648662 -1134.178262
1685.870000 -1132.171000 1685.528501 -1132.675070
1681.961000 -1130.284000 1681.618741 -1130.787809
1678.306000 -1127.996000 1677.961661 -1128.504353
1674.826000 -1125.267000 1674.481750 -1125.761700
1671.787000 -1122.274000 1671.444475 -1122.765866
1669.099000 -1118.972000 1668.758384 -1119.463806
1666.783000 -1115.408000 1666.441239 -1115.902321
1664.817000 -1111.609000 1664.474621 -1112.109468
1663.209000 -1107.637000 1662.865414 -1108.145389
1661.958000 -1103.507000 1661.603134 -1104.020322
1661.115000 -1099.284000 1660.753496 -1099.808979
1660.724000 -1094.939000 1660.344844 -1095.473806
1660.665000 -1090.516000 1660.372386 -1090.981255
1661.140000 -1086.159000 1660.840888 -1086.634281
1662.049000 -1081.841000 1661.736822 -1082.323095
1663.374000 -1077.556000 1663.050251 -1078.047294
1665.055000 -1073.325000 1664.723445 -1073.826616
1667.040000 -1069.131000 1666.694113 -1069.654697
1669.233000 -1064.989000 1668.891799 -1065.510064
1671.640000 -1060.840000 1671.286843 -1061.385821
1674.135000 -1056.683000 1673.783785 -1057.228423
1676.716000 -1052.451000 1676.356598 -1053.010961
1679.381000 -1048.145000 1679.080475 -1048.615069
