0.000000 -0.000000 0.000000 0.000000
0.003267 4.566315 0.003419 4.550783
-0.031716 9.099118 -0.031403 9.067985
-0.081952 13.587370 -0.081094 13.542425
-0.172757 18.042800 -0.171312 17.982196
-0.267875 22.451640 -0.269206 22.518557
-0.358400 26.802010 -0.359427 26.852388
-0.442803 31.082040 -0.443437 31.116097
-0.523018 35.271990 -0.523456 35.290180
-0.611006 39.330190 -0.611225 39.338066
-0.673187 43.239550 -0.673252 43.230694
-0.695957 46.977480 -0.696888 47.189809
-0.690361 50.605530 -0.691179 50.569077
-0.609462 54.132960 -0.607479 54.193436
-0.411112 57.531050 -0.407878 57.575677
-0.030280 60.807340 -0.027838 60.832143
0.568852 63.940690 0.569180 63.950840
1.400581 66.903860 1.396630 66.900322
2.445156 69.702430 2.434037 69.684697
3.697183 72.300100 3.677690 72.272097
5.171922 74.740420 5.193508 74.780931
6.852965 76.941870 6.869646 76.969473
8.750799 78.905900 8.762893 78.925389
10.823450 80.634320 10.826916 80.644832
13.066210 82.178440 13.060627 82.182468
15.504950 83.526400 15.489978 83.526381
18.101340 84.588810 18.076042 84.586815
20.853170 85.339470 20.814683 85.337622
23.704110 85.757740 23.748638 85.771103
26.596700 85.903500 26.633837 85.912054
29.539120 85.860020 29.569946 85.866319
32.495530 85.669740 32.517175 85.675566
35.473920 85.419290 35.489329 85.425555
38.479390 85.150930 38.485167 85.157944
41.523140 84.840110 41.518369 84.848243
44.591610 84.512730 44.576402 84.522083
47.698590 84.159740 47.669955 84.170737
50.851300 83.780360 50.810846 83.793192
54.021280 83.370120 53.970379 83.384449
57.236480 82.963200 57.273619 82.966427
60.484150 82.564450 60.511593 82.568629
63.801630 82.126570 63.816580 82.132301
67.115350 81.671290 67.120148 81.678482
70.485000 81.248710 70.477796 81.257428
73.889090 80.831410 73.870543 80.841577
77.339480 80.402860 77.306592 80.414782
80.814430 79.981940 80.772287 79.994918
84.311560 79.560560 84.255634 79.575271
87.843140 79.132970 87.889117 79.135476
91.452740 78.712050 91.486445 78.716195
95.109110 78.302620 95.130190 78.308386
98.802080 77.939830 98.808614 77.947269
102.537600 77.577720 102.527650 77.586809
106.283100 77.182590 106.259318 77.193233
110.001900 76.763780 109.968214 76.776094
113.690700 76.253080 113.640944 76.269183
117.341000 75.581300 117.391737 75.578831
120.903700 74.751300 120.941384 74.750214
124.437500 73.785660 124.461073 73.786859
127.882800 72.651860 127.893995 72.656084
131.253600 71.361680 131.252876 71.370185
134.528800 69.931300 134.514641 69.946148
137.742000 68.328450 137.719478 68.348387
140.926800 66.546730 140.892443 66.575079
144.031200 64.574810 143.987874 64.611757
147.051200 62.406270 147.096822 62.380475
149.969500 60.049300 150.004036 60.029015
152.781800 57.504160 152.807152 57.488992
155.436800 54.746640 155.452298 54.738702
157.947400 51.752940 157.953769 51.753862
160.279800 48.634580 160.276432 48.647687
162.349000 45.353340 162.339593 45.377872
164.179800 41.946720 164.166156 41.981666
165.830900 38.447790 165.814180 38.493364
167.335400 34.861970 167.316277 34.919784
168.691200 31.242820 168.670453 31.307678
169.969500 27.582240 169.985444 27.542340
171.127300 23.900190 171.139091 23.871817
172.263200 20.221330 172.271058 20.203995
173.377000 16.599090 173.382715 16.591496
174.627000 13.004350 174.629281 13.007389
175.942500 9.442182 175.940402 9.456919
177.356800 5.917093 177.349694 5.942155
178.928800 2.434985 178.916075 2.468913
180.675800 -0.971876 180.653923 -0.924551
182.554400 -4.252484 182.523726 -4.196163
184.560700 -7.384682 184.592932 -7.418950
186.750900 -10.368790 186.778119 -10.391045
189.116500 -13.135630 189.137862 -13.147496
191.665700 -15.656880 191.675897 -15.656056
194.385900 -17.931220 194.384609 -17.921226
197.226100 -19.980800 197.213573 -19.964547
200.271800 -21.743030 200.240438 -21.719688
203.448300 -23.203180 203.400585 -23.177365
206.758900 -24.325190 206.816265 -24.329896
210.184300 -25.068170 210.225034 -25.064800
213.630700 -25.424490 213.654948 -25.416547
217.117000 -25.407460 217.124372 -25.398176
220.571900 -25.039820 220.564594 -25.032090
224.021200 -24.363710 224.002647 -24.359113
227.429900 -23.372920 227.395872 -23.375134
230.747500 -22.058700 230.701321 -22.069232
233.928400 -20.443850 233.982518 -20.407118
237.019600 -18.526770 237.057261 -18.493704
239.961000 -16.355940 239.983849 -16.329993
242.779800 -13.984550 242.789890 -13.967414
245.458500 -11.414060 245.458555 -11.405511
247.997000 -8.674394 247.989596 -8.674111
250.390600 -5.759310 250.374935 -5.770278
252.655600 -2.686673 252.634001 -2.708397
254.806500 0.534019 254.777496 0.497361
256.864000 3.862410 256.897303 3.926048
258.884400 7.263272 258.911862 7.318590
260.877600 10.718320 260.899062 10.764881
262.828700 14.222610 262.843009 14.257170
264.741600 17.745920 264.750480 17.770852
266.637600 21.266150 266.640109 21.279271
268.527700 24.786100 268.524269 24.788271
270.375000 28.334210 270.365657 28.324197
272.219500 31.917810 272.202806 31.894262
274.124700 35.502240 274.101473 35.468133
276.050500 39.060050 276.022521 39.015499
277.989700 42.665330 278.016307 42.723274
279.912600 46.301830 279.928190 46.340883
281.775800 49.949900 281.787346 49.981980
283.563100 53.532720 283.568678 53.552610
285.356500 57.056770 285.356511 57.065869
287.075600 60.536460 287.069829 60.533610
288.712000 63.954910 288.701735 63.942470
290.293900 67.289100 290.277075 67.263079
291.871100 70.559820 291.846581 70.521057
293.538100 73.753600 293.562641 73.804668
295.351100 76.864560 295.369406 76.902395
297.261700 79.892800 297.273694 79.918085
299.367900 82.771990 299.370696 82.784578
301.654700 85.444430 301.646588 85.446302
304.129900 87.873730 304.108663 87.867075
306.795800 90.009740 306.756169 89.994659
309.610300 91.815310 309.554589 91.796840
312.540600 93.287990 312.587390 93.316044
315.589700 94.424870 315.625873 94.445298
318.731100 95.231100 318.752847 95.245117
321.947000 95.719040 321.954661 95.729684
325.202000 95.875140 325.195752 95.884763
328.404100 95.672520 328.386092 95.683488
331.635400 95.086030 331.602637 95.101062
334.756200 94.171900 334.714530 94.192287
337.636900 92.963350 337.584903 92.991690
340.363200 91.461070 340.409365 91.451354
342.964100 89.692180 342.996902 89.683637
345.403300 87.579170 345.425288 87.573575
347.592200 85.092570 347.603645 85.092092
349.463400 82.321490 349.467387 82.327199
351.002500 79.397790 350.998478 79.413892
352.204000 76.402830 352.197081 76.427569
353.107800 73.306490 353.100701 73.340705
353.811200 70.096650 353.850808 69.932952
354.464700 66.889050 354.457449 66.935731
355.047400 63.664610 355.040146 63.720890
355.500500 60.449100 355.507020 60.412692
355.866900 57.296080 355.871524 57.267978
356.198500 54.208160 356.202331 54.188679
356.525800 51.221050 356.529377 51.208254
356.961300 48.369400 356.965058 48.366607
357.538900 45.752540 357.542177 45.756251
358.275300 43.388830 358.278514 43.395549
359.266800 41.238890 359.266979 41.249081
360.571800 39.373830 360.566522 39.386222
362.156300 37.835540 362.142533 37.849538
363.974400 36.638300 363.943695 36.653013
366.080400 35.761110 366.030370 35.775465
368.547300 35.234490 368.484687 35.246324
371.148400 35.045060 371.190261 35.056971
373.899500 35.175270 373.915258 35.187200
376.698100 35.611110 376.691076 35.619679
379.470900 36.322790 379.450329 36.326916
382.212100 37.294470 382.175258 37.290482
384.867700 38.517990 384.819468 38.506363
387.364100 39.991850 387.407718 40.025556
389.701500 41.780710 389.728237 41.808730
391.802700 43.839190 391.812346 43.857414
393.689400 46.099010 393.689289 46.108584
395.383900 48.474340 395.373821 48.470922
396.942200 50.928340 396.924891 50.912209
398.325500 53.450140 398.304945 53.425139
399.544900 56.052550 399.565869 56.102411
400.579700 58.728940 400.596228 58.773653
401.390700 61.486590 401.402992 61.526383
401.978000 64.333130 401.985370 64.365197
402.335300 67.250270 402.338648 67.274373
402.474600 70.259740 402.475067 70.270795
402.447300 73.356030 402.447824 73.351635
402.341800 76.540880 402.342881 76.519284
402.228800 79.805450 402.231268 79.768159
402.075400 83.156280 402.073675 83.215891
401.927800 86.597120 401.926263 86.642360
401.721900 90.113350 401.720476 90.147102
401.455800 93.737450 401.455214 93.759330
401.169200 97.438860 401.169658 97.446012
400.835400 101.196700 400.836969 101.191661
400.479100 104.981000 400.481784 104.964143
400.086700 108.745200 400.091284 108.716239
399.638200 112.493800 399.644783 112.453967
399.138700 116.226700 399.131183 116.292451
398.603300 119.924700 398.596936 119.978098
398.025400 123.612000 398.020394 123.653235
397.409200 127.314800 397.406874 127.340801
396.829000 131.013100 396.828582 131.026570
396.222300 134.687900 396.224452 134.685999
395.601900 138.281700 395.605749 138.267318
395.033400 141.881600 395.039319 141.853591
394.483600 145.487500 394.491419 145.444786
393.961300 149.091800 393.954102 149.153335
393.456700 152.724500 393.451177 152.774512
392.964400 156.362200 392.960645 156.399602
392.473900 160.012200 392.471618 160.038641
391.988000 163.681600 391.987419 163.695283
391.511200 167.360500 391.512364 167.360366
391.037700 171.040400 391.040551 171.026316
390.574400 174.743200 390.578953 174.716621
390.110100 178.440800 390.115852 178.401068
389.662900 182.147700 389.656512 182.212328
389.244100 185.891700 389.240111 185.941724
388.894800 189.677500 388.892639 189.712330
388.606000 193.461200 388.605153 193.481398
388.392800 197.250000 388.392658 197.255075
388.242200 201.058600 388.242309 201.050492
388.167200 204.843700 388.166951 204.823769
388.164900 208.656700 388.163826 208.624385
388.225800 212.467100 388.223657 212.420541
388.337900 216.277100 388.339917 216.340907
388.518500 220.100100 388.520985 220.151406
388.781300 223.924000 388.783230 223.962597
389.110400 227.762200 389.111385 227.786548
389.519500 231.600300 389.519548 231.615120
390.000700 235.455300 389.998662 235.455088
390.533100 239.323100 390.528901 239.309118
391.126500 243.191800 391.119597 243.166312
391.817200 247.082900 391.806725 247.043106
392.446500 250.991000 392.456760 251.064242
393.192700 254.933200 393.203394 254.989832
394.129800 258.841200 394.137831 258.883917
395.212400 262.725700 395.218122 262.757356
396.381300 266.559900 396.382996 266.577782
397.591700 270.309200 397.588635 270.313157
398.915600 273.988100 398.908256 273.980786
400.261600 277.620100 400.249173 277.601125
401.674900 281.230100 401.658235 281.199746
403.099300 284.836200 403.076660 284.794778
404.552600 288.368900 404.571868 288.429016
405.981400 291.858600 405.996068 291.907010
407.396700 295.286300 407.407045 295.323885
408.787500 298.654400 408.793087 298.680696
410.160300 301.970700 410.160475 301.984056
411.532700 305.248600 411.528393 305.251370
412.910200 308.514300 412.901715 308.507104
414.286500 311.815200 414.273405 311.796440
415.632400 315.158100 415.614295 315.125276
416.955300 318.554600 416.975725 318.617493
418.356500 321.950200 418.373468 322.000870
419.919100 325.360500 419.931962 325.399107
421.619500 328.772700 421.628247 328.801822
423.465300 332.205100 423.467862 332.222376
425.389400 335.648500 425.385439 335.654466
427.393700 339.062100 427.382656 339.056546
429.441400 342.427400 429.423326 342.411235
431.502800 345.736000 431.477864 345.708722
433.555500 349.037600 433.523916 349.000148
435.647400 352.345100 435.675571 352.402752
437.737700 355.673900 437.758228 355.719362
439.858900 359.019800 439.872555 359.054489
441.938400 362.354800 441.944179 362.377310
444.011500 365.707600 444.009473 365.717376
446.074200 369.043000 446.065515 369.042011
448.108100 372.393000 448.092389 372.379928
450.106200 375.748500 450.084311 375.724679
452.077600 379.076100 452.049568 379.042503
454.072700 382.382200 454.102105 382.443432
456.149900 385.671800 456.174516 385.722579
458.224600 388.968400 458.241089 389.007213
460.351800 392.205600 460.361269 392.232819
462.503100 395.388100 462.505532 395.405021
464.568500 398.419600 464.564503 398.427100
466.632000 401.347200 466.621089 401.345076
468.654400 404.221700 468.637914 404.211842
470.657600 407.038900 470.634648 407.019736
472.677800 409.783700 472.645548 409.753823
474.657200 412.487100 474.682656 412.535681
476.592600 415.139500 476.609775 415.176135
478.496300 417.710700 478.506395 417.737494
480.372100 420.213300 480.375667 420.231347
482.195400 422.602900 482.191604 422.611358
483.955500 424.843700 483.946047 424.845151
485.628500 426.923600 485.614099 426.918952
487.190800 428.865800 487.171780 428.855770
488.699400 430.731200 488.676293 430.715674
490.108000 432.491800 490.124322 432.525980
491.375400 434.138900 491.385733 434.165806
492.521700 435.661300 492.527521 435.682305
493.585300 437.088500 493.587652 437.105158
494.601900 438.498800 494.602186 438.512857
495.493900 439.942600 495.490704 439.951867
496.198400 441.455900 496.192212 441.460734
496.643000 443.038900 496.633906 443.038391
496.894900 444.688300 496.880054 444.676617
496.838300 446.434300 496.819729 446.410847
496.587000 448.236400 496.570518 448.203315
496.020500 450.035800 496.027012 450.090817
495.316800 451.880800 495.313371 451.919242
494.382600 453.714700 494.376328 453.737433
493.357500 455.591800 493.356628 455.601764
492.259600 457.525200 492.265721 457.522387
491.138900 459.531700 491.151457 459.517829
489.968800 461.583000 489.948810 461.627350
488.778600 463.722100 488.762575 463.759182
487.527700 465.987400 487.515701 466.017339
486.241900 468.332900 486.233538 468.356454
484.929200 470.750300 484.926880 470.762496
483.595100 473.196800 483.597881 473.199762
482.240900 475.680400 482.250266 475.671206
480.881200 478.179700 480.894131 478.163934
479.506700 480.715200 479.523919 480.690283
478.139700 483.249600 478.117490 483.298509
476.741800 485.776600 476.724487 485.815850
475.327000 488.358200 475.314046 488.389655
473.905700 490.923000 473.898395 490.943859
472.463600 493.499100 472.461392 493.510768
471.030900 496.048700 471.033678 496.051510
469.654400 498.493900 469.661484 498.488940
468.311000 500.883700 468.321709 500.872421
467.003300 503.201000 467.019058 503.180777
465.767600 505.385700 465.748516 505.426863
464.618000 507.421200 464.603188 507.454957
463.563200 509.303500 463.553645 509.328086
462.581700 511.077100 462.575677 511.095498
461.620900 512.827500 461.618436 512.839507
460.698800 514.516100 460.699780 514.521597
459.825600 516.111800 459.828886 516.113100
459.035800 517.582500 459.040998 517.580312
458.312900 518.912300 458.319582 518.906456
457.589200 520.176600 457.595580 520.164906
456.756600 521.359000 456.751751 521.400665
455.798000 522.446500 455.800895 522.495814
454.695200 523.354600 454.702786 523.404411
453.456700 523.963300 453.466003 524.013527
452.010000 524.448000 452.017785 524.491719
450.370300 524.664900 450.374479 524.696671
448.645800 524.629300 448.644743 524.645452
446.853700 524.242200 446.852010 524.249401
445.001300 523.578900 445.007793 523.587897
443.053700 522.715000 443.072875 522.732265
441.070200 521.621600 441.048209 521.622562
439.068600 520.385000 439.057128 520.390300
437.067600 519.079900 437.067244 519.092155
435.131900 517.711100 435.139333 517.729233
433.248700 516.276400 433.263314 516.300496
431.409100 514.772600 431.428147 514.801454
429.653800 513.188400 429.627468 513.177107
427.979000 511.552500 427.957788 511.544336
426.376200 509.872800 426.362067 509.870401
424.896200 508.159600 424.886735 508.161921
423.477300 506.386900 423.472250 506.393995
422.151700 504.603800 422.151275 504.617298
420.895300 502.757100 420.898840 502.776978
419.698800 500.847600 419.706640 500.875641
418.553100 498.879100 418.565223 498.915911
417.436100 496.852200 417.417437 496.831636
416.341100 494.769800 416.326823 494.756051
415.299400 492.613200 415.289143 492.606288
414.283100 490.400400 414.276555 490.401257
413.291100 488.174100 413.288759 488.184313
412.307400 485.928500 412.308466 485.946682
411.321100 483.659600 411.325530 483.686383
410.385800 481.369500 410.393507 481.405001
409.484300 479.070200 409.494603 479.113104
408.605900 476.771200 408.592148 476.750630
407.747600 474.482200 407.736977 474.469591
406.916200 472.194500 406.908562 472.189413
406.106200 469.923800 406.101981 469.928167
405.321800 467.714100 405.320232 467.725819
404.581200 465.613200 404.582334 465.632677
403.881000 463.647100 403.884711 463.673637
403.196100 461.842900 403.201956 461.875846
402.563700 460.074300 402.571649 460.112737
401.946900 458.305600 401.936704 458.294191
401.296600 456.548600 401.288675 456.542355
400.651300 454.770400 400.645133 454.769660
399.996700 452.984700 399.993357 452.991177
399.329600 451.125900 399.328595 451.139005
398.618400 449.218000 398.619411 449.236514
397.822000 447.249700 397.826257 447.276772
396.969800 445.208000 396.978030 445.244135
396.116100 443.116600 396.128438 443.161086
395.211200 440.967800 395.197405 440.949662
394.287700 438.749400 394.277367 438.739526
393.341900 436.497700 393.334042 436.494173
392.358600 434.221800 392.354784 434.227798
391.343800 431.907700 391.343638 431.922122
390.285600 429.531900 390.289002 429.554092
389.177900 427.104300 389.186626 427.137442
388.002000 424.633000 388.016115 424.676350
386.786000 422.153600 386.765010 422.125374
385.529200 419.645500 385.512182 419.624938
384.252800 417.122900 384.239486 417.110915
382.927300 414.575600 382.918120 414.572167
381.591500 412.030100 381.587139 412.035602
380.224100 409.463100 380.224473 409.477467
378.830100 406.889400 378.835576 406.912877
377.404400 404.303400 377.415252 404.336271
375.940700 401.722300 375.957175 401.764125
374.431300 399.137000 374.452712 399.186517
372.878200 396.550200 372.855691 396.526202
371.286300 393.960100 371.268867 393.945233
369.662600 391.367800 369.649723 391.360429
368.012000 388.798400 368.004094 388.798994
366.357200 386.258300 366.356369 386.269820
364.686300 383.683500 364.690665 383.702926
362.990500 381.103100 363.001435 381.132285
361.274100 378.545400 361.293022 378.583879
359.479500 376.079600 359.503169 376.124561
357.743100 373.713700 357.718601 373.692850
356.046500 371.424400 356.028071 371.412078
354.349500 369.168400 354.335150 369.161757
352.662900 366.944000 352.655554 366.946550
351.018900 364.780500 351.017696 364.791143
349.445300 362.679200 349.448910 362.696263
347.970100 360.669800 347.978530 360.693870
346.587900 358.760700 346.600470 358.790079
345.269200 357.004900 345.286697 357.039395
343.987600 355.420000 343.970426 355.411346
342.722300 353.942300 342.710171 353.940858
341.428400 352.599100 341.422464 352.605037
340.132200 351.423100 340.131098 351.433523
338.769300 350.441200 338.771451 350.451018
337.341700 349.681300 337.342348 349.681821
335.777200 349.128400 335.775972 349.154961
334.132400 348.908200 334.132339 348.927846
332.452400 349.031300 332.450460 349.037947
330.797800 349.428100 330.793169 349.418777
329.211100 350.167300 329.213444 350.153187
327.641800 351.098300 327.652734 351.085360
326.094800 352.236000 326.114946 352.225483
324.512700 353.489700 324.487527 353.520529
322.875800 354.863500 322.850710 354.894442
321.135500 356.302000 321.114439 356.330526
319.250000 357.710100 319.232556 357.734740
317.242300 359.002400 317.228669 359.022483
315.093800 360.160000 315.085257 360.175512
312.852600 361.167400 312.850558 361.177920
310.509200 362.008200 310.515474 362.014403
308.069100 362.662200 308.083811 362.665587
305.560600 363.146700 305.583222 363.149661
302.953900 363.438100 302.988572 363.440913
300.313300 363.558500 300.278762 363.570890
297.631800 363.522600 297.606176 363.532567
294.885100 363.381000 294.870160 363.390277
292.104200 363.172300 292.099946 363.182111
289.300900 362.939000 289.306945 362.949593
286.491000 362.678500 286.507236 362.690199
283.693500 362.370200 283.720245 362.383134
280.920600 362.098000 280.960627 362.111627
278.169000 361.857400 278.132786 361.864797
275.446800 361.657400 275.421669 361.666202
272.737000 361.519800 272.724188 361.529507
270.035600 361.455000 270.032465 361.464944
267.327700 361.497700 267.337437 361.506454
264.630400 361.676000 264.649215 361.682771
261.940300 361.979900 261.968042 361.983763
259.250900 362.413000 259.289146 362.412924
256.573600 362.959900 256.538947 362.980196
253.917300 363.655300 253.894018 363.673759
251.288400 364.497000 251.275841 364.512020
248.680300 365.504900 248.676200 365.516165
246.094700 366.666900 246.099562 366.672699
243.562600 367.994000 243.576249 367.992817
241.083300 369.508300 241.104650 369.499267
238.697300 371.174900 238.725096 371.157069
236.432200 372.983900 236.399878 373.025085
234.282400 374.915600 234.258344 374.950751
232.221400 376.965100 232.205516 376.992740
230.283900 379.136000 230.275091 379.155678
228.445400 381.408600 228.444090 381.417810
226.762700 383.789500 226.767065 383.787954
225.240300 386.284200 225.249683 386.269499
223.870500 388.875300 223.882602 388.847881
222.651800 391.576800 222.635118 391.635840
221.610300 394.407600 221.599757 394.454442
220.731600 397.346700 220.725392 397.381852
220.036100 400.374900 220.032474 400.399347
219.492700 403.546000 219.490867 403.557678
219.131100 406.829700 219.129726 406.829806
218.954900 410.176200 218.952837 410.164328
218.961000 413.566100 218.957195 413.542292
219.145900 416.967900 219.140319 416.934228
219.451900 420.389700 219.444097 420.344728
219.829800 423.806600 219.833841 423.860692
220.310500 427.237200 220.314010 427.281085
220.868900 430.684800 220.870651 430.716198
221.441400 434.161900 221.441264 434.182231
222.038500 437.663400 222.036241 437.671144
222.674200 441.192400 222.669824 441.188671
223.324700 444.766400 223.318286 444.751278
223.976800 448.390400 223.967515 448.359685
224.645100 452.052600 224.633175 452.008509
225.326300 455.738000 225.334014 455.800940
226.013500 459.438200 226.018687 459.485773
226.742700 463.131400 226.745280 463.163833
227.489100 466.830800 227.488811 466.849360
228.247700 470.527000 228.244425 470.531238
229.012100 474.215100 229.006815 474.209338
229.762000 477.897100 229.753236 477.874444
230.499300 481.567900 230.487712 481.531408
231.252900 485.238400 231.261791 485.301703
232.010300 488.886300 232.017309 488.940271
232.763300 492.531800 232.767694 492.572777
233.545900 496.169700 233.547006 496.195157
234.328200 499.811600 234.326518 499.824129
235.108100 503.420000 235.103480 503.419378
235.907500 507.019800 235.899521 507.004439
236.703700 510.603300 236.692752 510.573739
237.481000 514.162500 237.467340 514.119965
238.249000 517.704200 238.257261 517.762445
239.014400 521.230500 239.019348 521.274984
239.746800 524.741600 239.749078 524.774255
240.436600 528.231300 240.436109 528.251198
241.102000 531.689500 241.099397 531.698623
241.740900 535.133300 241.735797 535.128498
242.359400 538.550300 242.351902 538.532933
242.993900 541.935900 242.983876 541.906849
243.655500 545.295800 243.642642 545.252968
244.307800 548.630700 244.313895 548.683662
244.986700 551.924500 244.990246 551.963200
245.686600 555.189800 245.687642 555.216250
246.402300 558.403000 246.400839 558.418196
247.160300 561.604000 247.155358 561.604587
247.954300 564.747800 247.946103 564.736395
248.799800 567.843200 248.787800 567.821378
249.719700 570.881500 249.702989 570.848085
250.691800 573.875500 250.703903 573.928666
251.722500 576.816900 251.731064 576.857789
252.792400 579.719200 252.797156 579.748833
253.899200 582.619100 253.901213 582.641691
254.999400 585.538800 254.997172 585.550297
256.084000 588.464600 256.078326 588.466689
257.132200 591.413100 257.122746 591.404357
258.142200 594.337700 258.129308 594.318322
259.143500 597.295100 259.127135 597.265238
260.132300 600.227900 260.143907 600.280911
261.124300 603.146400 261.132054 603.186235
262.175000 606.016800 262.178786 606.044180
263.321800 608.844200 263.320371 608.857745
264.592700 611.600700 264.584760 611.600889
266.012800 614.279900 265.998261 614.269413
267.588100 616.881700 267.565720 616.860877
269.323800 619.428300 269.292876 619.398699
271.210100 621.881800 271.236483 621.929159
273.238300 624.254900 273.258107 624.291512
275.373300 626.509900 275.386031 626.536816
277.623300 628.637000 277.625676 628.652389
279.976600 630.608900 279.970524 630.616483
282.453700 632.438800 282.436460 632.438136
285.065600 634.108700 285.037877 634.102456
287.781800 635.684200 287.743609 635.672601
290.614800 637.170400 290.563616 637.155405
293.572000 638.551300 293.607697 638.579588
296.640000 639.897800 296.668279 639.921755
299.815900 641.203200 299.830856 641.220932
303.076400 642.494500 303.079791 642.507483
306.357100 643.765800 306.349633 643.774612
309.674900 645.021300 309.655318 645.025637
312.999700 646.243800 312.972021 646.245276
316.341000 647.457400 316.297731 647.453156
319.656500 648.689200 319.605593 648.681146
322.948500 649.961000 322.994695 649.992479
326.166800 651.311700 326.200994 651.339254
329.336100 652.739100 329.356842 652.761055
332.444200 654.205600 332.451224 654.221169
335.400500 655.659200 335.396206 655.669262
338.177900 657.091100 338.164588 657.096257
340.853600 658.520100 340.827823 658.518386
343.392000 659.901300 343.357399 659.894431
345.797500 661.222900 345.830336 661.253395
348.061700 662.470200 348.084410 662.495223
350.227800 663.663600 350.242908 663.684245
352.269800 664.764500 352.274406 664.779324
354.171500 665.743600 354.167466 665.753948
355.867200 666.596600 355.856724 666.603793
357.385800 667.323400 357.370342 667.327867
358.688300 667.945100 358.670164 667.948950
359.785500 668.454700 359.796936 668.472726
360.684700 668.879300 360.689963 668.894120
361.448900 669.240500 361.451998 669.254860
362.202200 669.609800 362.203203 669.624491
362.884200 670.041700 362.883083 670.055101
363.544500 670.582800 363.541374 670.593744
364.209800 671.330500 364.200158 671.330188
364.845000 672.309500 364.828434 672.294132
365.349200 673.552400 365.325894 673.519947
365.693100 675.079000 365.663806 675.026232
365.765200 676.782400 365.737400 676.716555
365.523700 678.539500 365.530547 678.603771
365.089100 680.489300 365.085274 680.523652
364.466100 682.514600 364.461629 682.531490
363.616300 684.610800 363.615751 684.611663
362.501500 686.760700 362.508008 686.750268
361.240200 688.988000 361.256021 688.963403
359.916600 691.336700 359.897962 691.374495
358.517400 693.800300 358.505675 693.825552
357.035700 696.407500 357.031477 696.419738
355.508800 699.115600 355.510759 699.116708
353.904300 701.929300 353.912754 701.919110
352.257400 704.823800 352.273140 704.800827
350.567500 707.796400 350.589891 707.761041
348.841400 710.853200 348.814316 710.905323
347.061700 713.947900 347.040282 713.989456
345.240600 717.126500 345.224717 717.159298
343.396200 720.384700 343.388003 720.403455
341.517100 723.688800 341.516366 723.694355
339.619000 727.060600 339.626131 727.052066
337.697800 730.488300 337.711282 730.468241
335.746300 733.965100 335.766792 733.932222
333.767200 737.500800 333.731909 737.568455
331.787300 741.093200 331.758204 741.150039
329.802100 744.697600 329.779127 744.742907
327.822700 748.252900 327.805961 748.286791
325.882900 751.750500 325.872342 751.773169
323.953700 755.221900 323.950173 755.231771
322.019400 758.698600 322.022165 758.697278
320.037700 762.177600 320.045714 762.166636
318.097700 765.622300 318.113182 765.597847
316.183200 769.057500 316.205198 769.021446
314.250000 772.494900 314.215061 772.559778
312.275800 775.931500 312.247502 775.984224
310.254000 779.359500 310.231295 779.401412
308.122800 782.782800 308.106161 782.813211
305.862800 786.166800 305.853094 786.185850
303.500700 789.503100 303.497560 789.512028
300.970800 792.776600 300.976524 792.773851
298.346100 795.948700 298.360898 795.935850
295.632400 799.046800 295.657262 799.024026
292.854400 802.131000 292.892091 802.094786
290.021900 805.167500 289.978435 805.220065
287.126600 808.146600 287.090924 808.189824
284.119000 811.063300 284.092296 811.095584
281.041800 813.860300 281.024825 813.882268
277.869300 816.545900 277.865755 816.555423
274.646800 819.105600 274.655992 819.104656
271.386100 821.531200 271.406684 821.522273
268.116800 823.813700 268.151548 823.796100
264.867100 825.970500 264.914471 825.946216
261.611600 828.060300 261.568474 828.095205
258.412200 830.064600 258.382093 830.090731
255.270800 831.964500 255.251590 831.983444
252.165400 833.785500 252.159754 833.796147
249.035500 835.465400 249.043338 835.469865
245.676600 836.941500 245.694023 836.941461
242.526400 838.395100 242.558054 838.387527
239.649200 839.782300 239.602282 839.812509
236.954200 841.095200 236.921464 841.119311
234.477400 842.339200 234.455910 842.357816
232.193600 843.528700 232.181293 843.542629
230.093400 844.639300 230.090311 844.648311
228.164600 845.633300 228.168028 845.638397
226.339700 846.487500 226.347105 846.486992
224.559800 847.148600 224.569021 847.142776
222.862900 847.611100 222.872208 847.589972
221.160000 847.853200 221.168218 847.803821
219.343600 847.650900 219.330792 847.730516
217.613700 847.228800 217.604197 847.296410
215.983200 846.459000 215.976132 846.500224
214.496600 845.376700 214.490921 845.396051
213.166300 844.015600 213.162218 844.024101
211.989600 842.443000 211.989313 842.451425
210.942500 840.673500 210.943703 840.684836
210.015200 838.668700 210.001323 838.662141
209.177100 836.492300 209.167531 836.488462
208.420100 834.203400 208.414655 834.210641
207.685300 831.756600 207.684067 831.778187
206.966400 829.169500 206.969891 829.208963
206.234900 826.499600 206.219407 826.469171
205.491300 823.727800 205.479595 823.710753
204.726900 820.872900 204.719347 820.871247
203.960100 817.947300 203.955175 817.955470
203.188700 814.944500 203.187742 814.967944
202.387700 811.853000 202.388817 811.884207
201.557100 808.685000 201.562085 808.730821
200.707000 805.446700 200.715147 805.504164
199.837600 802.169300 199.821502 802.135236
198.959100 798.853000 198.946798 798.832717
198.078300 795.512000 198.068264 795.499960
197.208100 792.134200 197.201534 792.135115
196.331500 788.727300 196.328246 788.740836
195.393800 785.296400 195.393343 785.320065
194.407000 781.832200 194.411663 781.872158
193.372100 778.361600 193.381093 778.413928
192.268500 774.862700 192.282540 774.928203
191.104500 771.351900 191.085772 771.318614
189.900200 767.803200 189.886144 767.782806
188.697400 764.215300 188.687025 764.206265
187.525500 760.573100 187.518900 760.574523
186.417200 756.874800 186.413807 756.886885
185.391100 753.140200 185.392704 753.171576
184.425300 749.376100 184.429208 749.417967
183.505800 745.586000 183.511940 745.639308
182.630800 741.760500 182.639658 741.828446
181.799600 737.920600 181.783933 737.874103
180.995700 734.046000 180.983877 734.016608
180.235100 730.165100 180.226454 730.149574
179.509000 726.267300 179.502586 726.263098
178.782600 722.358000 178.779186 722.370083
178.060700 718.433400 178.059993 718.460584
177.362100 714.485400 177.363735 714.526835
176.683600 710.485300 176.688058 710.543543
176.012100 706.523900 176.017841 706.591622
175.366700 702.573200 175.354889 702.531240
174.771600 698.664000 174.762363 698.636042
174.208700 694.786000 174.201767 694.773011
173.664500 690.971400 173.659790 690.974175
173.120400 687.194400 173.117541 687.209679
172.609800 683.452500 172.608812 683.481211
172.111300 679.757200 172.111896 679.798006
171.620100 676.075400 171.622519 676.128637
171.116500 672.425100 171.120907 672.492728
170.597300 668.791300 170.587224 668.756838
170.061700 665.158300 170.053568 665.137249
169.508500 661.515700 169.502218 661.507289
168.924400 657.855800 168.920201 657.860437
168.353600 654.164700 168.351590 654.183402
167.787000 650.469600 167.786918 650.501792
167.241700 646.760000 167.243513 646.805813
166.711700 643.033600 166.715733 643.093946
166.161900 639.298500 166.150779 639.255752
165.603300 635.547200 165.594086 635.517503
165.019900 631.781100 165.012841 631.767156
164.407900 627.989800 164.402705 627.986959
163.795100 624.165700 163.791868 624.174955
163.188600 620.333500 163.187623 620.357600
162.585900 616.485800 162.586885 616.522886
162.003800 612.637200 162.006950 612.688774
161.404000 608.796100 161.410044 608.860283
160.758000 604.972100 160.746135 604.927262
160.133600 601.135300 160.123655 601.103932
159.495800 597.273400 159.488008 597.254905
158.840300 593.366000 158.835570 593.365380
158.208600 589.447000 158.206416 589.461972
157.580800 585.515400 157.581559 585.547931
156.942900 581.558400 156.946178 581.606804
156.315100 577.584700 156.320546 577.647098
155.693100 573.602200 155.680829 573.549461
155.097900 569.612100 155.087424 569.570118
154.494600 565.631700 154.485109 565.597865
153.882900 561.635800 153.876058 561.618336
153.275400 557.661700 153.270291 557.656686
152.657100 553.699500 152.654038 553.706962
152.007000 549.736100 152.006846 549.760540
151.335500 545.780700 151.337571 545.819813
150.702300 541.830000 150.706039 541.881396
150.111100 537.863200 150.116064 537.927865
149.565800 533.878000 149.555397 533.828568
149.070700 529.886400 149.062819 529.850101
148.583300 525.892200 148.576574 525.869137
148.098100 521.899600 148.093454 521.891528
147.615200 517.906000 147.612202 517.912394
147.078600 513.924800 147.077548 513.945817
146.557400 509.928000 146.558668 509.964196
145.990800 505.947400 145.994290 505.998598
145.414200 501.983900 145.419539 502.047692
144.839400 498.023200 144.827625 497.973446
144.237000 494.066600 144.227183 494.025081
143.642200 490.086700 143.634336 490.056144
143.093600 486.100600 143.087530 486.083378
142.520000 482.109500 142.515564 482.104253
141.953600 478.120000 141.950754 478.125278
141.409200 474.120700 141.408095 474.138772
140.866200 470.116800 140.866829 470.147465
140.329900 466.129000 140.332809 466.177673
139.802900 462.170200 139.807645 462.233030
139.285200 458.259400 139.275190 458.210679
138.767400 454.380800 138.759425 454.345624
138.265200 450.537100 138.258963 450.514405
137.781900 446.703500 137.778670 446.704307
137.326700 442.890000 137.324352 442.897654
136.905100 439.064700 136.903876 439.082946
136.518100 435.237300 136.518664 435.273249
136.143200 431.414200 136.144365 431.460315
135.825400 427.592200 135.827349 427.652235
135.543200 423.737300 135.536883 423.687497
135.270100 419.908100 135.265100 419.869322
135.035900 416.031200 135.032216 416.006506
134.860400 412.167200 134.857604 412.155264
134.729600 408.319200 134.727559 408.321108
134.657500 404.515600 134.655632 404.531309
134.622800 400.768700 134.621040 400.797791
134.596400 397.079600 134.594463 397.121870
134.623000 393.460300 134.620798 393.513219
134.664700 389.903700 134.661934 389.966653
134.742900 386.395400 134.742519 386.359425
134.849100 382.945500 134.848471 382.921135
134.972000 379.565400 134.971217 379.553051
135.131800 376.244700 135.130673 376.244654
135.333900 373.018200 135.331940 373.031229
135.556500 369.861200 135.553734 369.883509
135.838900 366.777100 135.834453 366.808544
136.225700 363.791900 136.218800 363.829493
136.738700 360.891300 136.728144 360.938255
137.359000 358.081000 137.368283 358.051416
138.112400 355.303200 138.119769 355.283867
138.966200 352.534800 138.970246 352.527383
139.893600 349.805900 139.894119 349.809575
140.896000 347.157200 140.892524 347.170964
141.971400 344.579000 141.963145 344.602130
143.130500 342.084500 143.117639 342.113815
144.392300 339.674500 144.372060 339.711902
145.777400 337.332100 145.801565 337.308849
147.331500 335.073900 147.351426 335.059420
149.057400 332.893100 149.073791 332.885095
150.967000 330.772000 150.976474 330.772355
153.050000 328.762800 153.050364 328.770736
155.286900 326.913400 155.277548 326.927352
157.696000 325.210700 157.677740 325.227268
160.258100 323.696400 160.227433 323.714666
162.973100 322.395300 162.929339 322.414791
165.832800 321.314600 165.874956 321.315473
168.823000 320.455500 168.851481 320.459331
171.915000 319.751800 171.930618 319.758128
175.093600 319.154400 175.097141 319.162895
178.356600 318.621500 178.345685 318.632230
181.670600 318.107800 181.650093 318.120379
184.954100 317.552100 184.918296 317.567016
188.360600 317.014600 188.310544 317.031094
191.810500 316.498600 191.859341 316.500280
195.303300 315.956300 195.338747 315.959891
198.810200 315.370500 198.833501 315.375693
202.319700 314.727700 202.330576 314.734888
205.854900 314.018600 205.853724 314.028065
209.382100 313.210000 209.369473 313.222033
212.873900 312.313500 212.846082 312.329973
216.282400 311.315800 216.241134 311.336966
219.602300 310.211800 219.550780 310.237347
222.828600 308.969500 222.855151 308.968643
225.892800 307.618500 225.921424 307.615511
228.857400 306.132600 228.874203 306.133148
231.705300 304.510000 231.709334 304.516629
234.404500 302.795000 234.401792 302.805501
236.964200 301.022400 236.952456 301.039165
239.357400 299.191600 239.337657 299.214817
241.573300 297.348000 241.546877 297.377552
243.583200 295.531300 243.551962 295.567484
245.364000 293.745300 245.384850 293.734169
246.928300 292.003400 246.940324 291.999927
248.255900 290.313300 248.255416 290.322249
249.318200 288.712300 249.316930 288.722118
250.170400 287.137600 250.162664 287.152815
250.789300 285.600000 250.775792 285.617617
251.165900 284.019700 251.147195 284.039770
251.314100 282.347000 251.325144 282.352791
251.208600 280.685900 251.213112 280.694365
250.772400 279.031200 250.770618 279.040857
249.999900 277.363100 249.994940 277.372150
248.862600 275.742500 248.863230 275.755120
247.391400 274.199800 247.404186 274.220025
245.604100 272.717600 245.628361 272.745012
243.606700 271.249000 243.635173 271.280377
241.483200 269.657000 241.515021 269.691574
239.255900 267.931300 239.219258 267.912471
236.942400 266.062700 236.911432 266.047386
234.573400 264.060900 234.549095 264.049819
232.194200 261.911300 232.178930 261.907241
229.828600 259.643500 229.823020 259.648443
227.459400 257.285700 227.459703 257.296417
225.117700 254.818300 225.126721 254.838540
222.794900 252.268100 222.813023 252.299029
220.539900 249.684100 220.564162 249.722794
218.379000 247.150200 218.410495 247.198211
216.331900 244.688600 216.305197 244.665914
214.447100 242.296600 214.429617 242.283726
212.738900 239.986300 212.728420 239.982434
211.155100 237.800000 211.151183 237.805111
209.645500 235.806000 209.649713 235.821613
208.153800 234.063200 208.164553 234.084216
206.642600 232.599300 206.658781 232.620763
205.050700 231.388700 205.042754 231.396413
203.386000 230.453900 203.385043 230.463102
201.568800 229.804200 201.573843 229.809008
199.652600 229.469400 199.663994 229.465028
197.649300 229.448700 197.634475 229.478021
195.695200 229.808500 195.686657 229.831709
193.757500 230.545900 193.751718 230.561235
191.873400 231.575500 191.869825 231.587262
190.008500 232.786900 190.009857 232.794377
188.027800 234.075600 188.031812 234.081674
185.893500 235.390300 185.902299 235.393443
183.609800 236.705800 183.624450 236.705676
181.165200 238.005100 181.190295 238.000268
178.517300 239.254000 178.553797 239.245120
175.726900 240.407000 175.685125 240.432682
172.707400 241.421200 172.674611 241.440561
169.603600 242.357600 169.583862 242.372476
166.445500 243.209000 166.439652 243.219241
163.269700 243.975200 163.276803 243.982285
160.018600 244.710100 160.040550 244.714021
156.736700 245.397400 156.769359 245.399553
153.408400 246.036100 153.454721 246.036432
150.090200 246.634600 150.041740 246.652239
146.806300 247.228400 146.770324 247.243490
143.505000 247.801600 143.481156 247.814424
140.209300 248.367500 140.196443 248.378367
136.935100 248.926700 136.936427 248.935105
133.701200 249.482000 133.714117 249.488326
130.512300 250.041400 130.535900 250.045738
127.368600 250.623000 127.404990 250.624037
124.279500 251.271600 124.229686 251.291853
121.226800 251.988400 121.191207 252.006649
118.235900 252.796200 118.213732 252.811692
115.296000 253.710500 115.288890 253.721570
112.410900 254.793600 112.416668 254.798881
109.550100 256.073600 109.561770 256.074974
106.765300 257.559400 106.788311 257.552095
104.058300 259.195200 104.088881 259.180639
101.451300 260.983800 101.411338 261.025344
98.958900 262.930000 98.929491 262.964741
96.560750 265.038400 96.541400 265.065530
94.233290 267.302400 94.222732 267.321397
91.992660 269.682500 91.990052 269.692813
89.872160 272.215300 89.876261 272.216506
87.867480 274.902800 87.878087 274.892765
85.990600 277.735000 86.008766 277.709376
84.244040 280.710100 84.266100 280.672603
82.619100 283.777000 82.596307 283.831008
81.079690 286.968600 81.063233 287.014252
79.784310 290.233300 79.774169 290.268414
78.568560 293.653400 78.563148 293.674330
77.471470 297.091000 77.470324 297.098678
76.507590 300.590600 76.509281 300.585935
75.684350 304.118500 75.688537 304.098432
74.993740 307.691900 74.998812 307.658242
74.448540 311.297700 74.453572 311.250221
74.042020 314.935900 74.036626 314.993847
73.771590 318.594800 73.768411 318.643217
73.715910 322.261900 73.714946 322.296622
73.769420 325.907700 73.767962 325.929954
73.817040 329.552100 73.815561 329.562472
74.000290 333.173500 73.997889 333.166761
74.172500 336.809200 74.169757 336.792025
74.344680 340.442200 74.340930 340.411234
74.514430 344.091300 74.510298 344.047001
74.662940 347.746700 74.662514 347.809099
74.736070 351.400000 74.734842 351.446277
74.769320 355.000700 74.767856 355.031860
74.814470 358.586500 74.812644 358.606927
74.746920 362.178000 74.745172 362.185168
74.686830 365.745600 74.685267 365.742558
74.555740 369.317000 74.555098 369.301027
74.360040 372.935200 74.360551 372.907638
74.109450 376.533900 74.111158 376.493340
73.828330 380.133100 73.821563 380.194619
73.476450 383.716600 73.470041 383.763875
73.062260 387.295400 73.057539 387.329123
72.635640 390.839200 72.631907 390.860813
72.123690 394.365700 72.121598 394.374866
71.585570 397.910500 71.585509 397.907057
70.976400 401.435000 70.979405 401.415706
70.311850 404.959700 70.317616 404.928576
69.602670 408.449900 69.588805 408.514394
68.879140 411.948200 68.867986 411.999702
68.139490 415.452800 68.131399 415.490085
67.432580 418.981100 67.427608 419.003976
66.735590 422.501800 66.733099 422.511988
66.031790 425.991100 66.031814 425.988525
65.337700 429.457600 65.340296 429.438963
64.678150 432.971500 64.682686 432.937110
64.092350 436.564700 64.081384 436.629415
63.538820 440.165700 63.531250 440.214856
63.089490 443.780200 63.084285 443.814522
62.687700 447.405600 62.684425 447.424707
62.395430 451.016900 62.393361 451.020887
62.179910 454.600300 62.178241 454.594313
62.016060 458.184800 62.014728 458.165726
61.878910 461.762700 61.877766 461.730615
61.782260 465.339800 61.780946 465.293249
61.711200 468.924000 61.708002 468.979264
61.669710 472.506000 61.667419 472.546537
61.695530 476.094800 61.693099 476.120694
61.729390 479.666900 61.726955 479.680391
61.822870 483.270300 61.820038 483.270038
61.924810 486.878100 61.921448 486.863143
62.056550 490.478600 62.052830 490.453826
62.176020 494.117900 62.172024 494.077861
62.266690 497.773900 62.265188 497.837470
62.330910 501.484400 62.328956 501.534619
62.383600 505.245100 62.381056 505.280848
62.456820 509.016300 62.454689 509.038417
62.639660 512.800600 62.636776 512.806864
62.868350 516.638100 62.864539 516.629742
63.106400 520.456700 63.101392 520.434694
63.367240 524.259400 63.361866 524.227382
63.593570 528.081800 63.587860 528.034512
63.801530 531.888200 63.801420 531.951030
64.024540 535.667900 64.023960 535.715163
64.206830 539.467500 64.204959 539.500840
64.344710 543.234900 64.341960 543.247787
64.496310 546.996900 64.492889 546.997649
64.631930 550.743000 64.628050 550.729429
64.749170 554.462700 64.744598 554.435324
64.914610 558.167300 64.909636 558.128664
65.103700 561.867200 65.103590 561.931943
65.335960 565.517200 65.336099 565.569689
65.569200 569.190200 65.568240 569.229566
65.794250 572.863800 65.791906 572.886471
65.979210 576.521900 65.975976 576.528026
66.180050 580.172300 66.176117 580.164707
66.362280 583.853000 66.357631 583.831617
66.538350 587.515200 66.533145 587.480869
66.682270 591.168900 66.677387 591.119539
66.777600 594.811400 66.775665 594.864550
66.890400 598.420300 66.888341 598.461346
67.026690 602.042900 67.023968 602.064945
67.177460 605.622900 67.174050 605.628909
67.323020 609.198300 67.319424 609.191052
67.450500 612.758000 67.445782 612.737899
67.653570 616.289300 67.647634 616.255949
67.878290 619.813700 67.871001 619.765980
68.154010 623.308500 68.154410 623.361360
68.437020 626.799600 68.436586 626.839461
68.771410 630.257700 68.769677 630.279783
69.202550 633.695200 69.199023 633.703335
69.600670 637.103300 69.595405 637.097698
70.036830 640.488700 70.029814 640.471316
70.506270 643.807100 70.498039 643.777901
70.892770 647.161500 70.883727 647.120185
71.232770 650.443300 71.233525 650.496294
71.580170 653.720500 71.580849 653.762185
71.988160 656.939000 71.986750 656.966719
72.305150 660.204100 72.301998 660.218711
72.604120 663.408400 72.599769 663.409703
72.917010 666.635000 72.911132 666.621689
73.242550 669.852400 73.234403 669.824415
73.637330 673.050100 73.627211 673.005298
74.027710 676.284300 74.028923 676.332101
74.459600 679.526800 74.459958 679.561386
74.950660 682.820100 74.945422 682.820105
75.485380 686.101000 75.481056 686.106088
75.997000 689.438300 75.989463 689.426593
76.620780 692.817900 76.611779 692.797459
77.255750 696.266300 77.244505 696.233332
77.860920 699.720200 77.847615 699.673273
78.456960 703.252300 78.460484 703.306610
79.046650 706.838300 79.048516 706.878643
79.748960 710.431700 79.748278 710.458695
80.377820 714.087800 80.375099 714.103989
80.984990 717.795000 80.979417 717.793793
81.568530 721.524100 81.560760 721.509446
82.226950 725.230100 85.733308 742.693468
82.971570 728.932500 85.733308 742.693468
83.716810 732.637800 85.733308 742.693468
84.461420 736.340000 85.733308 742.693468
85.205890 740.041500 85.733308 742.693468
85.988280 743.734800 85.986403 743.752907
86.881120 747.371500 86.876242 747.377336
87.770200 751.019300 87.762061 751.011325
88.659140 754.657900 88.646948 754.637541
89.568830 758.256300 89.553045 758.220996
90.529500 761.919200 90.510728 761.868328
91.504420 765.495400 91.512839 765.553028
92.518360 769.126400 92.522963 769.166970
93.541990 772.703400 93.543219 772.731449
94.615270 776.302000 94.612728 776.316984
95.687250 779.833200 95.681362 779.837316
96.764590 783.369100 96.755379 783.362378
97.857970 786.887700 97.843851 786.866533
98.977700 790.363900 98.959295 790.329058
100.102700 793.842400 100.116014 793.904381
101.281700 797.278800 101.290692 797.326830
102.480100 800.701200 102.483729 800.732917
103.706800 804.080200 103.706373 804.100346
104.948300 807.449200 104.943274 807.456792
106.192400 810.798000 106.183500 810.795730
107.467000 814.117100 107.452478 814.100630
108.775000 817.411500 108.755165 817.382429
110.077600 820.689800 110.053153 820.649857
111.337000 823.916800 111.349562 823.971118
112.595900 827.082700 112.603726 827.122312
113.862500 830.153000 113.865269 830.179953
115.118400 833.166500 115.115231 833.179046
116.423500 836.128900 116.414466 836.129115
117.895400 839.037200 117.880063 839.026269
119.447600 841.885100 119.424454 841.861767
121.088600 844.701900 121.058057 844.666177
122.872100 847.290700 131.987595 859.737759
124.724400 849.810800 131.987595 859.737759
126.575500 852.329600 131.987595 859.737759
128.426600 854.848600 131.987595 859.737759
130.276800 857.367000 131.987595 859.737759
132.127400 859.883600 132.109596 859.877370
133.992200 862.014800 133.966909 862.000148
135.814600 864.035300 135.782639 864.014321
137.604800 865.988300 137.622105 866.021598
139.298200 867.835900 139.309774 867.863771
140.919200 869.609300 140.922923 869.628253
142.486000 871.338400 142.483969 871.350865
143.940800 872.954000 143.933006 872.960135
145.300100 874.412900 145.286153 874.412064
146.559000 875.661600 146.539391 875.654716
147.650800 876.418400 152.406489 879.244757
148.685500 877.020600 152.406489 879.244757
149.713200 877.623900 152.406489 879.244757
150.732500 878.227900 152.406489 879.244757
151.742600 878.831700 152.406489 879.244757
152.808100 879.342000 152.784817 879.324827
154.068700 879.516900 154.035832 879.486159
155.413300 879.479400 155.432735 879.521866
156.888700 879.272300 156.900814 879.297744
158.478100 878.881900 158.484296 878.898299
160.134900 878.287500 160.135162 878.297918
161.860100 877.489100 161.854390 877.498788
163.672500 876.562600 163.662254 876.574677
165.594100 875.530000 165.577799 875.545621
167.624000 874.437100 167.600257 874.456632
169.770000 873.289900 169.737194 873.314166
172.035600 872.094100 172.058732 872.088919
174.385300 870.862300 174.409491 870.856903
176.854600 869.589200 176.873214 869.586758
179.401000 868.288100 179.408586 868.291315
181.975500 866.969700 181.972983 866.978007
184.536700 865.639500 184.526186 865.652079
187.062400 864.284700 187.040970 864.303284
189.538900 862.924800 189.509448 862.947995
191.918900 861.611300 191.879614 861.640188
194.206900 860.315700 194.231752 860.308891
196.343300 858.956400 196.360987 858.954038
198.368400 857.888200 198.376943 857.892072
200.275000 856.919100 200.277362 856.926953
202.193600 856.085800 202.190274 856.095645
204.073500 855.496400 204.065092 855.503473
205.960400 855.183900 205.945871 855.181789
207.864300 855.202100 207.841892 855.183495
209.713700 855.529100 209.681442 855.487310
211.499200 856.220700 211.456361 856.151720
213.188100 857.107700 213.225682 857.209123
214.784400 858.522000 214.804566 858.585322
216.227100 860.190500 216.233551 860.222782
217.589200 862.100400 217.583902 862.109202
218.870200 864.194100 218.858206 864.186621
220.036500 866.491500 220.017900 866.468143
221.092500 868.955100 221.102232 869.000310
222.159200 871.551200 222.162081 871.579838
223.261300 874.233400 223.257884 874.246687
224.402100 877.003500 224.393375 877.003683
225.538100 879.835200 225.524218 879.821954
226.647400 882.714200 226.629740 882.690020
227.713000 885.605500 227.692761 885.571178
228.729800 888.498800 228.737333 888.544144
229.740400 891.364700 229.743000 891.395834
230.756400 894.190300 230.756059 894.212485
231.798000 896.975600 231.791160 896.980520
232.862200 899.689300 232.850427 899.682316
234.006400 902.314400 233.984703 902.287384
235.284000 904.779800 235.301898 904.835160
236.717300 907.106500 236.730370 907.148489
238.297800 909.282700 238.303694 909.309946
240.026200 911.279800 240.023150 911.292643
241.899800 913.107900 241.888456 913.110401
243.969200 914.753500 243.947913 914.744881
246.167200 916.200700 246.133704 916.180639
248.519300 917.425900 248.473840 917.398866
250.970500 918.372900 251.008267 918.417848
253.540200 919.159700 253.569278 919.193552
256.240400 919.688000 256.257198 919.708413
259.064500 919.965800 259.071648 919.979342
262.004800 920.092700 262.002794 920.103338
265.032800 920.081200 265.021225 920.090744
268.210100 920.078400 268.187898 920.088709
271.495300 919.927300 271.461577 919.938533
274.820000 919.698100 274.774180 919.710880
278.229300 919.336300 278.172825 919.351520
281.674700 918.885400 281.716829 918.889750
285.133600 918.345800 285.163760 918.350822
288.622600 917.728600 288.641557 917.734721
292.132800 917.013700 292.138466 917.021995
295.617300 916.238200 295.610342 916.248978
299.090900 915.358200 299.067773 915.373276
302.533100 914.353500 302.497286 914.372169
305.943200 913.309900 305.896330 913.332737
309.311700 912.191400 309.360325 912.184515
312.679900 911.045400 312.716761 911.041796
316.061700 909.902400 316.087807 909.902686
319.450400 908.753400 319.467088 908.756426
322.840000 907.560400 322.842785 907.568298
326.249400 906.356000 326.244698 906.366495
329.691100 905.139800 329.674144 905.154675
333.195400 903.900600 333.167422 903.919510
336.754600 902.625300 336.714416 902.648537
340.384100 901.328400 340.332220 901.356018
344.064600 899.969000 344.117616 899.958229
347.769700 898.590900 347.808723 898.585803
351.401700 897.220500 351.430193 897.218546
354.975200 895.841100 354.988011 895.845027
358.485000 894.463600 358.485392 894.472389
361.949500 893.084300 361.938176 893.097654
365.336200 891.732700 365.314433 891.750468
368.619200 890.389400 368.586823 890.411564
371.749500 889.112100 371.706859 889.138406
374.681800 887.918900 374.721327 887.911810
377.389200 886.824500 377.418344 886.821806
379.874900 885.837000 379.890299 885.840052
382.177900 884.931600 382.184453 884.938200
384.328100 884.100300 384.325649 884.110479
386.400700 883.311200 386.390890 883.324148
388.376900 882.536800 388.360572 882.552406
390.309000 881.774800 390.283902 881.793766
392.306100 880.993700 392.269453 881.017316
394.377700 880.162100 394.401920 880.161448
396.550200 879.262200 396.566167 879.264698
398.842300 878.314900 398.851351 878.320430
401.259600 877.339000 401.260174 877.348019
403.789800 876.325100 403.781024 876.337886
406.435900 875.291100 406.418206 875.307293
409.217000 874.214500 409.187306 874.235174
412.118100 873.111300 412.076290 873.136717
415.118700 871.959800 415.161954 871.952732
418.218100 870.771000 418.251502 870.767584
421.393100 869.520300 421.415616 869.520718
424.627300 868.193200 424.638597 868.197915
427.914800 866.771900 427.914565 866.781314
431.247800 865.254500 431.236863 865.268735
434.552400 863.690400 434.526550 863.711734
437.807500 862.081600 437.768012 862.110324
440.966600 860.444200 440.919307 860.477140
444.049200 858.816700 444.089938 858.804050
447.069000 857.193700 447.100584 857.186207
450.037100 855.607100 450.059441 855.604640
452.944600 854.081100 452.958676 854.083436
455.777600 852.654400 455.782539 852.661437
458.467600 851.383400 458.463306 851.394707
460.990700 850.198200 460.976988 850.213889
463.426800 849.070300 463.404399 849.089998
465.787600 847.990900 465.757422 848.014091
468.094900 846.950600 468.056494 846.977392
470.366800 845.937300 470.393689 845.935458
472.708100 844.897600 472.728037 844.898664
475.121700 843.800400 475.132006 843.806264
477.587500 842.683800 477.589481 842.692663
480.152400 841.532300 480.144421 841.545486
482.766300 840.339500 482.748807 840.356970
485.445100 839.143200 485.417129 839.165221
488.188300 837.891400 488.150382 837.918219
490.987500 836.623000 490.938225 836.654966
493.803100 835.351100 493.833227 835.347618
496.624700 834.094400 496.646266 834.094507
499.474300 832.809600 499.483944 832.815079
502.358500 831.502600 502.357480 831.512970
505.286800 830.236700 505.277728 830.250512
508.248000 828.948300 508.226650 828.967441
511.244100 827.658100 511.210254 827.682722
514.267100 826.347100 514.221764 826.376764
517.327800 825.031500 517.368029 825.024940
520.388500 823.719100 520.420366 823.715384
523.389100 822.420300 523.408784 822.422142
526.283400 821.190400 526.291802 821.197007
529.057000 820.023600 529.052953 820.035527
531.704800 818.934000 531.692800 818.949215
534.226500 817.916400 534.206718 817.934194
536.656700 816.946600 536.626269 816.968642
539.023500 815.952900 538.980900 815.978509
541.317300 814.866300 541.344390 814.867912
543.532000 813.688600 543.546557 813.694571
545.686900 812.396800 545.691308 812.407268
547.734700 810.971800 547.727234 810.984170
549.629400 809.339400 549.606404 809.352277
551.297600 807.502100 551.264012 807.517287
552.779900 805.465100 552.735613 805.481893
554.025400 803.122900 554.052802 803.126963
555.053800 800.603800 555.067632 800.603392
555.833800 797.890700 555.836509 797.887029
556.486200 795.031700 556.485382 795.031147
557.103100 792.043700 557.100474 792.049977
557.706900 788.950900 557.703154 788.963066
558.314100 785.757400 558.308572 785.778914
558.963000 782.480200 558.954548 782.514780
559.664300 779.132300 559.653206 779.179713
560.383500 775.702500 560.369669 775.762370
561.143700 772.190100 561.152247 772.150335
561.955700 768.606200 561.961438 768.577763
562.794300 764.921400 562.797525 764.903990
563.665600 761.194600 563.665660 761.190969
564.512000 757.439400 564.509252 757.448079
565.360500 753.691900 565.354366 753.715474
566.202300 749.955700 566.193285 749.992662
567.038700 746.210000 567.026634 746.259281
567.914000 742.455400 567.898371 742.516892
568.809800 738.700200 568.819945 738.654269
569.651600 734.948800 569.658648 734.915848
570.504400 731.165000 570.508449 731.144908
571.381700 727.390900 571.383390 727.381989
572.231200 723.645800 572.229634 723.650409
573.054100 719.904800 573.050358 719.919279
573.889700 716.163100 573.882804 716.191382
574.718600 712.404800 574.708639 712.447326
575.527100 708.639600 575.514661 708.694840
576.261300 704.869800 576.247692 704.938101
576.930700 701.064300 576.936690 701.025586
577.575900 697.234700 577.579757 697.204673
578.192400 693.375300 578.193272 693.361838
578.778500 689.496000 578.776908 689.498091
579.345900 685.591800 579.342337 685.607909
579.857300 681.665400 579.852122 681.695226
580.310600 677.720500 580.304057 677.763032
580.758800 673.746400 580.750827 673.805534
581.155000 669.796200 581.146183 669.869487
581.510700 665.865700 581.512383 665.825120
581.822900 661.969700 581.823076 661.942145
582.077900 658.112900 582.076469 658.101211
582.273900 654.274900 582.271690 654.274584
582.437900 650.427100 582.435085 650.440431
582.599800 646.577200 582.596476 646.602600
582.753900 642.693800 582.750057 642.735115
582.851400 638.813400 582.847453 638.865719
582.898800 634.890000 582.895021 634.955772
582.982400 630.949500 582.981131 630.902107
583.073100 627.003400 583.071729 626.970518
583.192100 623.061600 583.190469 623.045833
583.328900 619.143000 583.327015 619.136875
583.475300 615.223700 583.472988 615.229141
583.625900 611.282200 583.623133 611.304545
583.720700 607.341100 583.717325 607.377973
583.834500 603.396300 583.830961 603.445844
583.934300 599.462000 583.930747 599.523914
584.036500 595.562800 584.036142 595.514980
584.162200 591.689200 584.160811 591.656897
584.227300 587.867900 584.225629 587.847632
584.317600 584.024500 584.316219 584.014727
584.499000 580.192700 584.497256 580.198017
584.808000 576.397200 584.805308 576.412380
585.238500 572.636300 585.233816 572.662976
585.796800 568.901300 585.789601 568.938551
586.480500 565.193700 586.470157 565.242318
587.248500 561.507600 587.235505 561.569640
588.029900 557.836500 588.039231 557.795715
588.838600 554.171600 588.845884 554.142313
589.673700 550.509400 589.677578 550.495814
590.516100 546.866500 590.516735 546.866598
591.343500 543.261900 591.341157 543.275387
592.132200 539.698600 592.126885 539.725573
592.828000 536.162600 592.820880 536.200559
593.460000 532.659000 593.451393 532.707925
594.031700 529.277200 594.022113 529.333015
594.554500 526.081000 594.560671 526.044241
595.075800 523.072600 595.080652 523.050777
595.617300 520.255100 595.620119 520.244904
596.166400 517.626800 596.167121 517.626888
596.704800 515.143200 596.702944 515.155234
597.194900 512.833500 597.190935 512.853686
597.576200 510.694300 597.567779 510.722149
597.786600 508.667900 597.771782 508.699945
597.747500 506.649500 597.755755 506.651355
597.514600 504.697700 597.516959 504.705330
597.070500 502.800000 597.068407 502.812292
596.402400 500.998300 596.394150 501.011461
595.438900 499.228700 595.425970 499.240135
594.162500 497.526700 594.145975 497.533413
592.513700 495.900800 592.518073 495.917970
590.635600 494.532500 590.628674 494.544490
588.500500 493.343000 588.487612 493.351453
586.178900 492.278900 586.166924 492.287306
583.738500 491.279000 583.728233 491.287643
581.166800 490.215600 581.161260 490.226160
578.490800 489.083700 578.492350 489.097259
575.723500 487.861500 575.733161 487.878751
572.904600 486.554700 572.923985 486.576563
570.042200 485.190900 570.072523 485.218489
567.169200 483.760200 567.209204 483.793506
564.280500 482.280300 564.237844 482.271236
561.350400 480.769600 561.317710 480.765767
558.405800 479.261600 558.382853 479.262773
555.376800 477.743300 555.366130 477.750864
552.348800 476.229900 552.346870 476.241678
549.309400 474.657200 549.319085 474.675070
546.268100 473.067100 546.289277 473.090904
543.205700 471.460400 543.238013 471.490111
540.123400 469.844900 540.165769 469.879763
537.055800 468.227900 537.011914 468.217067
534.039300 466.620500 534.007311 466.616147
531.070100 465.041900 531.049735 465.043581
528.189800 463.496400 528.179012 463.503240
525.392500 461.985300 525.392697 461.998012
522.696400 460.482700 522.705745 460.500592
520.138600 459.018200 520.156222 459.041096
517.756100 457.609300 517.780607 457.636642
515.544600 456.272300 515.573921 456.302880
513.468500 454.993400 513.439598 454.988440
511.515000 453.792000 511.497336 453.794164
509.647000 452.752700 509.638631 452.761796
507.816400 451.952700 507.817093 451.964272
506.024700 451.375100 506.027188 451.379296
504.164400 451.057300 504.164346 451.047671
502.213400 450.955500 502.212630 450.987979
500.360000 451.174600 500.360863 451.200443
498.532400 451.717400 498.531247 451.731918
496.762400 452.594900 496.758043 452.595025
495.085200 453.803100 495.076346 453.788454
493.512800 455.370800 493.505169 455.345112
492.140200 457.192000 492.141101 457.162304
490.899800 459.329000 490.911954 459.300672
489.697100 461.689000 489.676491 461.739319
488.436200 464.216900 488.415037 464.266812
487.065300 466.910000 487.046666 466.954135
485.589500 469.753000 485.573901 469.790902
484.009700 472.740300 483.999202 472.767803
482.314200 475.837000 482.310443 475.851870
480.567300 479.018100 480.570378 479.020507
478.766800 482.282500 478.777099 482.271480
476.977200 485.484200 476.994109 485.461710
475.149800 488.770200 475.173305 488.735842
473.326600 492.020400 473.298014 492.078718
471.475600 495.302800 471.452547 495.350762
469.568200 498.617300 469.551412 498.654266
467.651300 501.958900 467.641673 501.983412
465.708000 505.334400 465.706727 505.344413
463.769100 508.731500 463.773603 508.731137
461.845200 512.161900 461.856616 512.148372
459.919600 515.621400 459.938716 515.595465
457.939000 519.112900 457.965973 519.071969
455.953400 522.620500 455.922755 522.681774
453.935100 526.117100 453.910414 526.167056
451.928900 529.614300 451.911053 529.653629
449.964500 533.134600 449.952737 533.163118
448.010500 536.687300 448.007107 536.700581
446.054100 540.236000 446.056408 540.238984
444.056100 543.807900 444.064716 543.799189
442.049300 547.417800 442.065931 547.394759
440.037800 551.028500 440.060635 550.994180
438.025200 554.634600 437.990593 554.702815
435.977800 558.237500 435.949544 558.294237
433.919500 561.855000 433.898059 561.899253
431.843000 565.470100 431.829115 565.501333
429.767800 569.108300 429.762191 569.124947
427.667800 572.747600 427.668992 572.752500
425.537800 576.435200 425.547680 576.424447
423.436400 580.100900 423.453942 580.076644
421.318500 583.767700 421.344519 583.728452
419.219900 587.449100 419.185887 587.515512
417.120400 591.134600 417.094228 591.187797
415.005200 594.832500 414.987229 594.870536
412.888500 598.541400 412.879084 598.564297
410.755500 602.261600 410.753392 602.271387
408.648800 605.999000 408.653842 605.996424
406.499300 609.720300 406.512689 609.703180
404.349900 613.457900 404.371049 613.426748
402.219500 617.158900 402.246880 617.116416
400.144400 620.804100 400.110872 620.868446
398.088300 624.376000 398.062765 624.426510
396.094000 627.872100 396.073911 627.913122
394.096100 631.363900 394.082702 631.393030
392.096200 634.841100 392.092075 634.854074
390.122200 638.266000 390.125080 638.266697
388.138200 641.719200 388.148409 641.706804
386.190000 645.182000 386.206740 645.156610
384.289400 648.626900 384.311830 648.591794
382.388400 652.005600 382.355298 652.069109
380.473700 655.356700 380.446206 655.409897
378.503900 658.701400 378.481375 658.744423
376.494800 662.062000 376.482606 662.087835
374.499000 665.373200 374.491926 665.390599
372.495100 668.759000 372.494570 668.765126
370.503500 672.182700 370.509523 672.177759
368.470500 675.625200 368.483732 675.608014
366.423200 679.124800 366.444340 679.093324
364.370700 682.649600 364.398905 682.605755
362.295100 686.175900 362.263734 686.234859
360.227100 689.735900 360.203094 689.783153
358.182300 693.297500 358.165156 693.332017
356.109700 696.850900 356.100389 696.871953
354.085800 700.357400 354.082444 700.367958
352.038300 703.859700 352.043199 703.856008
350.008800 707.353700 350.021440 707.336428
347.982700 710.855500 348.002268 710.826711
345.942000 714.320900 345.968659 714.280342
343.906200 717.779200 343.875931 717.835994
341.889600 721.226700 341.867060 721.269533
339.882000 724.654800 339.867100 724.684760
337.868700 728.103400 337.862177 728.118909
335.866200 731.571800 335.866105 731.576070
333.967500 735.105200 333.975239 735.092356
332.130600 738.707000 332.148019 738.679755
330.109000 742.325700 330.134118 742.284542
328.052600 745.993300 328.018351 746.058056
325.960300 749.694700 325.933032 749.746991
323.882400 753.400900 323.862530 753.440092
321.810400 757.046400 321.797846 757.071842
319.688500 760.664000 319.685341 760.673349
317.595700 764.288500 317.598855 764.286424
315.554700 767.892700 315.565370 767.876842
313.514600 771.526200 313.532520 771.498000
311.450700 775.119600 311.478200 775.075341
309.357300 778.629400 309.323199 778.689061
307.194900 782.050500 307.168186 782.096639
304.937400 785.448200 304.917063 785.482914
302.592400 788.799400 302.579349 788.822568
300.153800 792.111000 300.150804 792.119812
297.624000 795.374800 297.629503 795.373205
294.927000 798.539300 294.941026 798.526862
292.185800 801.678500 292.213169 801.653742
289.192200 804.695700 289.230022 804.663086
286.151300 807.624000 286.103213 807.677896
283.065000 810.476300 283.028800 810.516736
280.007100 813.213700 279.977553 813.247504
276.942200 815.904300 276.926197 815.925074
273.811500 818.493600 273.806621 818.504278
270.605600 820.960500 270.612454 820.961867
267.321200 823.303700 267.342093 823.295399
264.005200 825.567800 264.037345 825.552544
260.657900 827.735000 260.704049 827.712169
257.273000 829.813900 257.225053 829.850720
253.861800 831.809200 253.827858 831.836284
250.446800 833.761300 250.427203 833.779924
247.052800 835.652800 247.045334 835.664426
243.677200 837.476800 243.683813 837.480732
240.295500 839.294300 240.315583 839.291175
236.906500 841.089700 236.935122 841.082016
233.510200 842.896300 233.555022 842.879158
230.131200 844.723000 230.081284 844.757534
226.769300 846.514500 226.732867 846.541258
223.408300 848.268000 223.385166 848.287647
220.026300 849.991200 220.019281 850.002234
216.652600 851.728000 216.653674 851.734870
213.269900 853.442300 213.283653 853.442885
209.880600 855.139200 209.905388 855.132830
206.468800 856.885000 206.508613 856.871348
203.010300 858.620500 202.951365 858.657707
199.502700 860.363300 199.456199 860.393758
196.002500 862.107300 195.970107 862.131009
192.526600 863.893400 192.507966 863.910361
189.070200 865.686900 189.066439 865.695970
185.622800 867.526100 185.631863 867.528223
182.188500 869.362900 182.209520 869.358457
178.750800 871.210600 178.784596 871.199299
175.314500 873.051400 175.362480 873.032216
171.878500 874.938000 171.831622 874.971849
168.464000 876.882000 168.432167 876.908181
165.093500 878.898700 165.077798 878.915598
161.793700 881.039600 161.792841 881.046019
158.553600 883.315600 158.566396 883.310409
155.369300 885.727000 155.391194 885.712302
152.279000 888.277000 152.314752 888.248942
149.259200 890.897300 149.210472 890.948237
146.298100 893.633000 146.258635 893.674166
143.341500 896.377900 143.313885 896.408786
140.419600 899.149000 140.402356 899.169589
137.428800 901.883400 137.425107 901.891382
134.430600 904.585400 134.439321 904.582086
131.430500 907.268900 131.451922 907.254456
128.400000 909.942700 128.437781 909.914243
125.387100 912.605700 125.342731 912.650513
122.446000 915.311700 122.415521 915.344141
