-0.000000 0.000000 0.000000 0.000000
0.002038 3.941730 0.002019 3.908356
0.007571 7.908775 0.007544 7.845479
0.006781 11.904260 0.006684 11.934619
-0.005852 15.930660 -0.005826 15.928630
0.005006 19.986700 0.005045 19.952060
-0.007369 24.072100 -0.007243 24.002922
0.001962 28.194720 0.002094 28.223438
0.006827 32.335310 0.006875 32.330059
0.012119 36.507890 0.012110 36.468994
0.019429 40.704370 0.019495 40.633288
0.026224 44.928210 0.026423 44.958470
0.033592 49.179630 0.033649 49.177661
0.025370 53.457160 0.025517 53.422651
0.013229 57.745500 0.013435 57.678105
0.002764 62.027950 0.002715 62.064463
-0.005954 66.289400 -0.005894 66.291455
-0.027023 70.530000 -0.026816 70.500684
-0.046776 74.742450 -0.046444 74.682341
-0.052873 78.934960 -0.052631 78.975747
-0.048388 83.097210 -0.048332 83.108491
-0.075180 87.250150 -0.074983 87.228437
-0.111047 91.375240 -0.110408 91.324150
-0.169705 95.460760 -0.170528 95.509787
-0.234406 99.515130 -0.234581 99.534810
-0.286760 103.545900 -0.286634 103.536601
-0.334309 107.565300 -0.333818 107.527214
-0.394315 111.576600 -0.393315 111.507082
-0.429590 115.560100 -0.429534 115.588231
-0.430614 119.561300 -0.430446 119.559257
-0.456074 123.624200 -0.455790 123.591694
-0.470849 127.692500 -0.470616 127.631632
-0.470125 131.755700 -0.469758 131.792954
-0.466120 135.814600 -0.465890 135.817934
-0.464181 139.862600 -0.463931 139.838062
-0.474702 143.909900 -0.474334 143.854353
-0.484415 147.953800 -0.484118 147.996646
-0.497985 151.991700 -0.498017 152.003178
-0.518837 156.032900 -0.518660 156.012163
-0.490889 160.078600 -0.490816 160.026507
-0.476780 164.129500 -0.476184 164.173661
-0.449484 168.200000 -0.449085 168.213446
-0.411154 172.284100 -0.411009 172.265193
-0.358878 176.408600 -0.359144 176.357237
-0.313655 180.542000 -0.313148 180.591628
-0.318656 184.703900 -0.318285 184.720284
-0.308933 188.900300 -0.308639 188.885249
-0.300756 193.121300 -0.300526 193.076488
-0.295505 197.380900 -0.295369 197.437601
-0.332199 201.657300 -0.332356 201.679855
-0.348136 205.970400 -0.347797 205.963644
-0.342964 210.323200 -0.342527 210.280832
-0.357581 214.714200 -0.357245 214.638080
-0.360488 219.141900 -0.360331 219.173678
-0.375507 223.589400 -0.375165 223.589416
-0.378527 228.060200 -0.378164 228.026482
-0.374570 232.542100 -0.374222 232.474092
-0.378408 237.044600 -0.378147 237.087542
-0.382092 241.571200 -0.381706 241.584993
-0.377078 246.123100 -0.376725 246.100397
-0.365894 250.696400 -0.365582 250.640078
-0.356528 255.288500 -0.355908 255.347254
-0.340799 259.900300 -0.340243 259.926090
-0.325374 264.511300 -0.324952 264.508649
-0.317394 269.137700 -0.316980 269.100774
-0.314040 273.764900 -0.313708 273.695726
-0.306203 278.395200 -0.305559 278.445944
-0.276490 283.049800 -0.275776 283.063056
-0.230158 287.699900 -0.229767 287.680606
-0.192693 292.369200 -0.192467 292.319567
-0.168171 297.072300 -0.168197 296.989762
-0.143657 301.821100 -0.142947 301.859394
-0.111308 306.608600 -0.110722 306.612982
-0.093249 311.433100 -0.092723 311.405787
-0.107981 316.295300 -0.107464 316.236363
-0.103970 321.182300 -0.103317 321.247841
-0.096484 326.068200 -0.095905 326.100107
-0.074427 330.950800 -0.073842 330.949229
-0.054350 335.802400 -0.053898 335.767642
-0.042570 340.628700 -0.042110 340.566906
-0.035147 345.452500 -0.034562 345.506326
-0.041563 350.253200 -0.041222 350.272790
-0.075066 355.037900 -0.074482 355.023371
-0.109101 359.812500 -0.108213 359.762588
-0.141995 364.586700 -0.140818 364.501763
-0.185891 369.386600 -0.185714 369.412500
-0.237813 374.225300 -0.236885 374.177885
-0.270401 378.992900 -0.269684 378.957963
-0.296087 383.840800 -0.295143 383.760199
-0.316454 388.685700 -0.315990 388.732020
-0.323790 393.557900 -0.323173 393.567490
