0.000000 0.000000 0.000000 0.000000
-0.007832 1.689225 -0.007908 1.675641
-0.029694 3.390281 -0.029377 3.360171
-0.070081 5.150463 -0.070767 5.160880
-0.123858 6.989627 -0.124051 6.985472
-0.184475 8.978383 -0.184000 8.956563
-0.253794 11.064230 -0.252829 11.022422
-0.296212 13.335200 -0.296273 13.346417
-0.345120 15.748820 -0.344596 15.739838
-0.368644 18.288060 -0.367664 18.257021
-0.406558 20.990620 -0.405092 20.934218
-0.450732 23.849210 -0.450172 23.858973
-0.505576 26.794890 -0.504501 26.783583
-0.567916 29.817300 -0.566126 29.777813
-0.634186 32.902500 -0.631664 32.836212
-0.704629 36.067260 -0.703637 36.075472
-0.763742 39.276990 -0.761933 39.259408
-0.840559 42.506460 -0.837874 42.463620
-0.944805 45.707290 -0.944451 45.741625
-1.050114 48.934630 -1.048462 48.940290
-1.142897 52.159540 -1.140402 52.140351
-1.248790 55.372460 -1.245210 55.323641
-1.352181 58.600620 -1.350892 58.628928
-1.444555 61.847430 -1.442083 61.848974
-1.528092 65.085270 -1.524828 65.060952
-1.623511 68.349680 -1.619527 68.300283
-1.697570 71.605970 -1.695308 71.634960
-1.784427 74.842930 -1.781520 74.845985
-1.892754 78.044640 -1.888900 78.023168
-2.009246 81.241000 -2.004352 81.193972
-2.118145 84.381460 -2.115611 84.408631
-2.224921 87.410700 -2.221540 87.413696
-2.344772 90.265560 -2.340328 90.245410
-2.486719 92.915770 -2.481024 92.878003
-2.649588 95.352060 -2.647867 95.370451
-2.827593 97.533080 -2.824097 97.529319
-2.992555 99.437370 -2.987705 99.418995
-3.132396 101.119600 -3.126615 101.085775
-3.196722 102.604300 -3.192024 102.602956
-3.182672 103.907400 -3.177674 103.891251
-3.061832 105.116200 -3.058869 105.085983
-2.813888 106.240500 -2.805466 106.236420
-2.431748 107.285400 -2.427138 107.266907
-1.921488 108.234600 -1.923749 108.201847
-1.282825 109.049600 -1.270902 109.043771
-0.530716 109.791000 -0.526087 109.773039
0.374458 110.404000 0.369336 110.375822
1.408134 110.856700 1.426819 110.850507
2.533142 111.185100 2.542461 111.169835
3.783818 111.364400 3.783316 111.345717
5.173439 111.489500 5.164201 111.470097
6.728517 111.518300 6.707618 111.500619
8.447661 111.482200 8.473836 111.463979
10.365340 111.411600 10.382761 111.393609
12.440570 111.376600 12.447401 111.358753
14.658270 111.336300 14.650387 111.318544
16.980990 111.294300 16.956714 111.276951
19.371510 111.225100 19.406355 111.206294
21.827520 111.168600 21.843300 111.150040
24.338230 111.128000 24.333875 111.109828
26.865460 111.086600 26.842140 111.068767
29.340250 111.018500 29.374693 110.999042
31.824380 110.949500 31.837354 110.930558
34.255590 110.895700 34.248359 110.877168
36.655720 110.832300 36.627533 110.814087
39.023530 110.760300 39.049780 110.740344
41.348270 110.661800 41.351861 110.642650
43.625630 110.563400 43.611369 110.544882
45.778700 110.472200 45.814617 110.451367
47.871130 110.381700 47.887889 110.361575
49.939530 110.289100 49.937446 110.269679
51.971720 110.194600 51.950636 110.176005
53.966400 110.084400 53.989914 110.063039
55.968740 109.922700 55.974079 109.902673
58.012520 109.724900 57.998382 109.706827
60.142410 109.502900 60.179173 109.479510
62.329410 109.265100 62.350265 109.242977
64.563430 109.013700 64.563100 108.993903
66.805840 108.790700 66.786127 108.772614
69.024790 108.566800 69.056918 108.543156
71.274060 108.316000 71.284994 108.294643
73.551630 108.056300 73.543991 108.036983
75.878910 107.783000 75.851250 107.766120
78.249380 107.482800 78.274435 107.459170
80.656160 107.159100 80.661036 107.137907
83.128450 106.823200 83.110150 106.804913
85.650170 106.498800 85.690436 106.472872
88.195570 106.179900 88.214205 106.156634
90.756270 105.878900 90.753870 105.858050
93.347120 105.574100 93.321209 105.555905
95.936460 105.267700 95.969187 105.242479
98.498850 104.969700 98.509289 104.947081
101.043100 104.696300 101.031591 104.675916
103.535900 104.414000 103.502075 104.396325
105.990700 104.117400 106.013324 104.092819
108.401400 103.830100 108.402297 103.808098
110.756600 103.530500 110.736933 103.511070
113.078300 103.210700 113.111736 103.184147
115.356600 102.887000 115.370030 102.862719
117.639100 102.533100 117.631245 102.512161
119.873200 102.178000 119.847777 102.159969
122.079200 101.811900 122.104089 101.785169
124.272600 101.407700 124.276740 101.384447
126.424700 100.975200 126.409069 100.956234
128.537100 100.456100 128.567997 100.425746
130.617700 99.856810 130.628859 99.831172
132.667800 99.216070 132.661205 99.195959
134.687400 98.553530 134.665491 98.538142
136.660100 97.926510 136.686305 97.895685
138.607400 97.314350 138.615792 97.289094
140.503400 96.738880 140.498382 96.717485
142.369000 96.204360 142.350294 96.186494
144.202100 95.695640 144.223320 95.666944
145.980300 95.244100 145.988975 95.218655
147.725300 94.841610 147.719889 94.819071
149.451200 94.497860 149.432510 94.476450
151.160400 94.251030 151.186109 94.225422
152.853900 94.142140 152.866227 94.117532
154.532700 94.132680 154.530218 94.107762
156.196500 94.120650 156.175228 94.096631
157.821400 94.007330 157.834303 93.981778
159.401200 93.838200 159.396539 93.814307
160.938600 93.578160 160.964594 93.549463
162.417600 93.276270 162.432493 93.248719
163.854200 92.938740 163.858015 92.913571
165.277700 92.622550 165.268589 92.600298
166.674900 92.299640 166.699457 92.269427
168.125300 91.946090 168.137752 91.918392
169.638900 91.526300 169.636044 91.502654
171.214100 91.062420 171.196612 91.043353
172.836600 90.569120 172.856618 90.538437
174.480800 90.035230 174.486511 90.008898
176.115700 89.513510 176.107471 89.491516
177.736600 89.009020 177.715619 88.990640
179.315600 88.539550 179.333108 88.509685
180.808000 88.123170 180.813790 88.096553
182.185700 87.753480 182.180326 87.729416
183.432400 87.482040 183.417934 87.458402
184.623100 87.293670 184.641605 87.267117
185.803900 87.231550 185.813796 87.205949
186.952000 87.297830 186.952752 87.270911
188.068600 87.451920 188.059374 87.421857
189.154900 87.728640 189.134460 87.692902
190.233600 88.157250 190.253505 88.138994
191.320100 88.781620 191.329691 88.758525
192.410500 89.600550 192.408763 89.569579
193.454200 90.684490 193.439944 90.640886
194.437900 91.988930 194.460810 91.984744
195.378100 93.548950 195.386564 93.529034
196.271500 95.327110 196.268359 95.286049
197.137400 97.277400 197.154899 97.280682
197.949900 99.411050 197.958324 99.395186
198.716100 101.702700 198.715449 101.660237
199.516800 104.092500 199.533679 104.101219
200.371000 106.590800 200.379496 106.574878
201.252400 109.169500 201.252961 109.130135
202.151000 111.754400 202.143957 111.693110
203.059200 114.350500 203.073009 114.348091
203.983900 117.000400 204.001794 117.010043
204.857600 119.562000 204.857584 119.518848
205.735000 122.179100 205.727177 122.111860
206.598600 124.790300 206.611614 124.785797
207.440900 127.377400 207.446950 127.351023
208.242800 129.908400 208.242604 129.861806
208.997300 132.350000 208.992049 132.285876
209.687300 134.653600 209.698535 134.643549
210.315800 136.812600 210.321648 136.783964
210.853400 138.781000 210.855103 138.736251
211.314900 140.528100 211.327053 140.522443
211.724000 142.072000 211.732245 142.051557
212.087800 143.489600 212.091526 143.451199
212.418900 144.848700 212.421233 144.803639
212.644500 146.170800 212.656353 146.164588
212.735200 147.467000 212.744859 147.450917
212.655400 148.727700 212.662936 148.703067
212.394800 149.931200 212.399732 149.896122
211.967700 151.060900 211.970452 151.014787
211.327800 152.041400 211.339619 152.039414
210.570500 152.900300 210.579510 152.886207
209.690200 153.609600 209.697268 153.583149
208.709700 154.127900 208.717014 154.092169
207.628600 154.446600 207.630063 154.432134
206.514300 154.663600 206.516983 154.638990
205.342600 154.839800 205.354635 154.811445
204.054700 154.916400 204.042449 154.891362
202.653200 155.003000 202.654490 154.976482
201.071000 155.004800 201.087606 154.977779
199.317900 154.934200 199.296050 154.906234
197.401000 154.857200 197.395707 154.829832
195.316900 154.772000 195.337483 154.745385
193.070500 154.750200 193.044036 154.724319
190.668800 154.808600 190.665832 154.782712
188.123400 154.966400 188.143735 154.938722
185.505500 155.209900 185.549135 155.179497
182.877200 155.502600 182.858786 155.479447
180.229400 155.806300 180.232513 155.780776
177.558300 156.111000 177.581861 156.083227
174.880600 156.428400 174.927312 156.398106
172.210900 156.745600 172.192823 156.722946
169.531800 157.057600 169.534810 157.032654
166.857300 157.367500 166.884353 157.339808
164.166400 157.687700 164.153716 157.664955
161.543900 158.015100 161.532544 157.992431
158.917500 158.348300 158.928374 158.322875
156.307000 158.685700 156.338198 158.657715
153.701700 159.029500 153.675430 159.009198
151.074500 159.379400 151.070356 159.356423
148.417600 159.744000 148.436126 159.717957
145.726100 160.131500 145.768900 160.102246
143.006700 160.516800 142.989024 160.496067
140.244900 160.894500 140.247457 160.871142
137.441200 161.249200 137.468051 161.223035
134.595200 161.560200 134.643902 161.532345
131.711200 161.840600 131.695981 161.819281
128.789000 162.129400 128.796026 162.105967
125.847000 162.402500 125.879422 162.376986
122.922800 162.662800 122.890285 162.643155
120.011500 162.917000 120.002804 162.895335
117.096200 163.164900 117.113662 163.141147
114.183400 163.417600 114.225222 163.391806
111.271300 163.676400 111.241330 163.657076
108.360000 163.930000 108.355328 163.908650
105.444700 164.185400 105.464610 164.162037
102.540700 164.434900 102.582529 164.409895
99.644400 164.672400 99.618327 164.653172
96.744730 164.928100 96.743587 164.907112
93.849290 165.223100 93.871689 165.199752
90.952140 165.530200 91.001738 165.504051
88.065380 165.851200 88.043296 165.833165
85.150470 166.191600 85.156418 166.170521
82.242610 166.531500 82.267594 166.508354
79.311830 166.862600 79.358697 166.837134
76.393260 167.201900 76.372845 167.184272
73.438700 167.538900 73.443212 167.518522
70.485150 167.863400 70.513652 167.840574
67.519840 168.167700 67.571482 168.143070
64.540850 168.441900 64.520556 168.424136
61.540400 168.697200 61.545039 168.677330
58.537190 168.941400 58.567608 168.919622
55.533930 169.185000 55.589167 169.161335
52.543330 169.420200 52.527415 169.402275
49.571870 169.640200 49.580566 169.620550
46.635500 169.839600 46.667470 169.818663
43.710130 170.017100 43.764023 169.995248
40.823360 170.176600 40.807420 170.158806
37.953040 170.328300 37.962998 170.309259
35.132860 170.473500 35.165225 170.453460
32.385260 170.602800 32.435271 170.582230
29.704360 170.713400 29.692461 170.695586
27.093420 170.807100 27.102412 170.788595
24.583170 170.877300 24.612052 170.858460
22.209330 170.937800 22.185079 170.920725
19.944280 171.027800 19.940429 171.010350
17.748010 171.142200 17.764347 171.123770
15.606760 171.273100 15.641210 171.253577
13.545460 171.403600 13.532204 171.387237
11.568070 171.540200 11.573236 171.522787
9.709170 171.687300 9.730011 171.668571
7.998637 171.853700 7.981790 171.838790
6.432635 172.024100 6.431591 172.008012
4.995356 172.227700 5.008017 172.209554
3.674361 172.460800 3.698818 172.439339
2.475555 172.738700 2.473298 172.724956
1.394096 173.060700 1.401684 173.043874
0.435287 173.448800 0.453184 173.425557
-0.481995 173.905100 -0.483770 173.896989
-1.324858 174.456900 -1.317010 174.440467
-2.065394 175.091700 -2.049653 175.063066
-2.762100 175.808500 -2.762219 175.808633
-3.408457 176.720100 -3.401465 176.706639
-3.994755 177.763900 -3.982458 177.734964
-4.506015 178.951500 -4.503788 178.959402
-4.930925 180.367000 -4.922561 180.351656
-5.212692 181.952900 -5.203702 181.932736
-5.351521 183.714600 -5.342137 183.680463
-5.392321 185.625500 -5.383366 185.579643
-5.387940 187.682900 -5.378697 187.693409
-5.372151 189.871900 -5.363176 189.874057
-5.386586 192.193400 -5.377417 192.182598
-5.406023 194.585200 -5.396611 194.558005
-5.440439 197.017600 -5.430681 196.973884
-5.475977 199.456500 -5.467000 199.473230
-5.514842 201.934200 -5.505439 201.930740
-5.560062 204.406700 -5.550203 204.384859
-5.616804 206.863600 -5.606248 206.821992
-5.692115 209.294100 -5.683189 209.308679
-5.775682 211.678200 -5.765986 211.672013
-5.860771 213.990100 -5.850238 213.964355
-5.940900 216.159300 -5.929417 216.115388
-6.023283 218.169400 -6.013842 218.173163
-6.114588 220.000600 -6.104297 219.988014
-6.209081 221.641100 -6.197904 221.614875
-6.290085 223.094700 -6.278597 223.057790
-6.323739 224.427000 -6.312926 224.420186
-6.274326 225.732300 -6.263944 225.710170
-6.132258 226.985000 -6.124595 226.945819
-5.842543 228.167200 -5.829306 228.159832
-5.392446 229.278300 -5.384285 229.252650
-4.842747 230.275700 -4.822153 230.285149
-4.162700 231.192700 -4.147646 231.183986
-3.339169 232.032200 -3.332023 232.006261
-2.397566 232.795000 -2.402147 232.755342
-1.278517 233.345000 -1.257631 233.340647
0.002398 233.849400 0.012887 233.831823
1.451824 234.167300 1.449236 234.144153
3.063341 234.394700 3.048485 234.371064
4.818404 234.521700 4.849653 234.506687
6.718857 234.529500 6.739763 234.512463
8.771869 234.476900 8.781733 234.459495
10.950050 234.353500 10.948722 234.336504
13.283690 234.242600 13.266486 234.226444
15.698180 234.114100 15.740434 234.095054
18.109840 234.011200 18.142445 233.992545
20.538930 233.937000 20.555716 233.918806
23.000350 233.896100 22.989547 233.877917
25.454510 233.895700 25.436486 233.877471
27.927720 233.889300 27.970587 233.870804
30.407900 233.872000 30.432498 233.853351
32.882140 233.853600 32.886102 233.835008
35.338500 233.829000 35.322848 233.810541
37.779520 233.790500 37.821145 233.770903
40.179400 233.727500 40.201065 233.708257
42.552300 233.662400 42.555252 233.643496
44.907840 233.595600 44.889216 233.577308
47.226940 233.520600 47.266808 233.500092
49.522840 233.434600 49.544051 233.414859
51.803140 233.370200 51.806164 233.350914
54.049950 233.306500 54.034241 233.287602
56.280590 233.226500 56.317718 233.206202
58.445580 233.147900 58.464822 233.127742
60.619970 233.086700 60.622165 233.066923
62.750480 233.037500 62.736598 233.017446
64.846290 232.998000 64.881539 232.977135
66.907940 232.934300 66.925548 232.913751
68.927460 232.866900 68.928171 232.846709
70.887740 232.814900 70.874961 232.795040
72.825750 232.758300 72.858658 232.737349
74.737930 232.699000 74.754346 232.678042
76.618370 232.622200 76.618747 232.601887
78.487810 232.513200 78.470856 232.493832
80.415420 232.376500 80.442924 232.354105
82.423060 232.187700 82.432068 232.166746
84.524370 231.969700 84.514658 231.950849
86.709120 231.699600 86.753918 231.673855
89.024130 231.380400 89.049048 231.356994
91.467840 231.021200 91.473841 231.000360
94.024580 230.649200 94.010187 230.631166
96.704300 230.258000 96.756268 230.230672
99.500260 229.890100 99.533766 229.865590
102.390800 229.569300 102.405247 229.546884
105.358500 229.285100 105.349896 229.264621
108.344900 229.013100 108.311864 228.994701
111.363200 228.734900 111.403533 228.709870
114.373200 228.477600 114.382200 228.455075
117.360000 228.229400 117.354889 228.207776
120.339400 228.001300 120.309388 227.981240
123.309400 227.796900 123.352267 227.771705
126.241200 227.623100 126.262791 227.599405
129.151600 227.477500 129.149345 227.454837
132.012600 227.318900 131.989964 227.297392
134.854400 227.154700 134.899361 227.128990
137.658300 226.984100 137.679570 226.959510
140.441600 226.780700 140.441179 226.757621
143.209300 226.535400 143.186533 226.514604
145.977400 226.238300 146.022238 226.210137
148.746000 225.862600 148.766920 225.836757
151.518600 225.402500 151.506101 225.382016
154.265800 224.858900 154.241338 224.841478
157.017900 224.208100 157.057570 224.176145
159.770300 223.494500 159.789825 223.467296
162.519400 222.782200 162.519324 222.759645
165.292700 222.111000 165.276320 222.091767
168.051700 221.507000 168.106198 221.472879
170.813300 220.973200 170.850453 220.943167
173.565300 220.491000 173.581138 220.464454
176.245800 220.043100 176.240054 220.019990
178.818800 219.633700 178.792142 219.613584
181.257200 219.251600 181.288248 219.222532
183.679400 218.884000 183.690096 218.857813
186.086900 218.497600 186.076881 218.474777
188.454700 218.100200 188.499375 218.068147
190.804000 217.716300 190.825410 217.688210
193.140800 217.373500 193.142191 217.348091
195.432100 217.054600 195.420539 217.030787
197.727600 216.759200 197.770025 216.728508
199.972100 216.485600 199.995417 216.457217
202.098700 216.237900 202.104688 216.211449
204.042400 215.996300 204.033108 215.971449
205.749800 215.775100 205.779896 215.745154
207.241200 215.583400 207.257331 215.555260
208.613300 215.379500 208.617157 215.353082
209.946100 215.165400 209.965423 215.136333
211.132200 214.943200 211.151563 214.913983
212.136600 214.744800 212.146003 214.717407
213.062500 214.534600 213.063460 214.509108
213.959300 214.314400 213.981066 214.284022
214.824000 214.088800 214.837612 214.060234
215.687900 213.834700 215.692598 213.808154
216.575000 213.526600 216.570364 213.502329
217.490900 213.157600 217.509458 213.127439
218.457300 212.700900 218.464874 212.673585
219.480700 212.125200 219.473762 212.102102
220.511700 211.370900 220.536790 211.337862
221.550800 210.459100 221.561739 210.430694
222.555600 209.363300 222.553492 209.341122
223.474400 208.082600 223.503530 208.040583
224.312800 206.641100 224.329146 206.606109
225.044800 205.038200 225.052045 205.012684
225.610700 203.260200 225.608696 203.247845
225.969900 201.350200 225.987506 201.305116
226.110100 199.367200 226.120515 199.334468
226.043000 197.305000 226.051648 197.285507
225.807700 195.159800 225.818699 195.155149
225.430000 192.956900 225.434633 192.900476
224.916600 190.707600 224.922319 190.665179
224.270500 188.432400 224.279351 188.404761
223.514900 186.121900 223.529524 186.111201
222.660400 183.771100 222.681101 183.776730
221.783100 181.391000 221.783543 181.341653
220.891900 178.998600 220.896864 178.961525
220.021400 176.587400 220.034647 176.574506
219.223500 174.200300 219.238714 174.194941
218.482200 171.834800 218.479875 171.772115
217.818500 169.568700 217.820850 169.521973
217.216600 167.458800 217.224644 167.432154
216.650700 165.491600 216.649729 165.434259
216.110800 163.682800 216.114186 163.641555
215.577800 162.017400 215.583074 161.983196
214.999400 160.430000 215.009495 160.410164
214.344800 158.975700 214.358396 158.965838
213.573800 157.662600 213.579745 157.631633
212.660500 156.532700 212.669288 156.508442
211.582500 155.560200 211.586885 155.530265
210.426600 154.805400 210.432534 154.777912
209.163000 154.246200 209.173454 154.217480
207.764200 153.857100 207.759423 153.833771
206.280800 153.652300 206.278462 153.626379
204.678000 153.573200 204.684084 153.546080
202.976300 153.576200 202.992429 153.548498
201.140400 153.649700 201.166889 153.620977
199.175800 153.795100 199.151815 153.771418
197.094000 154.001100 197.081282 153.976172
194.884400 154.205500 194.885337 154.179355
192.560300 154.427500 192.578104 154.399796
190.124200 154.677200 190.161283 154.647582
187.577500 154.946500 187.553340 154.923680
184.929000 155.250800 184.927327 155.225602
182.198300 155.594600 182.217786 155.566893
179.402300 155.944800 179.444992 155.914507
176.570000 156.287200 176.544778 156.265323
173.734500 156.623600 173.730535 156.599242
170.901000 156.954000 170.920707 156.926957
168.081500 157.295300 168.121595 157.265882
165.284900 157.640900 165.258696 157.619794
162.507400 157.987500 162.502542 157.963864
159.747400 158.333400 159.762343 158.307485
156.984600 158.680600 157.023426 158.651759
154.216200 159.032100 154.191510 159.011572
151.439500 159.399800 151.437620 159.376529
148.640500 159.792600 148.663693 159.765874
145.813800 160.206400 145.862128 160.176358
142.963600 160.610300 142.944472 160.589693
140.057000 160.997100 140.060090 160.973626
137.092200 161.347900 137.117165 161.322153
134.059200 161.649400 134.113215 161.621237
130.993600 161.935400 130.970861 161.914771
127.858900 162.233700 127.863201 162.210616
124.683800 162.520100 124.714784 162.494734
121.492100 162.798700 121.548730 162.771321
118.297400 163.082000 118.276750 163.061693
115.103400 163.377800 115.109263 163.355199
111.913100 163.672600 111.942747 163.647900
108.723500 163.966800 108.780325 163.939876
105.531500 164.253700 105.510684 164.233894
102.343500 164.537500 102.348634 164.515535
99.161640 164.825900 99.194006 164.801414
95.959550 165.164700 96.018597 165.136868
92.746890 165.547500 92.728865 165.528985
89.526460 165.956000 89.535963 165.934231
86.297890 166.381500 86.328403 166.357075
83.033610 166.817100 83.093329 166.789022
79.736970 167.238800 79.713036 167.221730
76.427180 167.629500 76.427429 167.609483
73.050320 167.986400 73.076913 167.963797
69.640860 168.315400 69.693186 168.290611
66.194370 168.637100 66.162539 168.620242
62.710330 168.931500 62.703496 168.912418
59.214430 169.199600 59.233875 169.178727
55.734640 169.446800 55.780760 169.424358
52.271980 169.681900 52.234699 169.665201
48.833520 169.903400 48.823761 169.885005
45.431860 170.116400 45.447556 170.096568
42.051610 170.315300 42.095830 170.294249
38.742450 170.482700 38.704286 170.465826
35.535340 170.629700 35.523575 170.611696
32.460880 170.758300 32.470444 170.739523
29.526980 170.862700 29.559852 170.843249
26.736320 170.955000 26.703799 170.937779
24.096640 171.032400 24.087161 171.014737
21.599520 171.132300 21.612692 171.113864
19.316590 171.344600 9.292570 172.815136
17.201760 171.658400 9.292570 172.815136
15.089840 171.971500 9.292570 172.815136
12.980420 172.284000 9.292570 172.815136
10.872410 172.596000 9.292570 172.815136
8.838192 172.907600 8.830154 172.892734
7.132350 173.177000 7.137868 173.159954
5.611287 173.387400 5.628154 173.368856
4.309371 173.544500 4.333727 173.525496
3.237420 173.651900 3.237064 173.635449
2.375838 173.729600 2.383784 173.712430
1.679549 173.799100 1.693005 173.781425
1.056923 173.859600 1.056260 173.843341
0.465217 173.909300 0.469721 173.892478
-0.128030 173.962400 -0.118127 173.945190
-0.720230 174.003300 -0.705145 173.985866
-1.330594 174.023800 -1.330946 174.007127
-2.080426 174.055200 -2.075409 174.038370
-2.997577 174.094600 -2.984750 174.077496
-4.098643 174.120700 -4.074995 174.103345
-5.416520 174.168000 -5.423504 174.151808
-6.936037 174.228300 -6.930669 174.211759
-8.609358 174.340400 -8.588387 174.323229
-10.463980 174.413000 -10.424406 174.394233
-12.494230 174.495000 -12.504912 174.478973
-14.662590 174.544200 -14.653349 174.527755
-17.028510 174.612700 -16.998246 174.595976
-19.515490 174.656900 -19.544393 174.641376
-22.153150 174.694500 -22.160059 174.678728
-24.891700 174.736800 -24.874802 174.720809
-27.728470 174.787700 -27.684896 174.771087
-30.668830 174.869400 -30.694150 174.854879
-33.671140 174.970100 -33.672628 174.954973
-36.734690 175.074800 -36.709586 175.058966
-39.843610 175.165700 -39.792588 175.149299
-43.001160 175.252500 -43.025714 175.238561
-46.184910 175.351700 -46.184438 175.337144
-49.374400 175.443100 -49.347654 175.427945
-52.557440 175.526000 -52.506466 175.510253
-55.757590 175.616000 -55.783540 175.602508
-58.925860 175.702900 -58.928114 175.689053
-62.130070 175.804700 -62.102309 175.789996
-65.328080 175.907300 -65.276301 175.892164
-68.537660 176.003100 -68.564489 175.990264
-71.749230 176.080900 -71.747530 176.067480
-74.976500 176.145900 -74.949048 176.132053
-78.208790 176.218000 -78.155523 176.204011
-81.447070 176.257900 -81.471834 176.245216
-84.692180 176.290600 -84.691619 176.277679
-87.936790 176.288700 -87.909848 176.276029
-91.211290 176.258400 -91.158182 176.246510
-94.484440 176.204800 -94.502649 176.191824
-97.757000 176.121600 -97.758382 176.109021
-101.045200 176.004400 -101.022333 175.992869
-104.339000 175.862100 -104.290005 175.852071
-107.640300 175.694600 -107.672188 175.680779
-110.948600 175.520500 -110.958284 175.507947
-114.267700 175.326000 -114.249648 175.315158
-117.598500 175.123100 -117.553066 175.114130
-120.942600 174.923200 -120.980292 174.909371
-124.293900 174.718800 -124.302504 174.706780
-127.663000 174.505900 -127.645922 174.495674
-131.048900 174.295300 -131.005789 174.286941
-134.443100 174.072500 -134.480368 174.058987
-137.847200 173.848200 -137.861989 173.836466
-141.262000 173.635000 -141.251292 173.625071
-144.675300 173.415500 -144.638584 173.407507
-148.093400 173.189000 -148.032968 173.182547
-151.506600 172.967300 -151.526743 172.955656
-154.901800 172.728300 -154.899086 172.718469
-158.292900 172.494700 -158.264607 172.486907
-161.632200 172.250400 -161.577711 172.244457
-164.974900 172.022600 -165.003809 172.011064
-168.236000 171.803200 -168.239062 171.793684
-171.502400 171.597000 -171.480877 171.589345
-174.668300 171.359900 -174.613176 171.354834
-177.746400 171.132500 -177.778233 171.121188
-180.803200 170.903300 -180.811341 170.893934
-183.778700 170.687800 -183.763999 170.680289
-186.701500 170.475800 -186.663642 170.470142
-189.566000 170.268000 -189.598347 170.257388
-192.391300 170.070600 -192.400446 170.061788
-195.149900 169.858100 -195.139632 169.850773
-197.876000 169.626400 -197.847975 169.620647
-200.552400 169.372500 -200.505234 169.369268
-203.199000 169.063700 -203.216132 169.053413
-205.787000 168.703000 -205.784471 168.695197
-208.326100 168.290400 -208.301121 168.286347
-210.824000 167.881700 -210.776360 167.881274
-213.258300 167.488200 -213.265563 167.479362
-215.584000 167.155500 -215.569038 167.149683
-217.825600 166.951000 -217.790993 166.945758
-219.976700 166.840100 -219.990845 166.833896
-222.030600 166.826400 -222.024811 166.820359
-223.989000 166.912900 -223.965495 166.905255
-225.824600 167.087900 -225.844478 167.085989
-227.550100 167.325800 -227.554800 167.322358
-229.178200 167.608800 -229.167878 167.602628
-230.692700 167.920100 -230.671473 167.911799
-232.121600 168.192100 -232.092579 168.182751
-233.453600 168.409000 -233.459273 168.405725
-234.669500 168.528300 -234.666914 168.523514
-235.786800 168.548000 -235.776274 168.542308
-236.809500 168.431800 -236.789958 168.425291
-237.749100 168.202200 -237.721798 168.196067
-238.622500 167.871000 -238.628857 167.864802
-239.423500 167.439100 -239.419231 167.433176
-240.167900 166.948100 -240.155554 166.943865
-240.836500 166.406300 -240.817368 166.406312
-241.484000 165.802100 -241.483066 165.792648
-242.133500 165.204600 -242.126337 165.198881
-242.760700 164.564800 -242.746869 164.564571
-243.373200 163.846400 -243.351819 163.851670
-243.956600 163.041100 -243.954970 163.030638
-244.490700 162.132200 -244.481852 162.128083
-244.987900 161.116800 -244.974130 161.117489
-245.418700 159.925400 -245.399071 159.936058
-245.815100 158.551700 -245.812056 158.533568
-246.200000 156.991700 -246.192044 156.987874
-246.613900 155.230000 -246.601869 155.242624
-246.967700 153.214300 -246.966375 153.177577
-247.267000 150.943600 -247.261286 150.926105
-247.521500 148.451900 -247.513208 148.457998
-247.763400 145.749400 -247.753028 145.782491
-248.018000 142.841100 -248.013410 142.807987
-248.277200 139.720500 -248.270485 139.714092
-248.523100 136.389500 -248.514348 136.414377
-248.773200 132.870500 -248.770595 132.810833
-249.015800 129.335700 -249.011078 129.305611
-249.218400 125.814900 -249.212100 125.813722
-249.397800 122.286300 -249.390165 122.314024
-249.565200 118.755000 -249.561472 118.699355
-249.697400 115.238200 -249.692562 115.210860
-249.820200 111.741900 -249.814480 111.744276
-249.943300 108.268400 -249.936896 108.297308
-250.044800 104.815000 -250.040989 104.759864
-250.125300 101.386800 -250.120852 101.356063
-250.189300 97.986010 -250.184499 97.981324
-250.244000 94.598780 -250.238781 94.622449
-250.305600 91.259170 -250.299852 91.304826
-250.400100 87.936680 -250.396884 87.907325
-250.549700 84.645240 -250.545533 84.641008
-250.690200 81.356670 -250.685119 81.377000
-250.847000 78.103800 -250.840343 78.150020
-251.020300 74.824490 -251.018116 74.789499
-251.181200 71.549630 -251.177773 71.542647
-251.353200 68.299410 -251.348619 68.318300
-251.504400 65.068130 -251.499222 65.109880
-251.635100 61.852520 -251.633133 61.818718
-251.747700 58.661860 -251.744868 58.653866
-251.845300 55.489840 -251.841834 55.508169
-251.935900 52.343660 -251.931875 52.384829
-252.030900 49.220080 -252.029373 49.187588
-252.144000 46.116710 -252.141611 46.113425
-252.285100 43.039160 -252.281443 43.062781
-252.447800 39.988030 -252.448313 39.938675
-252.625400 36.956390 -252.624641 36.932985
-252.810700 33.954820 -252.808638 33.954365
-252.984400 30.978070 -252.981392 30.999005
-253.097600 28.028950 -253.094739 28.068396
-253.116300 25.101150 -253.115000 25.064916
-253.041100 22.203360 -253.039582 22.188547
-252.848100 19.324220 -252.847517 19.327146
-252.488000 16.480910 -252.489669 16.498385
-251.943700 13.650460 -251.950172 13.687754
-251.206200 10.846250 -251.198472 10.811713
-250.269300 8.064427 -250.264979 8.047559
-249.119400 5.314832 -249.121620 5.316398
-247.746000 2.616861 -247.759379 2.638849
-246.166100 -0.017969 -246.141915 -0.063472
-244.406300 -2.619939 -244.392905 -2.644301
-242.507000 -5.201607 -242.509164 -5.204191
-240.543700 -7.805212 -240.565074 -7.782916
-238.527600 -10.441420 -238.501146 -10.481849
-236.482900 -13.102670 -236.474642 -13.119847
-234.463000 -15.778320 -234.471434 -15.773317
-232.508700 -18.481870 -232.532252 -18.454778
-230.631700 -21.211600 -230.612288 -21.248930
-228.850200 -23.973140 -228.845768 -23.988061
-227.120500 -26.731510 -227.128142 -26.727353
-225.420200 -29.466820 -225.440690 -29.441725
-223.756600 -32.175260 -223.735509 -32.218292
-222.113500 -34.852880 -222.104689 -34.876293
-220.503000 -37.487790 -220.505574 -37.492897
-218.945600 -40.020000 -218.958407 -40.008963
-217.473700 -42.350380 -217.494288 -42.327908
-216.081800 -44.449900 -216.068408 -44.479162
-214.778200 -46.310220 -214.774226 -46.325574
-213.569900 -47.963370 -213.585342 -47.952274
-212.469800 -49.406600 -212.483470 -49.398625
-211.402700 -50.703570 -211.389748 -50.729080
-210.350300 -51.866650 -210.344995 -51.882486
-209.329000 -52.882180 -209.330050 -52.890801
-208.342100 -53.712810 -208.347781 -53.716612
-207.433900 -54.314810 -207.445183 -54.314805
-206.639200 -54.750770 -206.633937 -54.763578
-205.846700 -55.112410 -205.846490 -55.121409
-205.046500 -55.376850 -205.050721 -55.383305
-204.238300 -55.572130 -204.246987 -55.577002
-203.340400 -55.720010 -203.333206 -55.730118
-202.343700 -55.812630 -202.341144 -55.820897
-201.230000 -55.831900 -201.233002 -55.839356
-199.966900 -55.727910 -199.979257 -55.736318
-198.511800 -55.515700 -198.499770 -55.520760
-196.896300 -55.177990 -196.888270 -55.182945
-195.101200 -54.675310 -195.105998 -54.683836
-193.144500 -53.980020 -193.163895 -53.995238
-191.089500 -53.059560 -191.064944 -53.052715
-188.959500 -51.870660 -188.950219 -51.871314
-186.748300 -50.457590 -186.760508 -50.472470
-184.446800 -48.882240 -184.483952 -48.914466
-181.997000 -47.211720 -182.018384 -47.233035
-179.497700 -45.532110 -179.510020 -45.547449
-176.845100 -43.764640 -176.879704 -43.794819
-174.079200 -41.951340 -174.049967 -41.939983
-171.182700 -40.094050 -171.178305 -40.099082
-168.181500 -38.252180 -168.203067 -38.273003
-165.080700 -36.437440 -165.128143 -36.472949
-161.936900 -34.664440 -161.906664 -34.656481
-158.730900 -32.961050 -158.722380 -32.965420
-155.498500 -31.326070 -155.512791 -31.342151
-152.284900 -29.754520 -152.318070 -29.779834
-149.069300 -28.182760 -149.020891 -28.168261
-145.857700 -26.612150 -145.832808 -26.609797
-142.641000 -25.057000 -142.633588 -25.063136
-139.402500 -23.486330 -139.416936 -23.503198
-136.173000 -21.934650 -136.210106 -21.962685
-132.945300 -20.377060 -132.903499 -20.367398
-129.754900 -18.849320 -129.733519 -18.849450
-126.594800 -17.311780 -126.596429 -17.323307
-123.481600 -15.777190 -123.506260 -15.800217
-120.382000 -14.275260 -120.428373 -14.308038
-117.290900 -12.878730 -117.265004 -12.879005
-114.140500 -11.587510 -114.145709 -11.600997
-110.985900 -10.399830 -111.007415 -10.419471
-107.823700 -9.243398 -107.867440 -9.271005
-104.639900 -8.124757 -104.606956 -8.125522
-101.445300 -7.020636 -101.435017 -7.029228
-98.266820 -5.927679 -98.280943 -5.944660
-95.057020 -4.924307 -95.097080 -4.948778
-91.816180 -3.988153 -91.781274 -3.991453
-88.560330 -3.139167 -88.551688 -3.149953
-85.275670 -2.357662 -85.293320 -2.374689
-81.984180 -1.642797 -82.024025 -1.664396
-78.695610 -0.956720 -78.655261 -0.961859
-75.422800 -0.300680 -75.406751 -0.311173
-72.166360 0.319994 -72.173193 0.304956
-68.928530 0.923302 -68.957739 0.904034
-65.700550 1.500442 -65.748341 1.478081
-62.489590 2.047975 -62.456723 2.039201
-59.295260 2.577472 -59.282816 2.565132
-56.128970 3.091711 -56.136781 3.075910
-52.988540 3.575444 -53.018161 3.556253
-49.868360 4.040344 -49.818694 4.032425
-46.776300 4.464286 -46.747693 4.452956
-43.712180 4.856902 -43.704279 4.842682
-40.666360 5.223322 -40.686324 5.205662
-37.689290 5.564962 -37.721528 5.545809
-34.786240 5.888495 -34.745728 5.877309
-31.996720 6.190015 -31.975256 6.176474
-29.296910 6.465571 -29.296609 6.449704
-26.720990 6.720779 -26.737633 6.703147
-24.320240 6.954131 -24.352085 6.935019
-22.089310 7.159574 -22.066744 7.145507
-20.016680 7.362635 -20.010127 7.346913
-18.106820 7.551445 -18.116148 7.534147
-16.337750 7.702083 -16.361464 7.683779
-14.726050 7.819683 -14.710873 7.804261
-13.313500 7.930153 -13.311041 7.913654
-12.128270 8.022018 -12.135263 8.004760
-11.139240 8.100664 -11.151788 8.082637
-10.287410 8.195045 -10.279010 8.179370
-9.518219 8.309922 -9.514874 8.293660
-8.789252 8.478175 -8.790619 8.460787
-8.149181 8.669320 -8.153408 8.651104
-7.829442 8.769976 -7.827600 8.753700
-7.799252 8.787461 -7.799076 8.770484
-7.813018 8.786625 -7.812699 8.769685
-7.809395 8.788143 -7.809042 8.771344
-7.809451 8.779000 -7.809122 8.761991
-7.809131 8.771007 -7.808810 8.754068
-7.804822 8.762953 -7.804532 8.746070
-7.800766 8.755551 -7.800356 8.738503
-7.795082 8.750163 -7.794739 8.733197
-7.789514 8.745234 -7.789213 8.728316
-7.784930 8.740517 -7.784673 8.723661
-7.780166 8.734843 -7.779810 8.717867
-7.775784 8.730871 -7.775455 8.713911
-7.771600 8.726560 -7.771305 8.709639
-7.768634 8.723581 -7.768356 8.706657
-7.766879 8.721761 -7.766554 8.704786
-7.765762 8.717584 -7.765449 8.700639
-7.763983 8.714586 -7.763681 8.697666
-7.763294 8.713489 -7.762985 8.696584
-7.762963 8.712553 -7.762658 8.695620
-7.763086 8.713488 -7.762779 8.696555
-7.762455 8.714167 -7.762156 8.697190
-7.753295 8.722145 -7.753416 8.704989
-7.717107 8.742340 -7.716400 8.725613
-7.658875 8.770779 -7.658501 8.753874
-7.513039 8.836058 -7.514893 8.818198
-7.175297 8.982757 -7.181894 8.962481
-6.640897 9.236569 -6.633315 9.223677
-5.930743 9.644152 -5.925406 9.630780
-5.120740 10.257790 -5.119026 10.241980
-4.260731 11.080700 -4.262848 11.060570
-3.414512 12.135620 -3.420619 12.108200
-2.599066 13.467900 -2.608651 13.428956
-1.884998 15.083310 -1.877271 15.085823
-1.260100 16.974890 -1.258458 16.961171
-0.766019 19.117060 -0.767652 19.083600
-0.469374 21.489410 -0.471167 21.432223
-0.353107 24.066230 -0.351883 24.069536
-0.356192 26.850340 -0.354879 26.824103
-0.405744 29.836580 -0.403628 29.776768
-0.459357 33.017600 -0.458276 33.029590
-0.512628 36.392400 -0.510935 36.372837
-0.584304 39.835620 -0.581766 39.785639
-0.669138 43.283040 -0.668602 43.313880
-0.775721 46.706780 -0.774281 46.710118
-0.884520 50.132480 -0.881999 50.109157
-0.993630 53.521590 -0.990185 53.471572
-1.089707 56.883700 -1.088409 56.914755
-1.185006 60.248880 -1.182812 60.255254
-1.270319 63.565850 -1.267273 63.546027
-1.374798 66.868940 -1.370674 66.821928
-1.472152 70.155470 -1.470226 70.188512
-1.562229 73.416080 -1.559526 73.424219
-1.660434 76.636610 -1.656932 76.622071
-1.775229 79.852040 -1.770530 79.810058
-1.895797 83.032260 -1.889961 82.965215
-2.017852 86.185380 -2.015025 86.198937
-2.146481 89.329260 -2.142386 89.315078
-2.263400 92.442530 -2.258246 92.403289
-2.372203 95.538220 -2.366174 95.475923
-2.465941 98.605540 -2.462012 98.616849
-2.540211 101.651500 -2.535481 101.638483
-2.582148 104.696700 -2.577053 104.658573
-2.595436 107.674300 -2.590002 107.612942
-2.621977 110.691900 -2.617066 110.705128
-2.648827 113.786700 -2.643485 113.774778
-2.681214 116.967200 -2.675421 116.929705
-2.721440 120.204500 -2.714986 120.140245
-2.774777 123.506700 -2.769521 123.520598
-2.842109 126.902400 -2.836260 126.893215
-2.924595 130.351000 -2.917793 130.311218
-3.024507 133.819600 -3.016583 133.753931
-3.138966 137.262500 -3.133837 137.283587
-3.265946 140.693500 -3.259529 140.683984
-3.389718 144.095500 -3.382195 144.060303
-3.526115 147.467500 -3.517111 147.407412
-3.671472 150.775300 -3.665768 150.795596
-3.794318 154.003900 -3.787382 153.998410
-3.904131 157.172200 -3.896168 157.140733
-3.996788 160.276500 -3.988122 160.220877
-4.071651 163.334000 -4.064449 163.351837
-4.122556 166.368900 -4.114779 166.360221
-4.194278 169.380900 -4.185809 169.348287
-4.264263 172.440400 -4.255523 172.383932
-4.319751 175.547300 -4.312056 175.566738
-4.393173 178.705600 -4.385033 178.700966
-4.501446 181.892900 -4.492239 181.860957
-4.607667 185.156000 -4.597731 185.096816
-4.701222 188.477800 -4.693595 188.500043
-4.806531 191.849500 -4.797624 191.843533
-4.887285 195.207400 -4.877561 195.173865
-4.976513 198.565600 -4.965954 198.505880
-5.057617 201.890800 -5.048752 201.911553
-5.132018 205.179500 -5.122583 205.175727
-5.210165 208.394000 -5.199985 208.366092
-5.281372 211.451500 -5.270402 211.399781
-5.354878 214.365600 -5.345491 214.386873
-5.416052 217.205700 -5.405944 217.201820
-5.469074 220.014000 -5.458380 219.986269
-5.505322 222.798100 -5.494239 222.747434
-5.545023 225.571400 -5.534262 225.586166
-5.563610 228.337300 -5.552755 228.329859
-5.598680 231.130300 -5.587172 231.099481
-5.715519 233.992700 -5.702170 233.940163
-5.886862 236.912900 -5.878137 236.932385
-6.076718 239.911700 -6.065528 239.900986
-6.214931 243.011500 -6.202278 242.972004
-6.364206 246.210000 -6.355066 246.245880
-6.521044 249.542600 -6.510096 249.549915
-6.657659 252.972000 -6.645369 252.950498
-6.794881 256.491900 -6.781377 256.441113
-6.924264 260.026600 -6.913620 260.059545
-7.052122 263.522600 -7.040276 263.527880
-7.164917 266.998200 -7.151891 266.973866
-7.284815 270.457200 -7.270508 270.405800
-7.417194 273.852800 -7.405461 273.882411
-7.523524 277.174400 -7.510936 277.176157
-7.651625 280.358300 -7.637962 280.336447
-7.782923 283.414900 -7.768090 283.371065
-7.918403 286.315200 -7.906827 286.341635
-8.055697 289.119300 -8.042895 289.125300
-8.185460 291.911300 -8.171351 291.892457
-8.314789 294.668400 -8.299633 294.626616
-8.425515 297.433700 -8.412410 297.457482
-8.486769 300.239900 -8.472657 300.239982
-8.528132 303.087600 -8.513549 303.065516
-8.538802 306.012500 -8.524185 305.964694
-8.512542 309.030900 -8.496984 309.055532
-8.446156 312.111900 -8.430739 312.111161
-8.351900 315.297900 -8.337232 315.269522
-8.211642 318.520500 -8.198395 318.463918
-8.031870 321.816300 -8.013832 321.840123
-7.798255 325.179400 -7.781613 325.175106
-7.513710 328.583000 -7.499098 328.552296
-7.227060 332.070400 -7.214763 332.010601
-6.930360 335.644600 -6.910718 335.671483
-6.634241 339.252200 -6.616475 339.253789
-6.353320 342.849100 -6.337540 342.823246
-6.099343 346.409700 -6.085219 346.357669
-5.858059 349.945000 -5.838077 349.980508
-5.647279 353.444000 -5.628808 353.452093
-5.439992 356.885000 -5.422836 356.868877
-5.251048 360.315600 -5.234995 360.274029
-5.098453 363.671600 -5.083491 363.603082
-4.951017 366.989800 -4.932060 367.003477
-4.804541 370.256900 -4.786635 370.243608
