0.000000 0.000000 0.000000 0.000000
-0.041803 3.575628 0.000000 0.000000
-0.083626 7.152769 0.000000 0.000000
-0.125431 10.728320 0.000000 0.000000
-0.167141 14.303480 0.000000 0.000000
-0.208176 17.881040 -0.010214 3.446217
-0.253156 21.464680 -0.024789 7.007249
-0.307115 25.046840 -0.048236 10.571796
-0.367798 28.637120 -0.078349 14.141583
-0.435716 32.231930 -0.116749 17.821910
-0.509819 35.812560 -0.160457 21.391679
-0.590462 39.405490 -0.210374 24.963507
-0.675668 42.995920 -0.264853 28.533466
-0.761728 46.596120 -0.320500 32.113489
-0.822002 50.203480 -0.350585 35.697934
-0.875378 53.811250 -0.374406 39.400161
-0.933231 57.427770 -0.401893 42.997786
-1.006715 61.042090 -0.444887 46.593324
-1.078473 64.647550 -0.486189 50.180031
-1.157680 68.241070 -0.534880 53.752542
-1.243226 71.816000 -0.591801 57.421033
-1.310252 75.365540 -0.628392 60.950978
-1.337950 78.894600 -0.626341 64.456425
-1.335651 82.399130 -0.594915 67.937474
-1.292993 85.876960 -0.523538 71.393121
-1.216671 89.333360 -0.415119 74.936732
-1.101750 92.791290 -0.271433 78.372708
-0.953966 96.255380 -0.095370 81.813703
-0.782045 99.739680 0.104783 85.274520
-0.607718 103.278800 0.307852 88.788461
-0.448327 106.867200 0.502226 92.468163
-0.329075 110.491600 0.650922 96.070305
-0.253779 114.142500 0.756242 99.698862
-0.232571 117.811600 0.808302 103.345048
-0.256232 121.501300 0.816070 107.014587
-0.297015 125.224100 0.806260 110.827968
-0.353204 128.969900 0.781843 114.551424
-0.397623 132.733500 0.769155 118.293460
-0.443887 136.522600 0.754699 122.057003
-0.490815 140.330600 0.739922 125.842378
-0.550146 144.153000 0.712712 129.642564
-0.601569 147.961100 0.692771 133.549443
-0.649286 151.756200 0.677303 137.325455
-0.703475 155.553300 0.655430 141.097009
-0.758140 159.342200 0.632997 144.863636
-0.821014 163.126200 0.602434 148.626901
-0.891591 166.914300 0.562944 152.512376
-0.968255 170.704700 0.518599 156.281979
-1.053647 174.498300 0.465660 160.052109
-1.140940 178.289100 0.410807 163.820835
-1.220912 182.072200 0.363269 167.583894
-1.311919 185.843100 0.302639 171.451939
-1.400872 189.585600 0.245807 175.172503
-1.482347 193.303500 0.196214 178.868890
-1.543340 196.981600 0.166632 182.523418
-1.593225 200.619200 0.147664 186.138922
-1.629855 204.203300 0.141318 189.814247
-1.655974 207.709400 0.144960 193.296873
-1.680916 211.093700 0.148599 196.660234
-1.717659 214.345300 0.139463 199.890983
-1.758097 217.485400 0.125864 203.013353
-1.820190 220.495000 0.088144 206.100790
-1.900504 223.322800 0.031884 208.907830
-1.999321 225.946200 -0.044260 211.512248
-2.113952 228.382000 -0.137653 213.933036
-2.215172 230.657700 -0.219043 216.194414
-2.309140 232.838300 -0.296414 218.430640
-2.389577 234.991500 -0.357988 220.568131
-2.458270 237.111600 -0.408336 222.673719
-2.501543 239.199900 -0.433822 224.747704
-2.528203 241.263900 -0.443072 226.797450
-2.543393 243.355900 -0.440432 228.940894
-2.546619 245.471500 -0.425815 231.041591
-2.542056 247.635900 -0.403058 233.190481
-2.540944 249.857300 -0.383333 235.396750
-2.529475 252.145000 -0.352131 237.742313
-2.522827 254.510700 -0.325126 240.092226
-2.495854 256.929600 -0.277991 242.494921
-2.426274 259.429500 -0.187857 244.977142
-2.347909 261.939800 -0.089197 247.468625
-2.249292 264.463100 0.034013 250.054021
-2.120601 266.988600 0.183454 252.562310
-1.972336 269.529300 0.352269 255.087122
-1.829452 272.089100 0.515849 257.629033
-1.700845 274.651100 0.665433 260.173933
-1.585579 277.203700 0.805934 262.793332
-1.489305 279.735400 0.922720 265.309968
-1.431895 282.203100 1.000362 267.760427
-1.411252 284.555300 1.040751 270.096284
-1.423417 286.744000 1.047395 272.271944
-1.477649 288.751100 1.009051 274.331716
-1.597157 290.628100 0.905066 276.198900
-1.834488 292.379000 0.683126 277.943139
-2.209538 293.998100 0.323413 279.556507
-2.739392 295.466700 -0.191128 281.020805
-3.425572 296.782800 -0.862419 282.334031
-4.268559 297.943900 -1.690248 283.493177
-5.270323 298.869400 -2.713408 284.493136
-6.404391 299.609200 -3.838869 285.231598
-7.620091 300.061900 -5.045389 285.682155
-8.849753 300.287300 -6.267146 285.907336
-10.136050 300.271200 -7.547010 285.893322
-11.487940 299.994100 -8.894187 285.619737
-12.859800 299.433800 -10.264049 285.068990
-14.212510 298.521900 -11.661579 284.186726
-15.569170 297.360100 -13.016737 283.031336
-16.903920 295.876600 -14.354486 281.562349
-18.123430 294.046700 -15.579899 279.755472
-19.213810 291.862500 -16.715971 277.547553
-20.129220 289.390500 -17.643928 275.094570
-20.811550 286.620800 -18.344716 272.348661
-21.226910 283.593100 -18.784916 269.348761
-21.383580 280.311200 -18.973721 265.997201
-21.289760 276.829500 -18.908548 262.541243
-21.001900 273.207500 -18.653528 258.947310
-20.665910 269.427900 -18.342735 255.081484
-20.345860 265.509700 -18.058372 251.189904
-20.070850 261.517300 -17.818911 247.227015
-19.855300 257.511300 -17.638022 243.247552
-19.703440 253.474600 -17.520101 239.235051
-19.613680 249.416200 -17.463309 235.070938
-19.551340 245.338200 -17.435809 231.013662
-19.513830 241.222400 -17.433221 226.912990
-19.480990 237.073200 -17.435485 222.784173
-19.430400 232.892800 -17.420529 218.620410
-19.355550 228.687700 -17.381418 214.433430
-19.288210 224.454100 -17.349981 210.217423
-19.214900 220.186300 -17.315269 206.241515
-19.140510 215.891500 -17.273844 201.548960
-19.053200 211.570300 -17.223277 197.243422
-18.960210 207.218600 -17.167456 192.907922
-18.864760 202.831800 -17.109452 188.538920
-18.780810 198.440400 -17.062926 184.164808
-18.697180 194.055600 -17.016621 179.797949
-18.628490 189.691500 -16.984782 175.452696
-18.576860 185.352500 -16.969434 170.990026
-18.533400 181.031600 -16.962790 166.688509
-18.510720 176.750700 -16.976525 162.425801
-18.518290 172.537500 -17.019741 158.228932
-18.551690 168.447100 -17.087515 154.156597
-18.605030 164.539000 -17.173682 150.261529
-18.662110 160.837100 -17.261820 146.573183
-18.717150 157.359800 -17.346171 143.104785
-18.762310 154.117300 -17.420955 139.769569
-18.804370 151.111100 -17.487966 136.782842
-18.837660 148.339300 -17.544412 134.025665
-18.862790 145.753800 -17.591266 131.451341
-18.886270 143.302400 -17.635329 129.014384
-18.908720 140.992900 -17.677177 126.717678
-18.926770 138.765400 -17.715046 124.433283
-18.954640 136.621400 -17.760778 122.304012
-18.979110 134.516900 -17.802620 120.212893
-19.003890 132.428600 -17.844831 118.138632
-19.011690 130.377400 -17.869183 116.101022
-19.029680 128.286700 -17.905939 113.955302
-19.040930 126.090400 -17.935386 111.773686
-19.033980 123.792800 -17.947635 109.489961
-19.007880 121.337200 -17.942391 107.050865
-18.962360 118.740400 -17.919349 104.472665
-18.881640 115.984300 -17.860347 101.644125
-18.762610 113.072100 -17.766226 98.748756
-18.592730 110.010400 -17.623060 95.704829
-18.389740 106.796500 -17.448260 92.510890
-18.187250 103.411100 -17.275470 89.146935
-17.972000 99.881710 -17.085423 85.527270
-17.753740 96.208550 -16.899484 81.874724
-17.543660 92.393230 -16.722763 78.081538
-17.350650 88.454130 -16.563791 74.164530
-17.188340 84.351710 -16.436506 70.089767
-17.048280 80.126460 -16.329650 65.752954
-16.938900 75.757520 -16.257769 61.408594
-16.844870 71.334520 -16.201468 57.005980
-16.779170 66.924620 -16.173223 52.620114
-16.723740 62.522540 -16.155062 48.236809
-16.677280 58.118530 -16.145927 43.854332
-16.622860 53.735190 -16.129067 39.486113
-16.554460 49.366830 -16.096746 34.999802
-16.478250 45.013820 -16.057490 30.667336
-16.401830 40.697890 -16.017755 26.370525
-16.332450 36.396840 -15.984869 22.086770
-16.264000 32.124710 -15.952537 17.832241
-16.212760 27.867600 -15.937338 13.594502
-16.153630 23.646100 -15.914037 9.389247
-16.100440 19.472550 -15.895675 5.097030
-16.057300 15.332990 -15.887523 0.976040
-15.999870 11.221520 -15.864791 -3.117984
-15.957640 7.122797 -15.857261 -7.200758
-15.925900 3.038918 -15.860243 -11.267690
-15.871210 -1.063172 -15.840352 -15.352020
-15.823200 -5.192326 -15.827185 -19.463218
-15.773900 -9.357139 -15.812663 -23.742528
-15.722330 -13.547460 -15.796644 -27.916217
-15.675190 -17.764350 -15.785136 -32.114317
-15.629860 -22.003930 -15.775446 -36.334600
-15.590270 -26.267830 -15.771727 -40.580172
-15.536760 -30.547830 -15.754174 -44.841129
-15.493260 -34.819990 -15.746721 -49.097242
-15.444100 -39.082170 -15.732994 -53.478988
-15.392450 -43.322590 -15.717186 -57.698587
-15.337830 -47.537950 -15.697962 -61.897959
-15.276960 -51.748500 -15.672684 -66.089273
-15.217710 -55.949500 -15.648933 -70.272437
-15.170080 -60.150690 -15.636638 -74.453521
-15.128010 -64.350760 -15.629908 -78.635386
-15.091410 -68.538780 -15.628244 -82.808381
-15.064380 -72.708390 -15.636314 -87.089289
-15.030840 -76.856420 -15.637366 -91.217789
-14.979300 -80.953600 -15.620070 -95.298643
-14.924670 -85.034950 -15.599657 -99.360333
-14.873980 -89.070400 -15.582872 -103.376546
-14.824260 -93.076720 -15.566626 -107.365386
-14.787030 -97.045510 -15.562546 -111.318901
-14.758540 -100.983800 -15.567246 -115.368127
-14.739600 -104.892000 -15.581063 -119.256687
-14.728240 -108.762900 -15.602125 -123.110304
-14.724790 -112.605400 -15.630776 -126.936776
-14.717800 -116.411100 -15.655582 -130.725099
-14.709830 -120.173400 -15.679119 -134.469600
-14.700540 -123.867100 -15.700632 -138.147672
-14.698520 -127.485200 -15.729803 -141.863910
-14.712330 -131.008900 -15.773106 -145.371371
-14.733340 -134.417400 -15.822478 -148.761135
-14.752330 -137.654200 -15.868387 -151.981270
-14.773570 -140.676300 -15.914707 -154.987632
-14.808450 -143.452200 -15.972705 -157.752748
-14.818770 -145.963300 -16.004157 -160.330353
-14.688160 -148.224500 -15.890345 -162.583977
-14.364200 -150.225000 -15.582387 -164.578617
-13.833420 -151.950400 -15.065579 -166.303536
-13.082430 -153.424000 -14.328306 -167.774970
-12.093300 -154.666400 -13.352545 -169.017462
-10.901070 -155.630100 -12.172038 -169.984442
-9.567123 -156.277800 -10.849636 -170.637016
-8.174402 -156.635100 -9.466197 -171.002987
-6.734167 -156.651000 -7.988776 -171.061484
-5.261917 -156.393600 -6.523320 -170.807633
-3.838336 -155.807800 -5.102473 -170.229656
-2.480572 -154.890600 -3.745535 -169.323262
-1.268487 -153.640100 -2.529504 -168.089145
-0.226137 -152.060600 -1.448555 -166.503956
0.552355 -150.216600 -0.661834 -164.669708
1.048250 -148.112500 -0.152235 -162.581599
1.348496 -145.760400 0.166247 -160.256749
1.463451 -143.197700 0.305813 -157.642390
1.471319 -140.450900 0.336291 -154.924518
1.499366 -137.518100 0.388540 -152.025415
1.504501 -134.421900 0.420421 -148.857903
1.498560 -131.160300 0.441639 -145.621458
1.470024 -127.744100 0.441795 -142.230808
1.436723 -124.185000 0.438394 -138.696295
1.413177 -120.491700 0.446310 -134.907145
1.405768 -116.657200 0.471228 -131.093864
1.385028 -112.695000 0.483888 -127.150473
1.330549 -108.592800 0.464315 -123.069554
1.259616 -104.367900 0.429508 -118.867238
1.170075 -100.007600 0.377136 -114.529163
1.089274 -95.515710 0.333047 -109.914520
1.009148 -90.982260 0.291071 -105.400783
0.939998 -86.466900 0.259884 -100.907903
0.883448 -81.949500 0.241228 -96.410446
0.838174 -77.439600 0.233674 -91.918160
0.800315 -72.936360 0.233395 -87.433978
0.745043 -68.462600 0.215706 -82.979779
0.694630 -64.005150 0.202096 -78.399513
0.637038 -59.575570 0.181397 -73.989017
0.557118 -55.160600 0.138362 -69.593059
0.456132 -50.778540 0.074150 -65.227944
0.362164 -46.417970 0.016930 -60.887748
0.280628 -42.079120 -0.028139 -56.567527
0.202969 -37.762520 -0.069464 -52.274297
0.132669 -33.463810 -0.104528 -47.860034
0.084829 -29.193990 -0.116320 -43.614798
0.052569 -24.947680 -0.112911 -39.389831
0.032329 -20.738440 -0.097616 -35.202788
0.025161 -16.550260 -0.069422 -31.034194
0.021588 -12.403820 -0.037842 -26.905960
-0.000537 -8.285137 -0.025004 -22.803107
-0.031141 -4.183286 -0.020857 -18.588603
-0.072897 -0.090700 -0.027908 -14.514879
-0.117565 3.988036 -0.037925 -10.452240
-0.160177 8.059835 -0.045939 -6.398304
-0.208154 12.123170 -0.059420 -2.349723
-0.248220 16.180930 -0.065106 1.687444
-0.283357 20.233300 -0.065778 5.721116
-0.323376 24.273080 -0.071641 9.871348
-0.367457 28.293060 -0.081610 13.873139
-0.413998 32.282480 -0.094248 17.845265
-0.451537 36.243360 -0.098174 21.790033
-0.483912 40.173770 -0.097223 25.705983
-0.534623 44.076020 -0.114711 29.591497
-0.599992 47.961110 -0.147210 33.459655
-0.674006 51.810410 -0.190315 37.414150
-0.762477 55.629480 -0.246777 41.221279
-0.859787 59.434080 -0.311977 45.007148
-0.962179 63.207400 -0.382434 48.764069
-1.068654 66.953700 -0.457173 52.496183
-1.188155 70.668750 -0.545131 56.197164
-1.293464 74.341090 -0.619766 59.857860
-1.359396 77.886940 -0.655972 63.390449
-1.402951 81.267680 -0.671336 66.865313
-1.402636 84.557510 -0.643050 70.140771
-1.391329 87.836530 -0.604256 73.404569
-1.372397 91.075680 -0.558168 76.625798
-1.348852 94.282140 -0.507731 79.816367
-1.346362 97.452060 -0.478083 82.969347
-1.397412 100.636400 -0.503195 86.242558
-1.507808 103.868200 -0.586610 89.458049
-1.686244 107.147500 -0.736695 92.721311
-1.855701 110.482100 -0.877019 96.034450
-1.949092 113.881100 -0.941950 99.411342
-1.940135 117.341400 -0.905506 102.846044
-1.833080 120.865900 -0.765079 106.460435
-1.665951 124.465900 -0.568538 110.037430
-1.454190 128.142800 -0.326874 113.695365
-1.212752 131.910500 -0.055147 117.439261
-0.998254 135.780800 0.191518 121.291263
-0.860070 139.749100 0.363408 125.239379
-0.808213 143.817500 0.451659 129.420511
-0.818199 147.962100 0.475995 133.552188
-0.863698 152.201700 0.466418 137.769036
-0.925229 156.508200 0.441566 142.056339
-1.007339 160.831700 0.396327 146.364707
-1.112662 165.144700 0.327989 150.658588
-1.225583 169.454500 0.251939 154.949887
-1.333194 173.746700 0.178827 159.361187
-1.427528 178.011200 0.121153 163.608167
-1.498241 182.250200 0.086712 167.829105
-1.559212 186.455600 0.061400 172.019270
-1.603074 190.634400 0.053002 176.178307
-1.633867 194.776400 0.057296 180.306027
-1.669867 198.889600 0.056239 184.400178
-1.705984 202.969800 0.054678 188.463671
-1.737778 207.012200 0.057263 192.618819
-1.768399 211.025100 0.060582 196.613005
-1.802728 214.966700 0.059654 200.540744
-1.842513 218.742600 0.051894 204.300799
-1.895168 222.285200 0.029432 207.828093
-1.971966 225.567200 -0.019068 211.100470
-2.073778 228.574200 -0.094933 214.096256
-2.174190 231.286800 -0.174408 216.882898
-2.280068 233.718900 -0.259214 219.300214
-2.372559 236.037200 -0.331377 221.604629
-2.421540 238.338400 -0.360674 223.894333
-2.457471 240.613800 -0.377398 226.153114
-2.477940 242.858500 -0.378816 228.457082
-2.487604 245.075200 -0.369898 230.659498
-2.497272 247.315700 -0.360629 232.885819
-2.506486 249.599100 -0.350583 235.154658
-2.503453 251.921600 -0.327775 237.461391
-2.498934 254.303700 -0.302542 239.904702
-2.475778 256.706800 -0.259162 242.293410
-2.418788 259.175900 -0.181648 244.744097
-2.357178 261.687800 -0.099325 247.239809
-2.278446 264.282700 0.000721 249.817759
-2.181048 266.960400 0.123985 252.562161
-2.072995 269.711700 0.254558 255.296416
-1.977183 272.515600 0.373411 258.082156
-1.903306 275.322000 0.470582 260.869629
-1.860171 278.121700 0.537339 263.653946
-1.834878 280.906700 0.587426 266.509695
-1.820378 283.662600 0.624902 269.247808
-1.821293 286.355900 0.646601 271.923748
-1.835812 288.890500 0.653549 274.441091
-1.843827 291.365700 0.666480 276.900983
-1.840209 293.812200 0.691725 279.409622
-1.823832 296.231700 0.728653 281.813167
-1.812035 298.624300 0.760552 284.192389
