0.000000 -0.000000 0.000000 0.000000
0.020455 2.389887 0.020578 2.376027
0.038167 4.630767 0.038157 4.601179
0.062475 6.584575 0.062234 6.543077
0.078062 8.294502 0.078513 8.244756
0.036300 9.647129 0.035720 9.591329
0.037691 10.755690 0.037442 10.727343
0.070396 11.572020 0.070835 11.537225
0.096690 12.008000 0.096712 11.969146
0.124405 12.280970 0.124885 12.242024
0.106056 12.366960 0.105679 12.325974
0.125276 12.480720 0.125608 12.442717
0.156946 12.590120 0.157359 12.552109
0.151509 12.702880 0.151932 12.664123
0.146149 12.836600 0.146755 12.797112
0.118103 12.986600 0.118295 12.943655
0.046011 13.251830 0.046863 13.204575
-0.102743 13.662450 -0.102393 13.638627
-0.377391 14.237180 -0.376806 14.215118
-0.803739 14.918100 -0.804377 14.894783
-1.393517 15.599510 -1.394137 15.570918
-2.183640 16.257910 -2.183748 16.223522
-3.168635 16.891620 -3.166729 16.849428
-4.410526 17.491970 -4.404888 17.440897
-5.887262 17.957870 -5.875188 17.899808
-7.603442 18.241840 -7.579330 18.182928
-9.593783 18.333530 -9.609740 18.298153
-11.737930 18.262400 -11.737658 18.222396
-14.123570 18.137210 -14.097075 18.098082
-16.660080 18.043560 -16.688928 18.002296
-19.380350 17.941480 -19.385051 17.900860
-22.232040 17.791200 -22.213065 17.751534
-25.294530 17.612590 -25.252274 17.574205
-28.420350 17.436630 -28.462281 17.393786
-31.735350 17.259230 -31.756129 17.217104
-35.061830 17.012340 -35.064182 16.971179
-38.405680 16.701380 -38.389220 16.661958
-41.726310 16.376210 -41.688651 16.338940
-45.021050 16.012440 -44.968302 15.977712
-48.346970 15.612790 -48.375350 15.567573
-51.676860 15.192430 -51.684040 15.150254
-55.031060 14.742560 -55.018713 14.702925
-58.401830 14.329930 -58.366604 14.291812
-61.829840 14.034770 -61.775910 13.996703
-65.245090 13.824430 -65.282563 13.781185
-68.803470 13.628730 -68.824381 13.585980
-72.396330 13.444870 -72.405323 13.402965
-76.040760 13.365020 -76.032936 13.323374
-79.629870 13.286290 -79.607716 13.245123
-83.178040 13.172320 -83.142315 13.130866
-86.806450 13.116270 -86.755502 13.075289
-90.407370 13.030230 -90.454755 12.986934
-93.932750 12.938240 -93.964135 12.895245
-97.425940 12.830290 -97.440071 12.787479
-100.921800 12.721040 -100.920335 12.678644
-104.418700 12.646790 -104.401084 12.604640
-107.950700 12.574710 -107.915058 12.532924
-111.506500 12.491980 -111.453857 12.450159
-115.125400 12.427530 -115.169411 12.383802
-118.791400 12.356860 -118.819931 12.313383
-122.506900 12.277580 -122.519482 12.234264
-126.283000 12.162340 -126.279694 12.119358
-130.058300 12.056810 -130.038958 12.013952
-133.838200 11.940140 -133.804243 11.898390
-137.647000 11.763370 -137.596698 11.721870
-141.424200 11.624670 -141.479191 11.579793
-145.185900 11.523690 -145.222935 11.479182
-148.919300 11.449460 -148.942330 11.405429
-152.638200 11.381770 -152.648108 11.337849
-156.350400 11.310530 -156.343224 11.266850
-160.047400 11.214060 -160.026876 11.170640
-163.709400 11.107560 -163.670686 11.065037
-167.360400 10.983380 -167.307370 10.939843
-170.967600 10.933720 -171.014301 10.888773
-174.571400 10.876820 -174.600757 10.832117
-178.137200 10.833080 -178.151028 10.788473
-181.490500 10.796130 -181.487447 10.751660
-184.602400 10.773720 -184.585106 10.729291
-187.458300 10.758840 -187.430377 10.714018
-190.232700 10.733900 -190.191776 10.690020
-192.986900 10.663320 -193.021151 10.617725
-195.706100 10.585910 -195.727363 10.540396
-198.416300 10.495740 -198.422907 10.450565
-201.152700 10.412030 -201.144232 10.367223
-203.946700 10.341460 -203.922044 10.296631
-206.802300 10.298350 -206.761085 10.253762
-209.757100 10.317680 -209.795434 10.273246
-212.804800 10.361070 -212.823649 10.316056
-215.930200 10.396430 -215.928033 10.351074
-219.012900 10.360590 -218.991975 10.315415
-222.155100 10.298380 -222.116546 10.253157
-225.365500 10.246810 -225.416355 10.200208
-228.707300 10.215510 -228.743200 10.169885
-232.112300 10.220950 -232.134154 10.175046
-235.564300 10.214940 -235.576555 10.169049
-239.104300 10.217730 -239.103223 10.171684
-242.702700 10.183390 -242.689501 10.137384
-246.347300 10.130220 -246.316804 10.084602
-250.052800 10.036800 -250.008311 9.991897
-253.773800 9.880518 -253.717109 9.836644
-257.535100 9.718989 -257.577983 9.670763
-261.300500 9.591512 -261.325612 9.543964
-265.059000 9.459547 -265.068162 9.412529
-268.826900 9.337703 -268.817045 9.291210
-272.549600 9.176257 -272.524544 9.130705
-276.263700 8.976101 -276.224219 8.930858
-279.947200 8.832825 -279.892316 8.787557
-283.650400 8.715404 -283.702624 8.666759
-287.322900 8.610515 -287.356848 8.562124
-290.988400 8.505150 -291.009228 8.457071
-294.654700 8.394904 -294.662314 8.347156
-298.320400 8.294475 -298.311956 8.247125
-302.013000 8.169718 -301.990568 8.122609
-305.746200 8.074212 -305.707513 8.027213
-309.494500 7.982975 -309.442299 7.936780
-313.220200 7.863686 -313.272945 7.814671
-316.989500 7.782544 -317.024574 7.733494
-320.754000 7.679468 -320.769356 7.630736
-324.529500 7.563218 -324.534865 7.514706
-328.344000 7.456111 -328.314529 7.408471
-332.109700 7.347334 -332.085484 7.299435
-335.860100 7.242255 -335.821427 7.194609
-339.608800 7.147781 -339.552574 7.100514
-343.309300 7.053936 -343.353891 7.003963
-346.907500 6.957315 -346.933675 6.907596
-350.384600 6.860419 -350.394853 6.811116
-353.708400 6.768393 -353.704384 6.719381
-356.877800 6.663296 -356.859851 6.614705
-360.001200 6.552425 -359.972706 6.504159
-363.041000 6.435692 -363.001238 6.387878
-365.855800 6.345080 -365.892830 6.294880
-368.437600 6.307072 -368.460037 6.258244
-370.781400 6.383962 -370.783635 6.334591
-372.865900 6.648568 -372.849166 6.592319
-374.725000 7.109350 -374.689385 7.039698
-376.363200 7.741893 -376.381415 7.704660
-377.862400 8.633829 -377.857828 8.579085
-379.196300 9.712570 -379.174569 9.639056
-380.348700 10.965970 -380.375850 10.947169
-381.385700 12.448140 -381.397392 12.413567
-382.260100 14.122720 -382.260802 14.071814
-383.010800 15.994530 -383.005387 15.930006
-383.610300 18.057930 -383.602545 17.979690
-384.100300 20.314520 -384.092845 20.225725
-384.497100 22.748260 -384.504879 22.736690
-384.776600 25.364410 -384.780751 25.341895
-384.988900 28.128190 -384.992061 28.097483
-385.212700 31.086220 -385.215192 31.046111
-385.449300 34.192050 -385.450779 34.138318
-385.780600 37.315730 -385.781400 37.253515
-386.061000 40.426600 -386.061307 40.350682
-386.229000 43.492690 -386.229823 43.403856
-386.309000 46.518630 -386.312512 46.514118
-386.383200 49.505740 -386.386323 49.487352
-386.435500 52.415800 -386.438195 52.383917
-386.493200 55.225360 -386.495890 55.182003
-386.554400 57.943820 -386.556891 57.886356
-386.610300 60.578530 -386.612753 60.508316
-386.585600 63.079020 -386.588844 62.994805
-386.370900 65.433820 -386.371593 65.413621
-385.914800 67.648300 -385.916410 67.609741
-385.249200 69.694860 -385.253424 69.636788
-384.335100 71.573620 -384.342916 71.496016
-383.335600 73.255020 -383.334212 73.240209
-382.295300 74.818880 -382.297597 74.782832
-381.091700 76.191700 -381.095730 76.132067
-379.774700 77.364460 -379.782441 77.287845
-378.271000 78.251970 -378.260970 78.225871
-376.573900 78.987050 -376.565532 78.948228
-374.728100 79.537850 -374.724314 79.492450
-372.739900 79.941840 -372.742620 79.892101
-370.607000 80.199980 -370.615269 80.149371
-368.370300 80.415580 -368.387430 80.364463
-366.032000 80.571350 -366.057550 80.519999
-363.598400 80.673300 -363.633684 80.622455
-361.071700 80.716320 -361.036311 80.667253
-358.469900 80.705850 -358.440880 80.655978
-355.832800 80.638300 -355.815217 80.588353
-353.161000 80.553900 -353.153123 80.504209
-350.450100 80.465550 -350.451169 80.416274
-347.763100 80.398460 -347.774358 80.349423
-345.086900 80.370740 -345.108065 80.321397
-342.417400 80.402970 -342.448928 80.352953
-339.774100 80.483360 -339.817392 80.433066
-337.139800 80.575110 -337.110053 80.527683
-334.528900 80.693480 -334.512124 80.645629
-331.932700 80.824510 -331.928767 80.776102
-329.325200 80.918500 -329.334156 80.869662
-326.739100 80.990700 -326.762140 80.941655
-324.144100 81.038770 -324.178325 80.989762
-321.562300 81.091140 -321.525792 81.044196
-319.011600 81.190070 -318.984798 81.143061
-316.450900 81.308090 -316.434270 81.260908
-313.909200 81.444650 -313.904895 81.396818
-311.391900 81.580060 -311.399368 81.531700
-308.876400 81.706970 -308.895798 81.657950
-306.378900 81.849250 -306.409017 81.799668
-303.888700 81.994400 -303.851489 81.948962
-301.376300 82.158190 -301.350188 82.112345
-298.832900 82.325730 -298.821220 82.278920
-296.237900 82.504140 -296.239016 82.456578
-293.590400 82.683410 -293.607820 82.634783
-290.876600 82.853340 -290.911300 82.803998
-288.120000 82.987710 -288.083876 82.941942
-285.314700 83.062010 -285.294929 83.015030
-282.460400 83.089330 -282.456899 83.042067
-279.611400 83.105040 -279.622053 83.057785
-276.801100 83.107970 -276.826639 83.060865
-274.051500 83.099890 -274.089586 83.052966
-271.353100 83.054870 -271.319823 83.006876
-268.676800 82.970950 -268.657556 82.923402
-266.029200 82.903900 -266.022581 82.856927
-263.418800 82.873250 -263.424327 82.826429
-260.804200 82.903330 -260.819673 82.856108
-258.168800 82.990410 -258.197487 82.942128
-255.510500 83.145560 -255.550961 83.095502
-252.844700 83.373830 -252.809747 83.331309
-250.152200 83.637690 -250.132734 83.593434
-247.440300 83.910960 -247.434998 83.865495
-244.714300 84.178610 -244.724606 84.131639
-242.002000 84.383000 -242.029818 84.335155
-239.314700 84.514710 -239.355400 84.466459
-236.657500 84.567850 -236.631674 84.522269
-234.029000 84.526210 -234.018931 84.480034
-231.443300 84.405890 -231.445413 84.359976
-228.920700 84.255810 -228.936206 84.210777
-226.536800 84.105460 -226.561375 84.061023
-224.322600 83.973260 -224.354328 83.929329
-222.317800 83.852920 -222.294756 83.805800
-220.525500 83.748690 -220.511829 83.702120
-218.913500 83.654780 -218.907753 83.609047
-217.491400 83.614870 -217.491360 83.569598
-216.200400 83.663530 -216.203063 83.617905
-214.975300 83.890580 -214.981584 83.840700
-213.812900 84.303130 -213.821074 84.247052
-212.768400 84.851980 -212.778683 84.788488
-211.819400 85.505150 -211.831230 85.434206
-210.944500 86.249430 -210.939307 86.231715
-210.114900 87.190980 -210.113672 87.166051
-209.375900 88.379450 -209.376437 88.346165
-208.685500 89.786110 -208.687615 89.743175
-208.120100 91.447000 -208.124604 91.387278
-207.636800 93.318040 -207.641441 93.241466
-207.343700 95.377570 -207.345081 95.369454
-207.198500 97.677330 -207.201211 97.648653
-207.176800 100.117600 -207.179478 100.069444
-207.235900 102.732400 -207.237435 102.660809
-207.357900 105.495500 -207.362099 105.489753
-207.446900 108.321400 -207.450290 108.292452
-207.501200 111.206800 -207.504260 111.152928
-207.496800 114.153500 -207.500184 114.078490
-207.467000 117.040300 -207.469422 117.039043
-207.357100 119.818100 -207.359132 119.798303
-207.231600 122.580500 -207.234816 122.546060
-207.169600 125.360700 -207.173230 125.312634
-207.151600 128.086900 -207.155294 128.024848
-207.158900 130.676600 -207.162135 130.602301
-207.192200 133.099300 -207.196711 133.088939
-207.257200 135.311800 -207.262011 135.289419
-207.357800 137.293400 -207.362657 137.260324
-207.516000 139.039300 -207.520609 138.998256
-207.792700 140.624300 -207.796385 140.577644
-208.199400 142.155800 -208.200315 142.100520
-208.796100 143.591400 -208.792637 143.526923
-209.578000 144.906500 -209.569374 144.834212
-210.509400 146.123000 -210.493366 146.042013
-211.640600 147.221600 -211.665982 147.209638
-212.986500 148.243400 -213.010083 148.224645
-214.560800 149.101800 -214.579641 149.072208
-216.375500 149.752000 -216.384518 149.710048
-218.364200 150.183000 -218.359890 150.132883
-220.495700 150.431900 -220.474578 150.381075
-222.758400 150.560900 -222.790416 150.516727
-225.125500 150.643600 -225.135682 150.597906
-227.596900 150.727300 -227.583238 150.680590
-230.175200 150.835400 -230.139576 150.787581
-232.870900 150.954400 -232.900733 150.909511
-235.686400 151.084500 -235.699062 151.038784
-238.634600 151.219200 -238.627771 151.172478
-241.714000 151.324200 -241.688047 151.276931
-244.893500 151.370200 -244.849697 151.323368
-248.152800 151.340800 -248.196454 151.293856
-251.386800 151.245500 -251.414015 151.198171
-254.628800 151.083900 -254.641199 151.036829
-257.855100 150.860900 -257.848378 150.814962
-260.989500 150.595900 -260.967683 150.551380
-263.979600 150.335600 -263.941388 150.292453
-266.766600 150.087700 -266.800752 150.038113
-269.368500 149.866200 -269.384164 149.818304
-271.910000 149.696000 -271.910124 149.649164
-274.432000 149.547300 -274.415236 149.501140
-276.917800 149.419800 -276.885043 149.373501
-279.393400 149.337600 -279.423130 149.289675
-281.842600 149.284100 -281.857432 149.236441
-284.327000 149.245300 -284.324481 149.197833
-286.851400 149.215900 -286.833974 149.168658
-289.374600 149.175400 -289.342482 149.128608
-291.872700 149.113700 -291.906357 149.065172
-294.367000 149.035300 -294.385710 148.987056
-296.900400 148.946800 -296.902807 148.899058
-299.496800 148.857900 -299.482339 148.810607
-302.152700 148.763000 -302.121849 148.716347
-304.894400 148.662700 -304.934725 148.613362
-307.698800 148.565200 -307.723210 148.516449
-310.542800 148.472300 -310.549414 148.424051
-313.401900 148.388500 -313.392301 148.340638
-316.253600 148.309200 -316.228797 148.261477
-319.087100 148.246300 -319.046762 148.199251
-321.874200 148.159600 -321.907896 148.110214
-324.643500 148.080700 -324.661370 148.031795
-327.380000 148.017900 -327.381156 147.969260
-330.084600 147.943700 -330.070187 147.895418
-332.768800 147.879400 -332.739622 147.831000
-335.339000 147.849200 -335.376558 147.799902
-337.917500 147.821400 -337.938893 147.772125
-340.461700 147.771400 -340.467871 147.722320
-342.975500 147.703700 -342.966392 147.655012
-345.507800 147.596800 -345.484079 147.548752
-348.088400 147.502000 -348.131151 147.451138
-350.695500 147.387300 -350.722738 147.336895
-353.357500 147.254200 -353.368611 147.204473
-356.035100 147.123000 -356.030127 147.074056
-358.706400 146.987600 -358.687976 146.939117
-361.365400 146.869000 -361.331006 146.821241
-363.998800 146.747300 -364.032576 146.696575
-366.592400 146.651500 -366.611088 146.601473
-369.103200 146.586000 -369.105826 146.536221
-371.498800 146.552500 -371.487568 146.502385
-373.734100 146.569400 -373.710199 146.516809
-375.766000 146.687900 -375.793017 146.642165
-377.587800 146.923500 -377.601738 146.876081
-379.228200 147.254000 -379.226612 147.200858
-380.680100 147.681500 -380.663171 147.615228
-381.983900 148.240600 -382.011277 148.210543
-383.189300 148.967100 -383.199453 148.922218
-384.260600 149.832600 -384.257830 149.772582
-385.261700 150.822900 -385.248934 150.747050
-386.189600 152.026900 -386.218849 152.013195
-387.088300 153.508400 -387.104467 153.478185
-387.803500 155.255200 -387.806734 155.199489
-388.328200 157.227600 -388.327127 157.155735
-388.690100 159.390500 -388.689820 159.310693
-388.914300 161.727400 -388.916141 161.638602
-389.033800 164.223600 -389.041135 164.211867
-389.107700 166.899500 -389.114325 166.879686
-389.177200 169.703100 -389.183735 169.674966
-389.249200 172.602600 -389.255366 172.565006
-389.294800 175.566200 -389.300815 175.515764
-389.340400 178.518800 -389.346221 178.455380
-389.408400 181.466200 -389.413967 181.388915
-389.477100 184.395100 -389.482619 184.304075
-389.534000 187.303900 -389.541284 187.292380
-389.596100 190.151400 -389.603094 190.125231
-389.650400 192.868100 -389.657079 192.827991
-389.688600 195.381200 -389.695226 195.329536
-389.706500 197.729300 -389.713144 197.662981
-389.637200 199.881000 -389.643926 199.798183
-389.406500 201.894300 -389.414598 201.871512
-388.964400 203.824800 -388.971473 203.777176
-388.237500 205.641900 -388.243563 205.559106
-387.225600 207.247400 -387.229833 207.244108
-385.985200 208.725400 -385.989703 208.694908
-384.487500 210.025200 -384.495191 209.972047
-382.766900 211.133700 -382.782610 211.063360
-380.848000 212.024300 -380.875527 211.948256
-378.741200 212.710800 -378.722688 212.679015
-376.473400 213.257300 -376.457545 213.215653
-374.038800 213.683400 -374.030407 213.636625
-371.458500 214.025200 -371.457488 213.976160
-368.731200 214.304000 -368.741398 214.253653
-365.907000 214.548400 -365.926337 214.497356
-362.986400 214.774600 -363.020285 214.722514
-360.000500 214.982500 -360.048692 214.930063
-356.946700 215.144300 -356.910399 215.096711
-353.844800 215.269100 -353.823073 215.220438
-350.728200 215.343800 -350.719063 215.294540
-347.621800 215.396600 -347.627630 215.347137
-344.503600 215.436100 -344.524715 215.386626
-341.404500 215.431500 -341.439747 215.382174
-338.307200 215.374700 -338.358653 215.326648
-335.222900 215.258300 -335.191610 215.207594
-332.176900 215.090700 -332.159523 215.040354
-329.113900 214.919400 -329.110351 214.869874
-326.083300 214.755000 -326.092927 214.706259
-323.035500 214.645100 -323.058228 214.596548
-319.997700 214.594500 -320.032545 214.545460
-316.949800 214.613400 -316.997112 214.563360
-313.894600 214.701700 -313.860587 214.655359
-310.834000 214.851800 -310.817127 214.804688
-307.768800 215.021500 -307.768784 214.973570
-304.682000 215.209600 -304.699186 215.160673
-301.619300 215.403400 -301.652710 215.353492
-298.564100 215.602100 -298.617482 215.550916
-295.523500 215.774500 -295.496797 215.728158
-292.524500 215.925700 -292.513523 215.878748
-289.569200 216.080100 -289.584606 216.031775
-286.686000 216.208000 -286.709153 216.159440
-283.844300 216.320800 -283.882721 216.271873
-281.075400 216.414900 -281.042834 216.368560
-278.384800 216.482400 -278.367944 216.435265
-275.749900 216.524700 -275.747225 216.477360
-273.211000 216.563500 -273.221978 216.515997
-270.786900 216.596800 -270.810973 216.549148
-268.452200 216.627400 -268.489460 216.579574
-266.210100 216.670200 -266.188558 216.623529
-264.057900 216.715000 -264.050045 216.668183
-261.977600 216.758700 -261.983696 216.711559
-260.009300 216.805500 -260.025213 216.758195
-258.118000 216.846900 -258.147645 216.799320
-256.324100 216.892100 -256.307134 216.845722
-254.591600 216.937100 -254.587016 216.890448
-252.914000 216.968800 -252.921871 216.921920
-251.261500 217.002300 -251.280819 216.955370
-249.623300 217.030600 -249.653969 216.983174
-248.000000 217.075100 -247.989145 217.028832
-246.394700 217.123600 -246.393121 217.077189
-244.798500 217.177700 -244.812463 217.130831
-243.238500 217.242300 -243.258173 217.195045
-241.697700 217.301200 -241.726984 217.253592
-240.159500 217.379600 -240.151225 217.333768
-238.623700 217.447500 -238.624837 217.401321
-237.098100 217.517700 -237.113436 217.470949
-235.568700 217.578300 -235.591087 217.531307
-234.013600 217.632400 -233.994740 217.586807
-232.429300 217.675500 -232.423917 217.629403
-230.825000 217.709000 -230.829725 217.662775
-229.213500 217.727400 -229.226931 217.681071
-227.620200 217.743200 -227.643302 217.696764
-226.038600 217.749200 -226.021728 217.703132
-224.474500 217.720600 -224.469577 217.674571
-222.943700 217.646400 -222.950353 217.600335
-221.517500 217.497700 -221.534469 217.450924
-220.196400 217.264300 -220.184472 217.219207
-219.015400 216.979300 -219.014013 216.932927
-218.000600 216.671300 -218.005426 216.625307
-217.074300 216.316400 -217.085366 216.269788
-216.224900 215.882000 -216.240825 215.833233
-215.453800 215.357600 -215.454681 215.314527
-214.757400 214.782900 -214.762787 214.737685
-214.077200 214.065600 -214.085887 214.014688
-213.459700 213.182900 -213.470048 213.125026
-212.907500 212.086400 -212.912063 212.044606
-212.452200 210.870600 -212.457926 210.824756
-212.114300 209.456600 -212.120846 209.413518
-211.858500 207.837000 -211.864907 207.801918
-211.742000 206.028400 -211.747357 206.004097
-211.736300 204.033600 -211.742809 203.959923
-211.766900 201.873300 -211.772894 201.802519
-211.796200 199.533500 -211.801916 199.469957
-211.786800 197.027400 -211.792285 196.973034
-211.759900 194.373900 -211.765438 194.331169
-211.697900 191.633600 -211.703715 191.603821
-211.626700 188.816000 -211.633024 188.800813
-211.537000 185.992200 -211.540850 185.903092
-211.444400 183.173400 -211.448918 183.101116
-211.362800 180.374100 -211.367569 180.318039
-211.264700 177.600300 -211.269990 177.561931
-211.172000 174.834700 -211.177838 174.813765
-211.067900 172.132300 -211.074591 172.125572
-210.942500 169.548500 -210.945702 169.475106
-210.807500 167.115600 -210.811761 167.059117
-210.677900 164.891300 -210.682771 164.848849
-210.523800 162.831600 -210.529805 162.802514
-210.369300 160.883900 -210.375891 160.863907
-210.243400 159.140700 -210.247070 159.078529
-210.180400 157.654800 -210.184581 157.604067
-210.119700 156.263000 -210.124351 156.221487
-210.059800 154.892900 -210.064844 154.859691
-209.978700 153.571000 -209.984223 153.544033
-209.891700 152.272500 -209.894752 152.210888
-209.766700 150.900300 -209.770220 150.846838
-209.618400 149.453900 -209.622539 149.407512
-209.402000 147.911800 -209.407548 147.876264
-209.174500 146.248000 -209.181629 146.224376
-208.939400 144.453000 -208.940573 144.383488
-208.714900 142.497200 -208.717573 142.439428
-208.503800 140.403200 -208.507991 140.360440
-208.393000 138.150900 -208.397006 138.125253
-208.389600 135.751000 -208.394510 135.667090
-208.458300 133.190500 -208.462986 133.118100
-208.554900 130.503800 -208.559197 130.445371
-208.679600 127.708900 -208.683129 127.665382
-208.807700 124.788300 -208.810585 124.759413
-208.927800 121.786000 -208.930610 121.774197
-208.986400 118.770600 -208.991129 118.677717
-209.010800 115.753900 -209.013625 115.675775
-208.944000 112.761900 -208.946583 112.698892
-208.836500 109.809100 -208.839481 109.758994
-208.710600 106.913800 -208.714148 106.879911
-208.612900 104.164800 -208.616751 104.145730
-208.524100 101.612900 -208.528715 101.605058
-208.411800 99.291950 -208.413542 99.225524
-208.304000 97.231400 -208.306541 97.179358
-208.239900 95.441440 -208.242782 95.399955
-208.186600 93.928990 -208.189656 93.895379
-208.169400 92.620100 -208.172416 92.591957
-208.111400 91.359060 -208.113765 91.299081
-208.103700 90.108060 -208.106134 90.055780
-208.057300 88.899050 -208.059924 88.854149
-207.989700 87.686220 -207.992867 87.648222
-207.887500 86.424840 -207.891146 86.394148
-207.749700 85.106480 -207.749704 85.041820
-207.573400 83.679430 -207.574348 83.622102
-207.363800 82.128210 -207.365732 82.080517
-207.117800 80.466750 -207.121317 80.430672
-206.886600 78.657990 -206.891117 78.633548
-206.653200 76.721140 -206.652458 76.647780
-206.474300 74.687190 -206.475612 74.626661
-206.388100 72.537240 -206.390227 72.491896
-206.432200 70.298230 -206.432853 70.268969
-206.610100 68.000610 -206.607635 67.987772
-206.892700 65.622610 -206.898550 65.545118
-207.176400 63.145090 -207.180478 63.077188
-207.411300 60.582530 -207.414292 60.523410
-207.566400 57.936780 -207.568250 57.888054
-207.647700 55.184560 -207.649189 55.147787
-207.661500 52.385390 -207.663125 52.358707
-207.621300 49.546410 -207.623510 49.537313
-207.570900 46.730400 -207.571430 46.644737
-207.528900 43.951520 -207.529834 43.883910
-207.484900 41.207900 -207.485925 41.156034
-207.419300 38.483860 -207.420475 38.448062
-207.398300 35.859080 -207.399382 35.838745
-207.389600 33.323530 -207.390584 33.316427
-207.383600 30.928860 -207.384140 30.857584
-207.365700 28.737950 -207.366382 28.682516
-207.338200 26.780150 -207.338970 26.736399
-207.272200 25.076160 -207.273293 25.039168
-207.184900 23.637860 -207.186699 23.609068
-207.080700 22.407050 -207.079817 22.347738
-206.954300 21.322570 -206.954044 21.271121
-206.781600 20.334400 -206.782007 20.288842
-206.551700 19.436710 -206.553155 19.395136
-206.294700 18.614920 -206.297523 18.575260
-205.959400 17.852300 -205.963674 17.813315
-205.601700 17.147840 -205.598481 17.099218
-205.183200 16.499570 -205.180430 16.452668
-204.640200 15.834340 -204.638421 15.788624
-203.962000 15.126390 -203.962034 15.081395
-203.105900 14.402300 -203.108594 14.357545
-202.093300 13.723770 -202.099503 13.678720
-200.890700 13.072850 -200.904398 13.029119
-199.454900 12.451120 -199.432299 12.400471
-197.803000 11.847900 -197.790845 11.799735
-195.985800 11.251230 -195.984945 11.206404
-194.078300 10.799800 -194.089677 10.755054
-192.241500 10.550030 -192.261448 10.503366
-190.511600 10.492510 -190.489516 10.449650
-188.774500 10.514750 -188.764645 10.470496
-187.053000 10.530790 -187.058048 10.486189
-185.316100 10.589790 -185.334416 10.544475
-183.477200 10.672540 -183.450041 10.629485
-181.518300 10.768400 -181.503019 10.725095
-179.433500 10.895520 -179.431949 10.851441
-177.234800 11.053010 -177.246894 11.007883
-174.912900 11.228010 -174.943698 11.181810
-172.453800 11.406500 -172.421602 11.365344
-169.877600 11.633180 -169.860364 11.590959
-167.172600 11.903480 -167.169909 11.859938
-164.356100 12.241910 -164.371091 12.196158
-161.414200 12.605270 -161.447731 12.557630
-158.375100 12.957560 -158.331065 12.918890
-155.289000 13.266400 -155.262809 13.225313
-152.153500 13.477190 -152.154706 13.433626
-148.978900 13.534370 -149.000179 13.490936
-145.756200 13.449460 -145.799278 13.407536
-142.513300 13.323960 -142.468681 13.279444
-139.219200 13.264090 -139.188568 13.220682
-135.871600 13.235180 -135.855328 13.192163
-132.469300 13.237950 -132.467844 13.195033
-128.998700 13.250220 -129.014479 13.207325
-125.452300 13.247970 -125.484586 13.205469
-121.821900 13.224230 -121.868691 13.181887
-118.142800 13.197060 -118.090786 13.154383
-114.366200 13.195450 -114.330743 13.153118
-110.549500 13.202980 -110.532220 13.160789
-106.721100 13.234960 -106.722167 13.192743
-102.856200 13.237720 -102.871077 13.195203
-99.051970 13.344340 -99.084159 13.301425
-95.237560 13.444760 -95.286858 13.401708
-91.419640 13.530140 -91.360927 13.490478
-87.619070 13.674300 -87.574690 13.634238
-83.825400 13.812150 -83.795742 13.771679
-80.045030 13.941190 -80.032349 13.900123
-76.262920 14.064210 -76.268693 14.022654
-72.527230 14.169690 -72.548977 14.127547
-68.760100 14.314940 -68.798670 14.272375
-65.041990 14.448290 -65.096671 14.405162
-61.409550 14.597510 -61.360960 14.558657
-57.812780 14.752930 -57.782471 14.713317
-54.272080 14.916680 -54.260070 14.876618
-50.863180 15.111690 -50.866267 15.070820
-47.456920 15.288970 -47.474586 15.247396
-44.095940 15.453870 -44.125037 15.411931
-40.863370 15.611510 -40.909346 15.568722
-37.779270 15.768930 -37.740241 15.730757
-34.878460 16.001620 -34.853414 15.963367
-32.108550 16.224310 -32.098612 16.184625
-29.417700 16.336670 -29.421974 16.296448
-26.864830 16.377370 -26.882128 16.336631
-24.569330 16.453910 -24.598499 16.413077
-22.495940 16.503070 -22.468734 16.463555
-20.581990 16.519710 -20.569136 16.479893
-18.846180 16.508190 -18.844966 16.468357
-17.328990 16.482300 -17.335269 16.442582
-16.037550 16.475470 -16.049767 16.435373
-14.956120 16.515220 -14.940129 16.477352
-14.017770 16.603920 -14.007104 16.566837
-13.125570 16.745940 -13.117974 16.710537
-12.277220 17.018620 -12.272910 16.982123
-11.518690 17.387820 -11.518499 17.347579
-10.793900 17.853110 -10.798062 17.807461
-10.023690 18.451760 -10.032399 18.398409
-9.266871 19.249950 -9.280768 19.185646
-8.499983 20.230260 -8.482211 20.220821
-7.714471 21.448790 -7.704795 21.426599
-6.943853 22.899830 -6.940708 22.865722
-6.209422 24.630930 -6.212053 24.582129
-5.580618 26.636760 -5.588209 26.567202
-5.100718 28.938480 -5.093778 28.935939
-4.832290 31.540330 -4.830595 31.517524
-4.752808 34.327710 -4.752584 34.284871
-4.799016 37.335070 -4.798196 37.264896
-4.911943 40.499490 -4.914047 40.505825
-5.090383 43.700800 -5.091531 43.681282
-5.276585 46.904120 -5.276453 46.860440
-5.464336 50.126700 -5.462455 50.058343
-5.701735 53.348430 -5.698681 53.260414
-5.926283 56.566760 -5.929124 56.562646
-6.149722 59.747560 -6.151222 59.724097
-6.326192 62.853260 -6.326688 62.812286
-6.450595 65.815280 -6.450633 65.759711
-6.558018 68.633220 -6.557645 68.561131
-6.625230 71.279560 -6.626137 71.277656
-6.655510 73.749780 -6.656863 73.731235
-6.684464 75.995110 -6.685372 75.962821
-6.652349 77.987890 -6.653831 77.942010
-6.508811 79.715010 -6.514269 79.652713
-6.213677 81.157890 -6.206807 81.141074
-5.729615 82.390460 -5.729981 82.352531
-5.161236 83.435200 -5.171781 83.377347
-4.542652 84.252870 -4.529006 84.236848
-3.866113 84.884560 -3.861669 84.852604
-3.262439 85.311720 -3.263521 85.272239
-2.779876 85.608160 -2.784334 85.564853
-2.292931 85.855430 -2.301593 85.808756
-1.737887 86.025210 -1.728040 85.993598
-1.127115 86.147390 -1.121587 86.111959
-0.518659 86.251250 -0.517649 86.212823
0.098283 86.354450 0.096022 86.314439
0.701588 86.427350 0.695442 86.386246
1.306431 86.494190 1.297594 86.452601
1.881704 86.544440 1.890360 86.506874
2.482048 86.571200 2.487819 86.533252
3.081643 86.601540 3.084519 86.562370
3.761151 86.625380 3.761899 86.586170
4.619787 86.696990 4.616742 86.657516
5.591334 86.770900 5.584097 86.730952
6.608439 86.844400 6.595809 86.804525
7.634023 86.901350 7.649887 86.863271
8.711110 86.958450 8.721528 86.919737
9.832777 87.009730 9.836190 86.970866
11.007620 87.011520 11.003780 86.972371
12.275390 86.965120 12.263618 86.925981
13.626340 86.918150 13.605387 86.879973
15.069990 86.825170 15.088918 86.785395
16.615310 86.785220 16.630530 86.748782
18.281790 86.877740 18.291008 86.840695
20.047850 87.081990 20.047822 87.043209
21.900640 87.285740 21.887040 87.245286
23.863160 87.475150 23.833208 87.433854
25.902040 87.591950 25.925051 87.554294
28.010580 87.643840 28.019154 87.605464
30.161670 87.666240 30.160008 87.627639
32.320100 87.664230 32.306672 87.625707
34.457590 87.659770 34.432134 87.621136
36.605810 87.671870 36.637723 87.633670
38.730770 87.693440 38.752772 87.655334
40.845470 87.730240 40.855536 87.692240
42.917780 87.780190 42.917124 87.741971
44.982820 87.855000 44.971718 87.816449
47.029150 87.934110 47.006374 87.895342
49.088540 87.988070 49.117005 87.950966
51.131190 88.046720 51.147014 88.009173
53.178890 88.088740 53.182882 88.050865
55.228720 88.131890 55.220085 88.093637
57.257270 88.189930 57.238476 88.151669
59.284240 88.231390 59.251238 88.193061
61.307870 88.268110 61.328813 88.231145
63.333450 88.313230 63.342671 88.275733
65.383590 88.353950 65.380344 88.316281
67.446480 88.391970 67.431903 88.354123
69.483090 88.432190 69.456245 88.394761
71.551190 88.436950 71.578280 88.399893
73.590280 88.449790 73.606610 88.412453
75.642440 88.447490 75.643632 88.410164
77.675640 88.454840 77.664199 88.417534
79.705830 88.461020 79.683668 88.423674
81.744040 88.480290 81.774660 88.443704
83.774580 88.511400 83.793153 88.474745
85.799340 88.557110 85.805458 88.520160
87.804420 88.601160 87.799488 88.564004
89.806920 88.643630 89.791418 88.606064
91.803370 88.704770 91.775987 88.667317
93.754020 88.738080 93.778543 88.702354
95.670500 88.790390 95.682465 88.753851
97.538390 88.822000 97.538798 88.785294
99.322990 88.859730 99.313833 88.822939
100.954900 88.856800 100.936280 88.819335
102.409400 88.885030 102.427751 88.848246
103.660500 88.873010 103.669210 88.836531
104.773500 88.863290 104.774542 88.826695
105.718200 88.844540 105.713651 88.808021
106.475800 88.845300 106.468084 88.808801
107.080900 88.835950 107.089291 88.799995
107.600100 88.863550 107.605748 88.829989
108.075700 88.966910 108.080212 88.934822
108.506900 89.161700 108.509085 89.128631
108.887900 89.429650 108.886725 89.392660
109.267500 89.752890 109.261646 89.709479
109.650400 90.181660 109.638891 90.129607
110.007800 90.683680 109.992516 90.624467
110.331900 91.262390 110.344116 91.247638
110.663200 91.958220 110.668689 91.934021
110.947400 92.750780 110.948145 92.717978
111.190500 93.649870 111.186743 93.606071
111.329400 94.676260 111.323055 94.622794
111.382200 95.834440 111.375577 95.770261
111.376200 97.156700 111.375535 97.133186
111.321400 98.712080 111.320370 98.676539
111.179000 100.499200 111.179041 100.447671
111.052600 102.454500 111.049931 102.450559
110.953400 104.573600 110.951280 104.555279
110.848100 106.867600 110.846780 106.832314
110.729000 109.311900 110.728414 109.260065
110.604600 111.877700 110.605086 111.806490
110.451100 114.520800 110.447448 114.518875
110.254000 117.240000 110.251065 117.223345
110.055600 119.971100 110.053911 119.936354
109.855900 122.687400 109.855275 122.635920
109.666000 125.388400 109.666434 125.318048
109.501800 128.077800 109.498204 128.076362
109.371200 130.752800 109.368531 130.735588
109.256400 133.406800 109.254306 133.371884
109.149100 136.006600 109.147710 135.955673
109.039300 138.439400 109.038412 138.375529
108.946900 140.687200 108.943398 140.679669
108.848000 142.713600 108.844990 142.691855
108.759900 144.486400 108.757515 144.452813
108.690000 146.045200 108.687669 146.001338
108.715900 147.402400 108.711974 147.352490
108.827800 148.539800 108.826808 148.517580
108.921200 149.485400 108.919513 149.455068
109.006800 150.284400 109.004379 150.248419
109.049700 151.026600 109.046995 150.985916
109.110000 151.749000 109.105716 151.705080
109.240400 152.403100 109.239203 152.376670
109.344100 153.097600 109.342690 153.067786
109.452600 153.933600 109.450272 153.900624
109.521400 154.936000 109.518653 154.896855
109.584300 156.072700 109.580895 156.026782
109.645200 157.328900 109.642218 157.273903
109.667500 158.738000 109.665379 158.720859
109.715500 160.311600 109.712894 160.287737
109.696400 162.088600 109.693391 162.055282
109.648800 164.031700 109.646044 163.985716
109.639100 166.108700 109.636097 166.049649
109.633200 168.339900 109.629812 168.339096
109.612700 170.710700 109.609370 170.696643
109.583300 173.210300 109.579981 173.181805
109.553500 175.810400 109.550355 175.766356
109.534300 178.500200 109.530969 178.438813
109.535800 181.237100 109.532054 181.158217
109.577200 183.940500 109.573995 183.931874
109.589000 186.635900 109.585597 186.612572
109.627500 189.311100 109.623788 189.270945
109.659000 191.927100 109.655382 191.872777
109.629600 194.430300 109.626379 194.363319
109.574900 196.783200 109.570254 196.776614
109.514500 198.966200 109.510189 198.944188
109.471200 200.971300 109.467201 200.934386
109.448700 202.821200 109.444676 202.771953
109.448800 204.602200 109.444100 204.541691
109.487500 206.354100 109.483847 206.336451
109.546200 208.062400 109.542283 208.032865
109.610500 209.709200 109.606060 209.668544
109.671900 211.262700 109.667235 211.213120
109.705900 212.701800 109.701044 212.644782
109.734000 214.083700 109.729810 214.061638
109.731100 215.443500 109.726569 215.412341
109.707300 216.763900 109.702831 216.724704
109.699800 218.051000 109.695314 218.001538
109.686600 219.346900 109.681460 219.331429
109.662800 220.744800 109.657945 220.720085
109.624300 222.181900 109.619641 222.147550
109.632900 223.689900 109.628397 223.646669
109.598100 225.285500 109.593459 225.230685
109.569800 226.964200 109.563826 226.955330
109.440500 228.723900 109.434358 228.707904
109.201500 230.569600 109.195156 230.544921
108.840200 232.500400 108.835144 232.464214
108.453300 234.508400 108.450525 234.458830
108.103400 236.603300 108.102131 236.536128
107.820000 238.782500 107.813099 238.771417
107.625300 241.068300 107.619820 241.037744
107.500700 243.440400 107.495794 243.394203
107.404300 245.878200 107.399545 245.818153
107.332600 248.416100 107.328241 248.340303
107.256600 251.021300 107.250099 251.016089
107.176600 253.624800 107.170399 253.605709
107.085700 256.216800 107.079925 256.184026
106.990300 258.788300 106.984860 258.743501
106.888800 261.345700 106.883862 261.284867
106.803900 263.853500 106.798645 263.780354
106.756800 266.256500 106.750164 266.246980
106.736800 268.495900 106.730643 268.469779
106.721100 270.543000 106.715039 270.505084
106.664600 272.451300 106.658848 272.402476
106.602400 274.231700 106.597030 274.172995
106.541100 275.936000 106.534710 275.920997
106.490100 277.548900 106.483351 277.522398
106.431000 279.024300 106.424630 278.986616
106.436000 280.325900 106.428597 280.277969
106.525700 281.483400 106.523359 281.467907
106.690800 282.500200 106.687299 282.473348
106.934200 283.393700 106.927159 283.355558
107.264500 284.174800 107.252780 284.125671
107.615000 284.885400 107.620292 284.870263
108.052900 285.553000 108.052741 285.526274
108.564200 286.162300 108.558649 286.127026
109.134400 286.814700 109.124412 286.773385
109.716100 287.520500 109.705518 287.477543
110.122000 288.203000 110.110888 288.157009
110.422100 288.820000 110.407604 288.763453
110.586500 289.418300 110.590674 289.413766
110.618300 290.064100 110.620032 290.056940
110.518800 290.708100 110.516481 290.687739
110.370600 291.314300 110.365162 291.283037
110.141900 291.925400 110.133871 291.882746
109.836600 292.549000 109.827737 292.497422
109.496500 293.150200 109.491277 293.098889
109.127000 293.786300 109.116833 293.760464
108.698100 294.485100 108.690269 294.450398
108.256700 295.314100 108.252269 295.268932
107.818100 296.219200 107.810489 296.207681
107.428300 297.304000 107.421047 297.274159
107.065000 298.537100 107.059038 298.492414
106.761100 299.883000 106.756433 299.825472
106.504600 301.404000 106.495532 301.391550
106.275100 303.166000 106.266998 303.142436
106.085800 305.101300 106.078351 305.066929
105.832300 307.215400 105.825952 307.168769
105.631300 309.512000 105.625038 309.447985
105.511000 311.924600 105.503324 311.926557
105.445300 314.490700 105.437668 314.477758
105.421000 317.132600 105.413570 317.104657
105.442800 319.873700 105.435213 319.832831
105.446400 322.691700 105.438797 322.634938
105.418000 325.550100 105.410540 325.477556
105.395200 328.463500 105.387202 328.470801
105.363900 331.394800 105.355380 331.383873
105.291400 334.291700 105.283293 334.264187
105.220100 337.191700 105.212220 337.149070
105.144300 340.052300 105.136907 339.994935
105.074500 342.867900 105.066949 342.795128
105.008900 345.615600 105.000116 345.616156
104.963300 348.183800 104.954562 348.167180
104.902500 350.569000 104.893751 350.540719
104.816700 352.734300 104.808587 352.692417
104.677500 354.661300 104.669402 354.608359
104.615300 356.352300 104.606772 356.291478
104.604300 357.799100 104.597223 357.776807
104.701100 359.026400 104.693271 358.993043
104.890600 360.123900 104.878549 360.076178
105.192900 361.139800 105.173144 361.073229
105.583500 362.033500 105.584512 362.017466
106.094900 362.891300 106.085897 362.853641
106.699400 363.652300 106.681181 363.597820
107.414200 364.337700 107.385428 364.267552
108.207300 364.984000 108.214251 364.966710
109.274200 365.625100 109.274618 365.598415
110.518200 366.322000 110.511047 366.286605
111.969200 367.023500 111.951873 366.979559
113.629200 367.645200 113.599685 367.594734
115.502500 368.145800 115.456566 368.088236
117.562800 368.470200 117.581508 368.443545
119.826500 368.663600 119.833751 368.629905
122.238200 368.733400 122.236460 368.697017
124.812600 368.744200 124.804182 368.707542
127.509600 368.750200 127.489555 368.713638
130.334100 368.742700 130.303111 368.706174
133.295700 368.738200 133.251555 368.701470
136.383900 368.770400 136.422879 368.734761
139.555000 368.815800 139.579840 368.780532
142.817300 368.903900 142.826553 368.868486
146.129200 369.028000 146.118559 368.991929
149.483900 369.137700 149.455321 369.101040
152.891500 369.309800 152.841189 369.271489
156.306000 369.518300 156.347071 369.485508
159.737200 369.684200 159.761382 369.649823
163.198500 369.811800 163.201519 369.776554
166.695400 369.930000 166.682538 369.894412
170.207000 370.046100 170.175953 370.010039
173.771600 370.157300 173.723212 370.120799
177.360900 370.266500 177.298272 370.229583
180.975000 370.366900 181.009598 370.333156
184.518100 370.493400 184.538130 370.459410
188.057900 370.608200 188.065947 370.573751
191.649500 370.691100 191.639417 370.656238
195.256300 370.767500 195.231817 370.732404
198.849500 370.860000 198.807900 370.824622
202.381300 370.945800 202.323746 370.909801
205.845900 371.042000 205.880087 371.008842
209.282900 371.140100 209.300010 371.106484
212.668000 371.264500 212.668790 371.230684
216.064400 371.405600 216.048992 371.371138
219.481600 371.542500 219.449795 371.507646
222.884100 371.677600 222.837262 371.641988
226.298100 371.814800 226.238447 371.778945
229.735800 371.946300 229.768740 371.914428
233.194100 372.081100 233.211012 372.048378
236.650500 372.201800 236.649650 372.168387
240.111200 372.286400 240.093348 372.252601
243.564300 372.361500 243.528971 372.327495
247.015400 372.438700 246.964031 372.404405
250.457000 372.513500 250.500390 372.481369
253.891600 372.590900 253.918241 372.558792
257.290300 372.695800 257.297526 372.663175
260.690700 372.783400 260.682834 372.750411
264.069500 372.879600 264.043666 372.846154
267.431600 372.988700 267.391700 372.954621
270.776800 373.106400 270.721516 373.071792
274.109000 373.236700 274.146243 373.206012
277.432900 373.381900 277.454515 373.350636
280.759300 373.509600 280.763748 373.477534
284.056000 373.639500 284.044549 373.607013
287.359000 373.744400 287.334176 373.711633
290.659600 373.828200 290.613750 373.795127
293.947900 373.890800 293.992109 373.859562
297.237800 373.937600 297.265819 373.906109
300.521400 373.988900 300.533473 373.957267
303.768300 374.045300 303.766181 374.013563
306.957900 374.123300 306.939180 374.091315
310.146500 374.187500 310.112570 374.155822
313.322400 374.161000 313.278365 374.129579
316.483700 374.147700 316.425694 374.116357
319.614100 374.138000 319.642742 374.106534
322.710900 374.134900 322.726493 374.103764
325.754600 374.160500 325.758457 374.129617
328.760000 374.252700 328.751415 374.221455
331.723400 374.480400 331.702572 374.446329
334.629700 374.897700 334.597644 374.857967
337.443500 375.575200 337.401041 375.528908
340.190600 376.425800 340.137182 376.371133
342.858100 377.501000 342.890316 377.492546
345.468300 378.757900 345.485681 378.741593
348.031800 380.138800 348.035417 380.115146
350.528000 381.659100 350.518298 381.627047
353.018700 383.175200 352.990589 383.132237
355.491300 384.652000 355.444495 384.597683
357.947400 386.052400 357.965253 386.036950
360.450400 387.298300 360.445261 387.269172
362.989400 388.343200 362.960745 388.302395
365.629600 389.180000 365.576333 389.130476
368.276800 389.785200 368.302251 389.766346
371.000200 390.203900 371.008867 390.177981
373.810900 390.409900 373.796663 390.378725
376.669700 390.515800 376.638070 390.483691
379.565900 390.475800 379.522448 390.445491
382.519300 390.334600 382.558026 390.302099
385.568500 390.096400 385.595550 390.063820
388.667700 389.806400 388.682225 389.774584
391.801000 389.495500 391.803459 389.465056
394.948500 389.200900 394.937071 389.171726
398.070600 388.865200 398.045068 388.837695
401.148300 388.481900 401.109434 388.456202
404.065800 388.058900 404.013525 388.033611
406.691700 387.530400 406.714178 387.502191
409.000000 386.806300 408.997532 386.778022
410.962900 385.896000 410.927333 385.858995
412.562500 384.785500 412.607952 384.775351
413.996700 383.545300 414.010675 383.523644
415.180900 382.105900 415.164602 382.073948
416.123400 380.517100 416.084677 380.479848
416.780300 378.715300 416.809243 378.690447
417.257500 376.862000 417.263621 376.831309
417.474300 374.922400 417.469640 374.890591
417.570600 372.940800 417.563472 372.915657
417.595000 370.957200 417.588086 370.936995
417.608000 368.989000 417.601440 368.975042
417.583600 367.038100 417.577092 367.033968
417.563900 365.089500 417.557021 365.033417
417.541600 363.162600 417.535037 363.117738
417.537500 361.254500 417.531155 361.222021
417.528500 359.368700 417.522202 359.348545
417.528100 357.497400 417.521844 357.489179
417.533000 355.636800 417.526888 355.582633
417.535200 353.779400 417.529288 353.735334
417.571900 351.871300 417.565876 351.839214
417.625100 349.951000 417.618646 349.929580
417.694000 348.023900 417.687005 348.013665
417.785900 346.081700 417.778046 346.083247
417.908800 344.103500 417.904310 344.053561
418.015700 342.077300 418.010364 342.040025
418.081000 339.964700 418.074879 339.943507
418.090200 337.760700 418.084376 337.755169
418.050600 335.423900 418.044322 335.358430
417.958300 332.974100 417.951908 332.920912
417.860400 330.443200 417.854711 330.404938
417.712700 327.891600 417.707671 327.869111
417.482600 325.340400 417.478049 325.331713
417.033400 322.795700 417.025417 322.736809
416.342400 320.296000 416.335350 320.253251
415.500300 317.846800 415.494496 317.815035
414.502200 315.485600 414.500215 315.465707
413.318100 313.201700 413.322972 313.192424
412.032900 310.983400 412.044976 310.983467
410.705100 308.826400 410.682030 308.768664
409.332700 306.723300 409.315220 306.674861
407.938700 304.690300 407.926374 304.650442
406.473300 302.693100 406.467671 302.662784
404.955000 300.719700 404.955785 300.697540
403.421700 298.744000 403.428943 298.730442
401.884500 296.708900 401.896495 296.703096
400.391900 294.639900 400.362455 294.579095
398.848100 292.568900 398.828147 292.516957
397.412100 290.463600 397.398950 290.420815
396.057400 288.363000 396.051440 288.331196
394.718200 286.280300 394.721520 286.263710
393.408400 284.209500 393.419775 284.205387
392.117400 282.093800 392.096115 282.036665
390.835100 279.982500 390.821372 279.936622
389.579700 277.837900 389.572554 277.802923
388.345300 275.665600 388.345162 275.642836
387.120100 273.483200 387.126715 273.472657
385.875700 271.265000 385.889819 271.267661
384.628200 269.049200 384.610186 268.994662
383.381900 266.843000 383.371172 266.801239
382.125900 264.656300 382.124116 264.629870
380.854500 262.504300 380.859997 262.491434
379.661500 260.394600 379.674151 260.394173
378.446600 258.284100 378.427507 258.228767
377.135400 256.231900 377.122058 256.187251
375.830100 254.203900 375.824804 254.170763
374.666100 252.142300 374.666985 252.119780
373.467400 250.089900 373.475816 250.080318
372.260300 248.016900 372.238000 247.954466
371.007200 245.900200 370.992119 245.851000
369.693400 243.722700 369.686294 243.686159
368.315100 241.489500 368.316271 241.466347
366.888500 239.203500 366.896461 239.191546
365.460800 236.868900 365.478279 236.871912
364.012600 234.509600 363.991067 234.449759
362.529900 232.103900 362.516300 232.055420
361.127000 229.646700 361.120526 229.610402
359.661000 227.165200 359.661799 227.141167
358.172600 224.664800 358.182356 224.655696
356.667000 222.124500 356.685813 222.130105
355.093500 219.562900 355.069310 219.498890
353.424100 216.994400 353.409377 216.945568
351.712100 214.400800 351.705946 214.364781
349.975600 211.757600 349.977026 211.733033
348.217300 209.053900 348.228029 209.043673
346.440100 206.295800 346.459902 206.300024
344.718700 203.491400 344.692081 203.419769
343.048900 200.668300 343.029173 200.608945
341.324500 197.881200 341.313288 197.836259
339.568500 195.094400 339.566871 195.064434
337.852500 192.286600 337.859353 192.270988
336.194600 189.467000 336.209314 189.464587
334.505100 186.643600 334.528176 186.654108
332.810200 183.813400 332.787881 183.747805
331.136400 180.975200 331.123263 180.924622
329.490700 178.148700 329.486469 178.113206
327.932900 175.420200 327.933719 175.393511
326.471500 172.833200 326.479495 172.818854
325.095300 170.445000 325.108937 170.439429
323.762200 168.206100 323.739625 168.139860
322.412400 165.996900 322.396180 165.942482
321.011100 163.835400 321.003033 163.793877
319.641800 161.678600 319.639505 161.645676
318.295500 159.472400 318.300372 159.451329
316.951800 157.229300 316.962817 157.218710
315.588800 154.961100 315.609696 154.964213
314.135600 152.692800 314.117854 152.635115
312.631900 150.387300 312.621852 150.341485
311.148500 148.012100 311.145354 147.977272
309.612900 145.580200 309.618163 145.558623
308.016700 143.109100 308.032352 143.102353
306.331100 140.598200 306.358628 140.606622
304.564400 138.076000 304.544819 138.016703
302.797400 135.508900 302.788594 135.465593
300.997000 132.893600 300.999310 132.866401
299.222800 130.218600 299.236400 130.208517
297.437100 127.496300 297.462993 127.505133
295.655500 124.725500 295.634842 124.662173
293.887000 121.904900 293.877958 121.859135
292.106700 119.014900 292.106750 118.983526
290.285600 116.096800 290.293361 116.078195
288.486200 113.134700 288.503721 113.131347
286.686000 110.204800 286.711507 110.214638
284.893700 107.269000 284.870648 107.199014
283.126100 104.350100 283.110122 104.291932
281.355100 101.454500 281.346171 101.407851
279.594100 98.593690 279.593163 98.559633
277.853700 95.782330 277.859137 95.758522
276.123300 93.015090 276.134335 92.999887
274.407100 90.294590 274.426672 90.292440
272.692900 87.620630 272.720014 87.629570
270.986100 84.990760 270.967028 84.928431
269.325100 82.370640 269.313942 82.319180
267.721500 79.761360 267.716524 79.719921
266.125000 77.187760 266.127311 77.157950
264.542700 74.650060 264.551658 74.630847
262.985600 72.146080 263.001445 72.137713
261.442300 69.672120 261.467176 69.678097
259.914000 67.228910 259.898201 67.171652
258.304500 64.884450 258.298330 64.841564
256.745600 62.566170 256.748293 62.536240
255.295000 60.234750 255.300769 60.210668
253.997800 57.859320 254.005162 57.843209
252.910900 55.413560 252.916909 55.403874
252.070800 52.918370 252.074510 52.915458
251.456200 50.379500 251.458546 50.319141
251.101500 47.849010 251.103766 47.799076
250.932300 45.362320 250.933847 45.328163
250.858900 42.970440 250.860647 42.952435
250.880600 40.703100 250.881663 40.701276
250.860200 38.529600 250.863042 38.480882
250.643100 36.422190 250.644621 36.392471
250.219900 34.431510 250.218400 34.412858
249.550300 32.522370 249.555253 32.479852
248.682400 30.805930 248.684737 30.772573
247.595100 29.296170 247.595918 29.266289
246.325600 27.986790 246.327910 27.956385
244.806500 26.870520 244.807314 26.839845
243.208500 26.046220 243.208861 26.014938
241.618500 25.511990 241.620901 25.478979
240.183400 25.244680 240.186884 25.208726
238.935000 25.182690 238.938106 25.141419
237.834400 25.306400 237.834136 25.256215
236.751000 25.547440 236.760626 25.531772
235.819600 26.015040 235.824780 25.988120
235.018800 26.634010 235.015374 26.591836
234.322500 27.380390 234.307972 27.320434
233.665300 28.270030 233.686190 28.272893
233.152200 29.370220 233.162211 29.358581
232.717700 30.623840 232.722413 30.601232
232.381300 32.026050 232.383604 31.995580
232.146500 33.563930 232.148165 33.527427
231.970000 35.230950 231.971920 35.189182
231.824100 37.057360 231.826487 37.009282
231.711700 38.971820 231.714108 38.915021
231.613800 41.054710 231.616933 40.987989
231.500400 43.265380 231.500661 43.259212
231.399200 45.576380 231.399991 45.559336
231.319600 47.958050 231.320769 47.928378
231.245500 50.455120 231.247009 50.412710
231.179600 53.045730 231.181241 52.986914
231.112600 55.734600 231.114389 55.662327
231.018200 58.532000 231.018988 58.535830
230.923100 61.468330 230.923526 61.458595
230.781800 64.386420 230.782048 64.361938
230.554400 67.301250 230.555459 67.263003
230.382900 70.279420 230.384279 70.225405
230.251900 73.265810 230.253884 73.193510
230.117200 76.279160 230.116015 76.287253
229.963600 79.299000 229.962575 79.290943
229.812600 82.350860 229.812528 82.321464
229.639600 85.361680 229.640383 85.315566
229.508400 88.372400 229.509794 88.307660
229.396200 91.404150 229.397286 91.322872
229.226100 94.390420 229.224500 94.394960
229.043400 97.383610 229.042477 97.369038
228.915600 100.420900 228.915144 100.388550
228.777400 103.429600 228.777801 103.380149
228.620500 106.515300 228.621434 106.445786
228.492800 109.617700 228.490283 109.629190
228.345100 112.766000 228.343392 112.759977
228.262200 115.953800 228.261172 115.929034
228.174500 119.123600 228.173892 119.081204
228.062700 122.300500 228.062664 122.239794
227.923700 125.438600 227.924610 125.358481
227.800300 128.526100 227.797454 128.531460
227.652200 131.598300 227.650149 131.582767
227.534700 134.639400 227.533339 134.606513
227.419600 137.638100 227.418807 137.588388
227.314300 140.648200 227.313661 140.583239
227.209000 143.551900 227.208944 143.471724
227.066800 146.491000 227.064006 146.489493
226.958600 149.420900 226.956456 149.401574
226.876000 152.285800 226.874096 152.252568
226.800700 155.135000 226.799149 155.083397
226.731900 157.928600 226.730663 157.862498
226.671000 160.677000 226.667385 160.685025
226.582000 163.433500 226.578877 163.425939
226.485000 166.141300 226.482449 166.118978
226.397200 168.834800 226.395041 168.795648
226.291800 171.503000 226.290169 171.448874
226.193800 174.156400 226.192595 174.087273
226.097700 176.845900 226.094122 176.846159
226.004100 179.602700 226.000747 179.586572
225.899400 182.370000 225.896543 182.338288
225.790500 185.147000 225.788254 185.098695
225.666400 187.881700 225.664861 187.818753
225.559700 190.596700 225.555383 190.602598
225.450800 193.273500 225.446548 193.263657
225.344100 195.959200 225.340599 195.934273
225.255300 198.650900 225.252320 198.607013
225.193200 201.334900 225.190519 201.274513
225.127200 204.006800 225.122858 204.014708
225.065500 206.635300 225.061484 206.626554
225.010800 209.237100 225.006932 209.214588
224.942500 211.826000 224.938975 211.786581
224.891100 214.400400 224.887825 214.344866
224.851300 216.935700 224.849638 216.865453
224.574700 219.362300 224.566772 219.356479
224.296500 221.836900 224.291411 221.815780
224.077500 224.335800 224.073630 224.299780
223.912600 226.902200 223.909565 226.851525
223.741800 229.521600 223.739364 229.455542
223.606900 232.177000 223.599850 232.185331
223.385500 235.003000 223.379074 234.996569
223.159800 237.809300 223.154340 237.789507
222.960600 240.674800 222.956340 240.637408
222.792300 243.535000 222.788795 243.482368
222.588700 246.352100 222.586706 246.284390
222.380700 249.170100 222.373529 249.176874
222.221500 251.920200 222.215171 251.913307
222.080000 254.672900 222.074652 254.648020
221.956900 257.368500 221.952148 257.328104
221.829100 260.046700 221.824796 259.990736
221.692500 262.646800 221.689212 262.576766
221.568600 265.262200 221.562304 265.258502
221.459700 267.839700 221.453665 267.820618
221.336200 270.381800 221.330848 270.347864
221.189700 272.766200 221.184850 272.719067
221.088000 275.002000 221.083448 274.940304
221.026400 277.045600 221.021049 277.034019
221.049000 278.872300 221.043839 278.845486
221.129600 280.543300 221.123499 280.504751
221.219900 282.100200 221.212686 282.050310
221.344400 283.572300 221.339828 283.560750
221.383300 284.982800 221.379141 284.962416
221.427300 286.297500 221.421802 286.272091
221.355400 287.505400 221.349613 287.473565
221.243100 288.625800 221.237000 288.588457
221.036600 289.678700 221.029072 289.633924
220.706100 290.652000 220.698311 290.601389
220.342100 291.553100 220.334284 291.497192
219.853800 292.364600 219.848106 292.357869
219.269900 293.212700 219.263966 293.199325
218.538100 294.065300 218.531455 294.043536
217.686800 294.889800 217.680511 294.859994
216.657700 295.681400 216.652065 295.642163
215.444500 296.400100 215.439257 296.348643
214.042800 296.980800 214.038983 296.917718
212.392600 297.367200 212.396649 297.301959
210.496800 297.522800 210.474822 297.500145
208.422600 297.550500 208.410353 297.517080
206.131200 297.483400 206.139342 297.449741
203.651200 297.386400 203.603578 297.351033
200.976300 297.310600 200.951026 297.275782
198.089000 297.234800 198.086037 297.200506
194.997600 297.169600 195.018216 297.135716
191.702200 297.088100 191.745634 297.055064
188.259400 296.972900 188.213131 296.936901
184.687600 296.836900 184.662243 296.801348
180.991300 296.697500 180.985574 296.662654
177.262000 296.545800 177.279820 296.511900
173.558400 296.374900 173.596592 296.341798
169.919200 296.277600 169.859395 296.241681
166.317100 296.215600 166.276800 296.179723
162.711100 296.177000 162.687508 296.141335
159.134700 296.119900 159.126417 296.084387
155.571100 296.037800 155.579568 296.002505
152.007700 295.960500 152.030253 295.925498
148.468000 295.873200 148.509072 295.838563
144.946600 295.784900 144.888596 295.747637
141.444100 295.697900 141.402144 295.661018
137.975600 295.609100 137.947253 295.572676
134.474600 295.536100 134.458948 295.499575
131.021500 295.387200 131.018534 295.351164
127.584800 295.185200 127.593487 295.149763
124.194200 294.919100 124.214059 294.884656
120.833000 294.568800 120.864738 294.536433
117.524100 294.148300 117.568208 294.118184
114.277200 293.717200 114.235449 293.675749
111.044200 293.263000 111.020192 293.223763
107.875300 292.820400 107.866888 292.783203
104.688800 292.432800 104.703713 292.397698
101.526200 292.112800 101.560100 292.078261
98.320670 291.867700 98.271325 291.828795
95.075730 291.698100 95.047580 291.660371
91.781610 291.600800 91.772821 291.563393
88.461730 291.510300 88.468922 291.473277
85.094010 291.416400 85.118773 291.379644
81.672540 291.325000 81.714639 291.288838
78.223590 291.216800 78.171760 291.177753
74.766450 291.106600 74.731662 291.067809
71.344240 290.985400 71.325237 290.947062
67.941880 290.873200 67.940919 290.835343
64.574620 290.765700 64.591570 290.728360
61.246410 290.655900 61.280502 290.619005
57.944380 290.555500 57.890764 290.515886
54.688490 290.463900 54.650278 290.424550
51.465180 290.374800 51.446003 290.336086
48.250390 290.298700 48.248766 290.260312
45.050130 290.226400 45.066166 290.188357
41.875270 290.157700 41.907998 290.119808
38.711490 290.079000 38.660962 290.039094
35.578690 289.999000 35.546529 289.959460
32.468040 289.919000 32.455188 289.879914
29.399030 289.855900 29.403020 289.816972
26.374440 289.806000 26.396342 289.767384
23.466190 289.753800 23.502346 289.715392
20.703250 289.695700 20.665338 289.655685
18.065590 289.632000 18.043696 289.592325
15.545090 289.573700 15.538300 289.534239
13.147890 289.520300 13.154446 289.480980
10.888030 289.488100 10.908349 289.447617
8.793075 289.520100 8.762054 289.482444
6.883822 289.607400 6.868089 289.568880
5.082836 289.770600 5.078839 289.730300
3.360773 289.989300 3.367099 289.946802
1.693438 290.246300 1.708337 290.202223
0.081762 290.523900 0.053749 290.488416
-1.454040 290.824700 -1.472191 290.787546
-2.912142 291.153900 -2.920807 291.114272
-4.263831 291.496500 -4.264910 291.453982
-5.469629 291.865200 -5.463423 291.817550
-6.561797 292.250200 -6.580642 292.220176
-7.567325 292.720400 -7.577230 292.684171
-8.250854 293.150700 -8.256660 293.108000
-8.615564 293.414600 -8.621544 293.372311
-8.701378 293.497800 -8.709179 293.457898
-8.677816 293.476200 -8.684926 293.436160
-8.670689 293.481400 -8.677952 293.441138
-8.660467 293.476600 -8.667754 293.436419
-8.651698 293.468700 -8.659050 293.428484
-8.643833 293.460000 -8.651129 293.419740
-8.651930 293.468400 -8.659625 293.428716
-8.687854 293.502400 -8.695570 293.462799
-8.762112 293.570000 -8.769525 293.530026
-8.920494 293.730700 -8.926737 293.686270
-9.169684 294.008200 -9.174167 293.954055
-9.506103 294.394700 -9.516137 294.362961
-9.958653 294.935000 -9.966837 294.896584
-10.520470 295.675700 -10.525480 295.626726
-11.117550 296.668100 -11.120018 296.599051
-11.708500 297.866400 -11.719228 297.853710
-12.237630 299.339200 -12.246107 299.307218
-12.683330 301.018400 -12.689972 300.971971
-13.070580 302.864600 -13.076393 302.806897
-13.368680 304.910200 -13.374241 304.837512
-13.565630 307.103100 -13.575237 307.096290
-13.722500 309.483700 -13.731524 309.469116
