0.000000 0.000000 0.000000 0.000000
0.059875 0.430540 0.059389 0.428008
0.240194 0.981257 0.237580 0.974061
0.531827 1.620036 0.537860 1.628577
0.999102 2.286905 1.002829 2.290779
1.634196 2.948016 1.633662 2.946923
2.465897 3.579897 2.459801 3.575238
3.507611 4.202254 3.495187 4.195554
4.794196 4.791823 4.774581 4.784070
6.329744 5.330723 6.303096 5.322179
8.109243 5.878028 8.137148 5.886619
10.112010 6.449695 10.136706 6.456869
12.311460 7.000760 12.331755 7.006514
14.649940 7.512325 14.661211 7.515941
17.045990 7.933466 17.047504 7.935515
19.495760 8.228210 19.484900 8.229576
21.992720 8.306307 21.966707 8.309655
24.504830 8.124873 24.465293 8.132908
26.991550 7.679836 27.020329 7.676067
29.438030 6.997717 29.455798 6.995315
31.783040 6.157692 31.792857 6.157470
34.061480 5.135804 34.062296 5.139564
36.249090 3.963231 36.242658 3.971490
38.339410 2.756405 38.327614 2.768513
40.387000 1.476584 40.368956 1.493769
42.507450 0.121543 42.482665 0.142961
44.798470 -1.255569 44.763381 -1.228571
47.253440 -2.652713 47.287002 -2.664316
49.829130 -4.119797 49.854511 -4.126411
52.496600 -5.654198 52.509880 -5.653152
55.197500 -7.201418 55.199236 -7.193115
57.889050 -8.733355 57.880716 -8.718724
60.568300 -10.237180 60.548866 -10.215761
63.209030 -11.720560 63.178937 -11.691873
65.794730 -13.245590 65.833631 -13.257279
68.306160 -14.789450 68.332535 -14.793344
70.774870 -16.359280 70.793085 -16.357641
73.207180 -17.930420 73.214781 -17.921385
75.585180 -19.500110 75.584344 -19.484945
77.976200 -21.045650 77.967117 -21.024819
80.359750 -22.550030 80.342014 -22.522795
82.721600 -24.045560 82.695749 -24.013393
85.130890 -25.457240 85.173341 -25.463874
87.583520 -26.763470 87.616297 -26.762906
90.052030 -27.962520 90.074706 -27.955467
92.567280 -29.055560 92.580466 -29.043263
95.091560 -30.042180 95.092645 -30.024562
97.627970 -30.999950 97.616815 -30.977408
100.184800 -31.914080 100.161334 -31.887543
102.738700 -32.746220 102.706468 -32.716440
105.306500 -33.553570 105.344304 -33.545115
107.889600 -34.298460 107.916817 -34.285873
110.487000 -34.993230 110.502897 -34.976909
113.094500 -35.631080 113.100062 -35.611585
115.714700 -36.218190 115.709044 -36.195761
118.336800 -36.794500 118.319384 -36.769261
120.956100 -37.311260 120.926969 -37.283830
123.575400 -37.808670 123.620226 -37.794687
126.178100 -38.305940 126.208181 -38.288666
128.749000 -38.789160 128.766425 -38.769001
131.294400 -39.254810 131.300349 -39.231976
133.800300 -39.697620 133.795381 -39.672350
136.267300 -40.152820 136.253398 -40.125406
138.705700 -40.571180 138.683288 -40.542512
141.108200 -40.918610 141.077902 -40.889310
143.486200 -41.184130 143.526971 -41.162045
145.827400 -41.344840 145.857906 -41.320399
148.116900 -41.390150 148.136671 -41.364352
150.394500 -41.337850 150.403237 -41.311637
152.640300 -41.243160 152.635208 -41.217036
154.896300 -41.171990 154.878911 -41.145462
157.139500 -41.129290 157.180458 -41.101580
159.364300 -41.123040 159.393049 -41.095332
161.541500 -41.143410 161.560806 -41.115438
163.691100 -41.184580 163.702939 -41.155975
165.794600 -41.169840 165.800277 -41.140884
167.853000 -41.036680 167.851856 -41.007969
169.861400 -40.814300 169.853766 -40.786524
171.785700 -40.498720 171.773850 -40.472294
173.656900 -40.100850 173.636166 -40.076502
175.466100 -39.643440 175.496152 -39.606769
177.238400 -39.176700 177.261543 -39.140847
179.051200 -38.637820 179.066020 -38.604171
180.842400 -38.130090 180.848753 -38.098495
182.654500 -37.585090 182.654419 -37.555122
184.499200 -36.994200 184.493590 -36.965802
186.326400 -36.336250 186.313963 -36.310650
188.179600 -35.586660 188.159785 -35.564937
190.033300 -34.744990 190.066374 -34.699215
191.950900 -33.866980 191.976126 -33.824628
193.922400 -32.984310 193.937360 -32.946308
195.981900 -32.091960 195.986236 -32.058058
198.044700 -31.179470 198.038476 -31.149792
200.096400 -30.282730 200.081065 -30.256573
202.149000 -29.377620 202.127064 -29.353979
204.205200 -28.490440 204.239931 -28.442660
206.280400 -27.683360 206.304836 -27.639930
208.395100 -26.949400 208.409147 -26.909582
210.511400 -26.248260 210.517707 -26.210544
212.653100 -25.542730 212.652404 -25.506866
214.826000 -24.841570 214.818130 -24.807460
217.025900 -24.115450 217.008341 -24.084821
219.237300 -23.317850 219.212009 -23.290110
221.445500 -22.466040 221.482310 -22.414019
223.667300 -21.584010 223.695854 -21.534533
225.887600 -20.687600 225.907527 -20.640951
228.072000 -19.761640 228.083677 -19.717633
230.220200 -18.813360 230.224076 -18.772314
232.380100 -17.819580 232.374623 -17.782167
234.567900 -16.817990 234.553622 -16.784371
236.713000 -15.809910 236.692147 -15.779317
238.851800 -14.765210 238.822178 -14.738808
241.017000 -13.683470 241.049020 -13.625764
243.189400 -12.578710 243.212258 -12.524833
245.303900 -11.468690 245.318746 -11.418472
247.468200 -10.349670 247.475172 -10.303010
249.645100 -9.231011 249.643878 -9.188086
251.806300 -8.090111 251.797211 -8.050957
253.960700 -6.938930 253.943367 -6.903879
256.101100 -5.755645 256.074347 -5.725831
258.215000 -4.543629 258.249004 -4.478422
260.307600 -3.272954 260.334459 -3.209913
262.344400 -1.883065 262.362442 -1.823698
264.302700 -0.414263 264.312028 -0.360044
266.252100 1.068534 266.247015 1.112657
268.265900 2.447327 268.246217 2.482751
270.324900 3.759467 270.293721 3.789587
272.419700 5.022290 272.446712 5.087400
274.560900 6.266911 274.579277 6.327052
276.693900 7.483336 276.704699 7.539554
278.872400 8.703796 278.874203 8.755471
281.097600 9.935075 281.092348 9.983313
283.337500 11.219770 283.322611 11.262829
285.578400 12.544850 285.555871 12.583968
287.831600 13.911530 287.802645 13.946043
290.088700 15.396350 290.049592 15.423836
292.311900 16.932960 292.338889 17.006077
294.493900 18.481610 294.511565 18.549179
296.720900 20.090920 296.730140 20.153441
298.978300 21.804860 298.978732 21.861761
301.361000 23.633810 301.351443 23.683657
303.645300 25.487530 303.625335 25.528825
305.870300 27.427630 305.842589 27.462044
308.019400 29.387000 307.983099 29.414097
310.140700 31.374480 310.162976 31.456491
312.194800 33.399420 312.207803 33.474714
314.189200 35.447230 314.193784 35.515166
316.138800 37.517350 316.134080 37.576405
318.049100 39.628100 318.035464 39.678225
319.943200 41.728570 319.921284 41.770154
321.828600 43.822610 321.796393 43.853550
323.748400 45.934260 323.768316 46.022676
325.706500 48.018020 325.716594 48.095769
327.739600 50.080930 327.741292 50.150349
329.840400 52.117880 329.831581 52.177791
331.997600 54.088750 331.979989 54.141638
334.230000 56.046050 334.202851 56.091572
336.499800 57.995180 336.464741 58.035154
338.816900 59.925620 338.772073 59.959129
341.178100 61.833440 341.200707 61.921874
343.554900 63.722300 343.570047 63.804826
345.957800 65.576790 345.963510 65.652160
348.386500 67.418200 348.383452 67.487809
350.801500 69.229240 350.790143 69.293249
353.254100 71.038830 353.232987 71.096392
355.698600 72.844900 355.668283 72.896326
358.141800 74.650950 358.103240 74.696986
360.583100 76.452920 360.536174 76.493529
363.026300 78.255900 363.048819 78.348332
365.452200 80.044720 365.465960 80.131119
367.845000 81.823410 367.846824 81.902290
370.166400 83.579750 370.158549 83.652060
372.393300 85.288160 372.376136 85.354001
374.497600 86.944540 374.472483 87.004728
376.478000 88.495560 376.444797 88.550312
378.371000 89.933730 378.331636 89.984559
380.183400 91.300940 380.139695 91.349480
381.933000 92.573690 381.936810 92.656778
383.660900 93.763590 383.657600 93.841458
385.476400 94.921870 385.465549 94.995083
387.358800 96.029350 387.339031 96.097843
389.297900 97.086300 389.270302 97.151286
391.333900 98.175050 391.295217 98.234213
393.414000 99.266980 393.366715 99.323117
395.549800 100.322500 395.565306 100.409207
397.704500 101.322500 397.708243 101.404239
399.824200 102.279600 399.818590 102.357121
401.916600 103.140900 401.900556 103.214352
403.950600 103.902700 403.924358 103.972971
405.959700 104.590800 405.920962 104.658342
408.011000 105.108200 407.957901 105.174298
410.135100 105.485400 410.148719 105.564363
412.361000 105.790800 412.364824 105.867802
414.624700 106.058600 414.619446 106.134717
416.897400 106.297800 416.883103 106.373096
419.163900 106.506600 419.139627 106.581396
421.493300 106.727000 421.460190 106.801644
423.737200 106.947800 423.696689 107.021110
425.977100 107.191600 425.930828 107.265185
428.102800 107.420100 428.115869 107.501076
430.149200 107.670800 430.152343 107.751101
432.117500 107.907600 432.111201 107.986615
434.025800 108.008100 434.006535 108.086268
435.758200 108.009100 435.729239 108.087459
437.299000 107.930500 437.262290 108.010069
438.581000 107.769400 438.541652 107.850170
439.666200 107.607000 439.659901 107.683953
440.608900 107.409000 440.596975 107.487005
441.398700 107.289400 441.383134 107.368230
441.992900 107.179100 441.974262 107.258383
442.448600 107.110700 442.428428 107.190341
442.905900 107.038600 442.884168 107.118483
443.346800 107.014100 443.323383 107.093994
443.836000 106.989300 443.809381 107.069079
444.473000 106.989500 444.442054 107.069873
445.205500 106.946300 445.198966 107.026875
446.012900 106.953300 446.005836 107.035064
446.902800 107.033600 446.893628 107.116010
447.889800 107.210000 447.877520 107.292236
448.987400 107.446500 448.970001 107.528103
450.189500 107.822200 450.167018 107.902342
451.491100 108.402100 451.461893 108.479478
452.928900 109.084800 452.891343 109.158958
454.502200 109.798100 454.457392 109.868533
456.158200 110.666600 456.165367 110.763188
457.971900 111.646100 457.969951 111.739160
459.877400 112.735800 459.866563 112.824529
461.883200 113.914900 461.863388 113.998940
463.988700 115.182000 463.960009 115.261163
466.175500 116.517700 466.139008 116.592604
468.435400 117.924700 468.386871 117.992416
470.781100 119.404400 470.720747 119.465193
473.219400 120.926800 473.228969 121.032176
475.743400 122.510800 475.741625 122.609875
478.344300 124.160400 478.332125 124.253618
480.992000 125.864000 480.968831 125.950907
483.679900 127.592900 483.644057 127.672793
486.447600 129.273600 486.395145 129.345890
489.320000 130.826500 489.246788 130.891734
492.282900 132.213200 492.296933 132.318056
495.358000 133.438200 495.357899 133.535553
498.513800 134.409800 498.493622 134.500897
501.751100 135.064200 501.710670 135.152293
505.042300 135.427700 504.986817 135.516413
508.395000 135.556900 508.326303 135.647727
511.770400 135.475700 511.697089 135.569973
515.185000 135.299200 515.212261 135.389513
518.623000 135.097900 518.641016 135.188741
522.144800 134.847000 522.150687 134.938988
525.734400 134.578800 525.733106 134.671955
529.399100 134.293800 529.383673 134.388740
533.133700 134.010400 533.105245 134.107054
536.936600 133.686300 536.892522 133.785092
540.806000 133.326000 540.747968 133.427310
544.802000 132.892300 544.729226 132.996248
548.848400 132.415900 548.760318 132.522952
552.948000 131.900800 552.975656 131.993917
557.104100 131.327900 557.115353 131.423591
561.317500 130.706600 561.316915 130.804572
565.599800 130.051200 565.583006 130.152402
569.941500 129.367300 569.910606 129.471580
574.351700 128.666500 574.305717 128.774081
578.779700 127.953800 578.716341 128.064865
583.237100 127.258900 583.157784 127.372986
587.713000 126.567300 587.618934 126.684684
592.202000 125.884700 592.234192 125.983650
596.683800 125.215200 596.698895 125.317604
601.149700 124.558400 601.152211 124.663506
605.601500 123.870200 605.587066 123.978606
610.038700 123.194200 610.011297 123.305412
614.483600 122.547100 614.440774 122.661331
618.926400 121.903400 618.867148 122.021004
623.350300 121.254400 623.279167 121.374720
627.741900 120.615400 627.657324 120.737763
632.071600 120.016600 632.111458 120.122282
636.318800 119.412600 636.342165 119.521592
640.484000 118.825100 640.493448 118.936853
644.497600 118.256100 644.495020 118.370297
648.278400 117.698400 648.259710 117.815627
651.817400 117.176000 651.786689 117.295588
655.064500 116.712400 655.024335 116.834009
657.980700 116.314200 657.933305 116.437146
660.526400 115.964600 660.474508 116.088619
662.701100 115.630800 662.713368 115.747338
664.544000 115.185100 664.542846 115.303827
666.220700 114.557800 666.193198 114.679277
667.731400 113.722400 667.651751 113.847837
668.815500 112.652100 668.861103 112.766997
669.721700 111.420600 669.725659 111.538637
670.375000 110.040000 670.349890 110.162743
670.743500 108.532100 670.694567 108.659751
670.853700 106.905800 670.779620 107.040086
670.479600 105.203700 670.526893 105.308823
669.886200 103.505000 669.898571 103.612598
668.934000 101.811700 668.922671 101.920268
667.713400 100.128500 667.690205 100.238886
666.284600 98.431790 666.260584 98.544252
664.691900 96.730170 664.671219 96.846917
662.951100 95.069520 662.934264 95.190674
661.045400 93.515090 661.034735 93.642148
658.978100 92.108080 658.975592 92.238981
656.784000 90.796840 656.793956 90.931863
654.501500 89.445100 654.518986 89.584768
652.178300 88.060580 652.130327 88.159654
649.787300 86.622730 649.744772 86.723812
647.361600 85.108610 647.329497 85.215903
644.842400 83.549870 644.817219 83.660858
642.252000 81.948280 642.238968 82.066166
639.681300 80.324390 639.676180 80.446858
637.149300 78.658370 637.153466 78.786475
634.666500 76.993840 634.680454 77.127854
632.251900 75.355150 632.273894 75.494588
629.879500 73.738570 629.835076 73.831770
627.590500 72.163550 627.555673 72.262182
625.387200 70.610050 625.361326 70.714165
623.318500 69.115660 623.302772 69.226510
621.410500 67.709240 621.402464 67.825228
619.670100 66.436970 619.667988 66.557118
618.153900 65.289110 618.155751 65.411663
616.867100 64.327580 616.869974 64.450470
615.819600 63.530860 615.794603 63.633076
614.973800 62.932120 614.954631 63.037866
614.330800 62.461620 614.314916 62.569759
613.811100 62.069300 613.797595 62.179099
613.313200 61.694250 613.301296 61.805112
612.830400 61.322490 612.820328 61.434653
612.348000 60.956790 612.339605 61.069914
611.900500 60.618970 611.893170 60.732985
611.476100 60.298910 611.470197 60.413662
611.109300 60.011850 611.093135 60.118738
610.766100 59.758400 610.751255 59.866102
610.434000 59.483890 610.420692 59.592617
610.127300 59.236310 610.115113 59.345985
609.810600 58.983200 609.799582 59.093664
609.426900 58.683240 609.417600 58.794988
608.885000 58.245010 608.877859 58.358386
608.141400 57.643250 608.137892 57.760202
607.226200 56.864850 607.227207 56.985964
606.175100 55.922830 606.181304 56.049578
604.988800 54.815760 604.964258 54.910593
603.721000 53.539790 603.700346 53.637873
602.357600 52.129810 602.342100 52.232980
600.872200 50.598950 600.863679 50.708791
599.313100 48.940800 599.310715 49.056509
597.636500 47.153860 597.642739 47.278467
595.881100 45.248230 595.894645 45.380360
594.057800 43.236600 594.077653 43.376307
592.228600 41.166150 592.197234 41.246572
590.416500 39.097260 590.393023 39.185557
588.589700 37.035950 588.573063 37.131608
586.727400 34.953000 586.720102 35.058463
584.835300 32.869090 584.835709 32.982228
582.909900 30.778460 582.917854 30.898783
580.956400 28.682870 580.972421 28.810983
578.981900 26.559660 579.005312 26.695190
576.989600 24.412110 576.957564 24.486653
575.013400 22.261790 574.987890 22.342303
573.061000 20.092300 573.042353 20.179573
571.135300 17.941960 571.123772 18.036150
569.253000 15.812370 569.247837 15.912923
567.402800 13.684550 567.404683 13.792493
565.597000 11.594760 565.606094 11.710002
563.776800 9.568871 563.792543 9.690520
562.016200 7.610878 562.036549 7.737441
560.357800 5.761759 560.332313 5.835646
558.790600 4.059161 558.772514 4.141879
557.388800 2.556647 557.377941 2.646449
556.166300 1.224300 556.160754 1.319324
555.086800 0.038120 555.086063 0.137892
554.091900 -1.065239 554.095772 -0.960874
553.156200 -2.093206 553.163115 -1.986046
552.265400 -3.039119 552.275603 -2.928777
551.446200 -3.918816 551.457809 -3.807255
550.714900 -4.709150 550.706626 -4.619397
550.055400 -5.411455 550.050137 -5.318711
549.472200 -6.063502 549.469807 -5.968299
548.991400 -6.627882 548.991495 -6.529689
548.582100 -7.090666 548.583777 -6.990842
548.257600 -7.479973 548.260423 -7.378967
547.987500 -7.803179 547.990998 -7.701395
547.768900 -8.070234 547.772454 -7.968254
547.592600 -8.293718 547.596908 -8.191591
547.438700 -8.468806 547.438491 -8.371561
547.312300 -8.609266 547.312913 -8.511292
547.212800 -8.727030 547.214000 -8.628444
547.137900 -8.816118 547.139470 -8.717102
547.093000 -8.878200 547.094772 -8.778982
547.069500 -8.915003 547.071316 -8.815700
547.040300 -8.948208 547.042386 -8.848725
546.977500 -9.002351 546.980080 -8.902406
546.906300 -9.075048 546.909124 -8.974596
546.823300 -9.175395 546.823824 -9.077929
546.717900 -9.307750 546.718362 -9.210212
546.577700 -9.471357 546.578522 -9.373475
546.411500 -9.667371 546.412832 -9.568917
546.222400 -9.896104 546.224485 -9.796924
546.013600 -10.141830 546.016363 -10.041939
545.783400 -10.398320 545.787022 -10.297564
545.569500 -10.646660 545.573599 -10.545225
545.387700 -10.868510 545.392077 -10.766831
545.242600 -11.049650 545.243131 -10.952890
