1.0 0.0 -5.7246574885045375e-36 0.0 -1.1406538083708358e-55 1.0 0.0 3.46466375594919e-58 -4.208269775943789e-36 0.0 1.0 0.0
0.9999996289620011 -0.0008414897351046763 -0.0001842965934497773 -0.0009850790952858166 0.0008416966440498684 0.9999990133906002 0.0011246189084580666 -0.014110053488891596 0.0001833500629305004 -0.0011247734509402146 0.9999993506347815 1.2559606897331574
0.9999988849155015 -0.0014183099818788187 -0.0004674982455229525 -0.002707849320729165 0.0014193619604639567 0.9999964455923097 0.002257037750389461 -0.029383965727803454 0.00046429542238686397 -0.0022576984574361175 0.9999973436126403 2.638622527178175
0.9999954220739241 -0.0029360439256860193 -0.0007317487232320633 -0.0038446896237721508 0.0029373114136693277 0.9999941786544887 0.0017363396445645382 -0.042401466449194056 0.0007266465280781222 -0.0017384808164576156 0.9999982248353105 3.8982484973283933
0.9999922583599855 -0.0038520299690849562 -0.0008031544943479798 -0.005620828624483683 0.003853024003288237 0.9999918096730795 0.001238877357281698 -0.05662955627218504 0.0007983757637349356 -0.0012419621567960584 0.9999989100643523 5.2877768287660425
0.999991970440036 -0.003942372140543631 -0.0007188384585573897 -0.007720274544251172 0.003943553823314812 0.99999086477951 0.0016488678140262054 -0.0702167165194972 0.0007123314759997088 -0.0016516891110145327 0.9999983822543299 6.556650521757791
0.9999870881720136 -0.005047241218511071 -0.0005905998228626156 -0.008884013444896132 0.005048788433418832 0.9999837526295036 0.002646553212084935 -0.08331376568681116 0.0005772324607919053 -0.002649500469194976 0.9999963234710452 7.827897855656105
0.9999839865533248 -0.005616131887557152 -0.0006968912936364772 -0.01079422688724778 0.005618668780142882 0.9999774005094293 0.003691756557194124 -0.09715310418080506 0.0006761421809189022 -0.003695612505858871 0.9999929426186419 9.228010254486103
0.9999855960838162 -0.005284187092554005 -0.0009407188491170042 -0.013592349056453273 0.005287102381044835 0.9999811469848517 0.0031228602472119804 -0.1095690567342524 0.0009241993781007343 -0.003127788488402946 0.9999946813866274 10.502640812592096
0.9999937791962995 -0.0033321373975881007 -0.0011568942706537814 -0.018255204960989358 0.0033333617243717795 0.9999938852750943 0.0010574179579342085 -0.12412563273217207 0.0011533637925543801 -0.001061267569079986 0.9999987717328048 11.907738299627967
0.9999991815225087 -0.0007064469571076519 -0.0010667149561151292 -0.023116679300143873 0.0007059569052961471 0.9999996450896711 -0.0004598378876655989 -0.13893418013287842 0.0010670394840711012 0.0004590843947293922 0.9999993253342555 13.188402489038001
0.9999968024830752 0.0023357123933781558 -0.0009692693755061551 -0.028278747728542355 -0.002336643984894932 0.9999968086172933 -0.0009606450353461586 -0.15551828175649907 0.0009670225404205792 0.0009629066645976924 0.9999990688383213 14.477999131105133
0.9999903595338786 0.004315240780350907 -0.0008121318876198119 -0.03262024731379206 -0.00431576738898325 0.9999904778655088 -0.0006467676762925139 -0.17405756396515165 0.000809333233892376 0.0006502663195960635 0.9999994610664873 15.890274663261206
0.9999927240573527 0.0037676994532284008 -0.000596902742199292 -0.03453982187515754 -0.0037670839076136206 0.9999923738122376 0.0010302298112136144 -0.1893805296774462 0.0006007798091292368 -0.0010279735867128948 0.9999992911682298 17.183721581843162
0.9999997005423904 0.0006888622225105256 -0.00035268625500835656 -0.03427327843109911 -0.0006875806555510847 0.9999932062725787 0.0036214128963689123 -0.20397502606604995 0.0003551785192361735 -0.0036211687932945266 0.9999933804737544 18.610601274362306
0.9999969819882782 -0.0024287264787983725 -0.00037052020776458445 -0.033715688144818 0.0024300150726886977 0.999990864188129 0.00351661447976213 -0.2161849932169882 0.00036197593784955236 -0.0035175037302573892 0.999993748054135 19.907573348931198
0.9999899891941232 -0.004429956995562843 -0.0006300478236320563 -0.034614978534368526 0.004430572440699552 0.9999897072844194 0.0009774366360514502 -0.22967038515870486 0.0006257113694780608 -0.0009802181780712877 0.9999993238300682 21.338752770777408
0.9999901866837897 -0.004417219662125288 -0.0003386367617062531 -0.036148861093076384 0.004416966124937764 0.9999899651810574 -0.0007483183249884091 -0.24414941780749824 0.00034193887415496284 0.0007468151321274615 0.9999996626718477 22.638227949546778
0.9999989801190441 -0.0013904157776294416 0.00032633777369619094 -0.039222382894445296 0.0013905681066819454 0.9999989244933225 -0.0004662001550333515 -0.25946036178217935 -0.000325689223971662 0.00046665340781598495 0.9999998380797749 23.945716917456764
0.9999993986364334 -0.00018978747459383848 0.001080142555932986 -0.04002524600947962 0.00018692553182873633 0.9999964736127646 0.0026491163255719305 -0.27345110390944494 -0.0010806415780069164 -0.0026489124506922116 0.9999959077314918 25.389888158346526
0.9999987659122516 -0.00034245755397001223 0.0015332634942318503 -0.03929277298479607 0.0003345216866086653 0.9999865634007965 0.005173113937703549 -0.2837766305597386 -0.0015350145566739493 -0.005172593908578087 0.9999854438979194 26.70571820701581
0.9999908637760466 -0.003971190342876293 0.0015817668541957882 -0.03582428579793507 0.003963190333425601 0.9999794981942096 0.00502954610330387 -0.2927466483188312 -0.001601707801300641 -0.005023230592703334 0.9999861007491472 28.15517016748985
0.9999836952720391 -0.005516606467733318 0.0014751966899650875 -0.03399014452633318 0.005511737110485887 0.9999794130153723 0.0032854731732468567 -0.3029694920951475 -0.0014932910614152935 -0.0032772882398429204 0.9999935147124552 29.473308676301535
0.9999763976365432 -0.00663995853548793 0.0017649570574571388 -0.03189504427200015 0.006638713381057344 0.9999777106615282 0.000711135019649281 -0.3167538933502691 -0.0017696397080864624 -0.0006994010914374735 0.9999981896044853 30.927509460372452
0.9999863715225779 -0.0046746961942359016 0.0023246407843296106 -0.031400432741149065 0.0046757163649882106 0.9999889749535074 -0.0004332229319931101 -0.3324005913625466 -0.0023225900789743486 0.0004440863217341441 0.9999972041752355 32.25056034522342
0.9999918434069757 -0.002798793348935417 0.002912020019774252 -0.03022942848482023 0.0028048139332100997 0.9999939338034217 -0.002065284281935609 -0.34985076356124656 -0.002906222186606152 0.0020734348072668873 0.9999936273454 33.58034549422073
0.9999936028734985 -0.0018321044628137155 0.003072067327623758 -0.028071166321376868 0.0018418176000988972 0.999993305342125 -0.0031618031602732165 -0.369802903443317 -0.003066254148777095 0.003167440660491135 0.9999902826490098 35.04305423452746
0.9999941464511106 -0.001573264891615383 0.003038403392532165 -0.025687093890185808 0.0015795319873109996 0.9999966282017337 -0.0020612324526928212 -0.3878207361352924 -0.003035150426418736 0.002066019338907675 0.9999932596855559 36.37799061443463
0.999995785260845 -0.0009757837682970319 0.002734465993690793 -0.0238027603225173 0.0009772791461070878 0.9999993736743937 -0.0005455123885858357 -0.4064266989148288 -0.002733932112634348 0.0005481823398834499 0.999996112545526 37.85143142472079
0.9999961810936027 0.0009360478585077466 0.0026003119044349437 -0.023292278523040725 -0.0009365650930423365 0.9999995418906814 0.00019763144409561378 -0.42240851853491196 -0.0026001258521786315 -0.00020006603091255988 0.9999965996521298 39.194849830597995
0.9999917571681396 0.0031049480454487877 0.002616278764698247 -0.023007394355690335 -0.0031054837299793513 0.9999951578680482 0.00020048296218485445 -0.43768802631474313 -0.0026156437417610176 -0.00020860610150130255 0.9999965574380715 40.538075898762244
0.9999812109839764 0.005531242795191086 0.002642548837542238 -0.022764972848015017 -0.005531795929008127 0.9999846791537349 0.000201650044750248 -0.4543882658434205 -0.0026413931146449005 -0.00021626427847424928 0.9999964881282538 42.016926878693496
0.9999700572949287 0.007302045180250416 0.0025621647981780805 -0.022367289736595655 -0.00730335426274773 0.9999732044337897 0.0005013928984227815 -0.46940208508556974 -0.0025584350871821785 -0.0005200902218920584 0.9999965919509284 43.36675274366193
0.9999724041197953 0.007089356345972146 0.0022208248442693412 -0.020868855311178325 -0.007090699827298428 0.9999746824209869 0.000597040575678778 -0.4854204159016783 -0.0022165361052119297 -0.0006127712270049164 0.9999973557350869 44.85466390102743
0.999977672692473 0.006473984063419556 0.0016558023519100363 -0.020024491966344992 -0.006474332072429378 0.9999790204380204 0.000204145781811015 -0.4999877189647416 -0.0016544460676435713 -0.0002148614175726099 0.9999986083194214 46.20981177748587
0.9999837119682905 0.005654510254274561 0.0007761069576156485 -0.02029607802906586 -0.00565460627698044 0.9999840053501358 0.00012017722395943461 -0.5157869620948154 -0.0007754150459357911 -0.00012456383483458374 0.9999996916071716 47.70580121553018
0.9999842716327463 0.005607756139392997 -9.791216464828073e-05 -0.022327348220671932 -0.005607676334437131 0.9999839506386928 0.0008077132885182818 -0.5296789302786088 0.000102440048912193 -0.0008071514134628229 0.9999996690071707 49.066669854526026
0.9999815247361719 0.00599236382283632 -0.0010206815161972222 -0.02598617749156922 -0.005990986230667469 0.9999811445509074 0.001348552447873666 -0.5431383912145691 0.0010287433284045797 -0.0013424124536761675 0.9999985698091186 50.43243737916746
0.9999784742223919 0.006185972902596796 -0.002187431935072917 -0.03159951621072885 -0.0061832838456050195 0.999980121294782 0.0012344969364826348 -0.5575078288531261 0.0021950251154716004 -0.0012209446739038837 0.9999968455775007 51.9357984478477
0.9999739561462166 0.006437153282129437 -0.003263451126113198 -0.03832731856552392 -0.0064311073072234395 0.9999775901168313 0.0018601310285267221 -0.569841221605098 0.003275352091980209 -0.0018390947110887607 0.9999929448793449 53.30619143296853
0.9999741395905178 0.005866022619614044 -0.004160522954179614 -0.04634703920051518 -0.005853513548067283 0.9999783297244837 0.003012710671291994 -0.5825398838163354 0.004178105616444718 -0.0029882786482232472 0.9999868067313382 54.8181005433065
0.9999788708169933 0.004360562473884628 -0.004821143971212865 -0.05373022826236944 -0.004344164199374667 0.9999847610060608 0.003406752703598145 -0.5932029954368739 0.004835926086067626 -0.0033857363849299675 0.9999825751593816 56.18761627544645
0.9999816801175516 0.0026690463443789364 -0.005432828554873639 -0.061818819178278216 -0.002651630243759539 0.999991330755526 0.003210490653451357 -0.6039839490434055 0.005441350663587652 -0.003196025513318389 0.9999800883713955 57.55850192697086
0.9999834467894966 0.0007727710635133565 -0.005701663440941104 -0.07079457348840049 -0.0007556624499544409 0.9999952078552962 0.003002204339351341 -0.6157569490494748 0.005703956409057124 -0.002997845664479629 0.9999792386936595 59.06656550370947
0.9999846783410011 -0.00024352092195835244 -0.005530259403378001 -0.07904933606871281 0.00026313541396234515 0.999993677245886 0.003546297189642259 -0.6264810836506517 0.005529361104698114 -0.003547697536915591 0.9999784197791198 60.43668864596383
0.9999854908645508 -0.0017398636272466029 -0.00509812850339087 -0.08707570505275981 0.0017616955785148952 0.9999892850151612 0.004280921446691319 -0.6373372713085282 0.005090625900271878 -0.00428984005406584 0.9999778411625342 61.94439385869874
0.9999838718680353 -0.00317537848478842 -0.004708815679518167 -0.0937495695317746 0.003195771435474536 0.9999855211905782 0.004329488336202453 -0.6469935986829622 0.004694999961762339 -0.004344466169982473 0.9999795410927822 63.310142809180604
0.9999798838181995 -0.004687128231335614 -0.004273493522753861 -0.09971035042723203 0.0047028169100807845 0.9999822133346223 0.0036683177270233017 -0.6569793377602482 0.004256223842145821 -0.0036883408477822047 0.9999841402312065 64.67388992489923
0.9999770018181866 -0.005676468913534417 -0.0037112649294151856 -0.10583658004848612 0.0056880041281958124 0.9999790034197558 0.003104732658920476 -0.6685291974879424 0.003693563268017392 -0.0031257704830766958 0.9999882935120133 66.17194031186398
0.9999847268545999 -0.004630771738181628 -0.00301694755338612 -0.11168742096550298 0.004639701081230989 0.9999848581044716 0.002959182903880791 -0.6795211147383085 0.003003198716282137 -0.002973135004584748 0.9999910705981401 67.53345118863629
0.9999940141122298 -0.0025407505493067516 -0.0023486816226673908 -0.11786375730267121 0.002548650289591207 0.9999910857812428 0.003366415178311815 -0.6908282153999793 0.0023401075739301024 -0.003372380503938267 0.9999915754424489 69.0289631731307
0.9999982829168225 0.0007273658625224831 -0.0017044365350868211 -0.12370486095818234 -0.0007193614729371577 0.999988732801383 0.004692203954710863 -0.6992683502306808 0.0017078303497635664 -0.00469096911631769 0.9999875389893896 70.38313057148727
0.9999904736381894 0.004260003850026126 -0.0009513261674307091 -0.12896043583118877 -0.004254495195244842 0.9999745891068638 0.0057201731188419305 -0.7068729860750007 0.0009756699792474437 -0.0057160703967551975 0.9999831871669573 71.87120735728395
0.9999662773310165 0.008205449379337945 -0.0003388784998542029 -0.13350737865214526 -0.00820338317783542 0.9999500555513351 0.005708840652062521 -0.7135597150790021 0.0003857051704055814 -0.0057058673739093 0.9999836470249681 73.22299701270926
0.9999305070961124 0.011784322611958522 0.00033281517810684175 -0.13693403263052442 -0.011785906952982846 0.9999168260170417 0.005237689511632746 -0.7208069642989201 -0.0002710649161367063 -0.005241247318800942 0.9999862278338558 74.57011269640738
0.9998936484112283 0.014545492503323309 0.0010585677800374138 -0.13882313724611556 -0.014550542928926989 0.9998819911642519 0.0049280208098711545 -0.729166225222299 -0.0009867624502580732 -0.004942898750745605 0.9999872969480993 76.04572585169089
0.9998774353795783 0.015580301240180061 0.00153898802069548 -0.13889858038187866 -0.015587948653371366 0.9998655612650658 0.005086766709770348 -0.7363030518972669 -0.0014595278689720447 -0.005110132204557147 0.9999858780665183 77.38731683370166
0.9998846807689182 0.015087367442424934 0.0017310573428722946 -0.13777466203241429 -0.015096081322604982 0.9998728641131859 0.005134577060353917 -0.7436624638165459 -0.0016533701274530476 -0.005160116406528984 0.9999853196776809 78.8610053695015
0.9998976316387104 0.014196671870872098 0.0017834805570377933 -0.13641642943808333 -0.01420465112605715 0.9998887912313931 0.004542356214579627 -0.7508152618426011 -0.0017187959929921752 -0.004567224303621538 0.9999880930325712 80.19723091823388
0.9999125447495686 0.013134567314396257 0.0015446826212263372 -0.13544468867035678 -0.013140673127523308 0.9999056179969407 0.004009707369937038 -0.7582470774003718 -0.001491871160811948 -0.004029654308203358 0.9999907680627973 81.53401303550594
0.9999160781756312 0.01289578377193045 0.0012391192670013482 -0.13545385355186476 -0.012900952003122565 0.9999077238849228 0.00425547858681842 -0.7662720047077383 -0.0011841272805016036 -0.004271106680627139 0.9999901776993647 82.99804622706179
0.999921319857681 0.012513716653450186 0.0008723751206002821 -0.1358057375099349 -0.012517102847303067 0.9999137063635297 0.003987719742848894 -0.773673508598241 -0.0008223987122165372 -0.003998325038322351 0.9999916684964925 84.32598832055497
0.9999188554150189 0.012737877650103147 0.00017060628376164215 -0.13779517068237396 -0.012738458146515433 0.9999109487686129 0.003978210967769938 -0.7817913422860502 -0.00011991715858781325 -0.003980060859832799 0.9999920723393829 85.78507083385448
0.9999234834864316 0.012352968470595657 -0.0006568017315080952 -0.1404706971741186 -0.01234991439684478 0.9999137454576847 0.004470034119630135 -0.7883327243652997 0.0007119632782763446 -0.004461580012635512 0.9999897936579344 87.10868097804706
0.9999372452441234 0.011071047649445914 -0.0017139194274560243 -0.1441700096582602 -0.011061729977092281 0.9999244786747806 0.005354906556589234 -0.7934018193528429 0.0017730744756454557 -0.0053356108371194425 0.9999841936122222 88.43187987406806
0.9999544224047993 0.009095185996270174 -0.0029035737193033283 -0.14952120495180435 -0.009077232754589801 0.9999399614968918 0.006138175515575183 -0.797748992766811 0.0029592273600349776 -0.006111538461908422 0.9999769457762258 89.88084414412977
0.9999677689133758 0.007069970297203796 -0.00380482351742957 -0.15542671123302856 -0.007045705784431302 0.9999549931404064 0.0063537139798704135 -0.8011995064446046 0.003849573008322782 -0.006326700614640394 0.9999725764547847 91.19536629724598
0.9999761838160098 0.005203080302518609 -0.004534288820721148 -0.16289993627528682 -0.005174981220761973 0.9999674691838389 0.0061870920862872585 -0.8051654661071332 0.004566333456820747 -0.006163478982441954 0.9999705796380052 92.63840685574363
0.9999804971845071 0.003867127061619571 -0.004904140207081859 -0.17021491418566115 -0.003839093723290231 0.9999763112165987 0.005712997136807061 -0.8094675848699387 0.004926117143916304 -0.005694057436916525 0.9999716551464235 93.94735592196731
0.9999801405451104 0.0036530156150470497 -0.00513556258406035 -0.17921265301596984 -0.003626174352270958 0.9999797680321898 0.005226314038171438 -0.8151048369524618 0.005154550725580739 -0.005207587043305893 0.9999731554700239 95.38464756519234
0.999980065631969 0.0035636968908007087 -0.005212332809894105 -0.1874590636450095 -0.0035394229273527297 0.9999828829974615 0.0046589881785998955 -0.8209751948684861 0.0052288470548985935 -0.004640445977368273 0.9999755624194118 96.68745264446515
0.9999801049766929 0.003765816275143082 -0.005060463421215626 -0.19546120450310286 -0.0037456760545440514 0.9999850500618364 0.0039836587185748526 -0.8277493690220773 0.005075389731483699 -0.003964624027211157 0.9999792608803835 97.98851852252604
0.999975718202044 0.005089147658637903 -0.004760630257677179 -0.20447316267943713 -0.005071144493629535 0.9999799733516114 0.0037863381426578996 -0.8355889036448692 0.004779804373585983 -0.0037621038108473655 0.9999814998587404 99.41745278262157
0.9999737787252918 0.0056494438576478135 -0.004530526104511213 -0.21195782344852804 -0.005629062300039252 0.9999740352621179 0.004499158086662227 -0.8412351833129226 0.0045558264190941064 -0.004473536849920999 0.9999796157565404 100.7162359043301
0.9999670208497908 0.006820099607921862 -0.004409476120680583 -0.22050954511499415 -0.0067932104145328265 0.9999584126954529 0.006084827904282182 -0.8451433079628102 0.004450792070932144 -0.006054671858496317 0.9999717653085666 102.13807794105702
0.9999667806194182 0.006953313350795133 -0.004253130305304803 -0.2273946271110715 -0.006926801644785377 0.9999566828662669 0.006217054632595439 -0.8486747843389897 0.0042961753886670605 -0.006187386623279169 0.9999716291671756 103.42779176422911
0.9999686882113212 0.006730576866945244 -0.004161965600968424 -0.23397435194779692 -0.006712968733759276 0.9999685184025701 0.00423062819400209 -0.8556564538475838 0.004190309332807732 -0.004202555971869995 0.9999823897674094 104.71172104916346
0.999970541887554 0.006437760620624495 -0.004179787062575575 -0.24129996310198026 -0.0064283375685731696 0.9999767745085063 0.0022642622510231354 -0.8661164059438697 0.004194266958839244 -0.002237326140054995 0.9999887011901523 106.12589230186951
0.9999787962908373 0.005020124948141094 -0.004147931195755351 -0.24721826938298694 -0.00501051695165872 0.9999847473914644 0.0023237198120884955 -0.8741321088191109 0.004159533487897637 -0.002302886922776794 0.999988697438406 107.4078592616389
0.9999885058939307 0.002931672966603949 -0.0037938612953777465 -0.2526950142774797 -0.002916455783851921 0.999987705067257 0.0040104834000965935 -0.8796564926468002 0.003805572250310143 -0.0039993720930581525 0.9999847612117422 108.8178340681436
0.999995132605794 0.0007211651591452622 -0.003035569911786858 -0.2561252624540556 -0.0007052117290668866 0.9999859524739478 0.005253334127158127 -0.8830195545603077 0.003039315925763016 -0.005251167077845943 0.9999815937384094 110.09838906694603
0.9999971683573705 -0.0005543750113446064 -0.002314289996180529 -0.2593452108110172 0.0005658605177326814 0.9999875136455304 0.004965113416241472 -0.8877375381065962 0.0023115086649345405 -0.004966408204370279 0.9999849957515932 111.37634356069672
0.9999987236584931 -6.976731785309442e-05 -0.0015961863432544475 -0.2631830363049461 7.461884147248027e-05 0.9999953776853896 0.003039578107794814 -0.8975441974195134 0.0015959669722978016 -0.0030396928941630237 0.9999941065648387 112.77963092432294
0.999998642570278 0.0014628814008217446 -0.0007581840533241736 -0.26614400477382383 -0.0014622436886201381 0.9999985769828407 0.0008413473113807504 -0.9112590832571643 0.0007594137994732183 -0.0008402373981078048 0.9999993586471623 114.05670090484641
0.9999905457540973 0.00431186151454862 0.0005623848670543652 -0.2679643956031724 -0.004311706630661924 0.9999906659502372 -0.00027780527681493995 -0.927427776405651 -0.0005635775075622336 0.0002753777672930917 0.9999998032729804 115.45636304082714
0.9999779401442374 0.006333180266019329 0.002002520185149419 -0.2671978740955448 -0.006334381060981964 0.9999797616101933 0.0005932569241345 -0.938521363583806 -0.0019987225628528005 -0.0006059284874581707 0.9999978189761787 116.73326501023534
0.9999691825695538 0.007150843675268572 0.003240275441888521 -0.2641649257119124 -0.007160325874862198 0.9999700899883707 0.0029238369161262065 -0.9460391042821165 -0.0032192708021268547 -0.002946947833303934 0.9999904758519657 118.1417270810337
0.9999695088838562 0.00663632061034322 0.004115894748998381 -0.25970787978548243 -0.0066536917226348875 0.9999689554960591 0.004220946714988284 -0.9510607089199833 -0.004087755641899875 -0.00424820331887621 0.9999826213607563 119.42421566662469
0.9999657439372058 0.00656442586862738 0.0050417560562095644 -0.2543041388193579 -0.006585480679977713 0.9999696180897577 0.004170647734635228 -0.9572040502081821 -0.0050142252406904534 -0.004203706671383976 0.999978592968649 120.70634227260662
0.9999519003295587 0.007588918443907243 0.0062133234159831635 -0.24722043032330393 -0.007611511724339016 0.9999644778191636 0.00362048988798909 -0.9660601456764298 -0.006185627431167304 -0.003667608028364037 0.9999741429972085 122.1151324687812
0.9999293088335134 0.009329411313397038 0.007371531055350976 -0.23959082444000437 -0.009354039147052984 0.9999507607355863 0.0033133078810128292 -0.9746953522471731 -0.00734025726166557 -0.003382026795990731 0.9999673407242363 123.39684941250175
0.9999049803311267 0.010732471406716569 0.00865126699068365 -0.2291335449951183 -0.010754363801570195 0.9999390754646029 0.0024877639014925495 -0.9852220197493765 -0.008624040511551573 -0.002580566053758329 0.9999594824786908 124.80524791690146
0.9998858242710269 0.011611766189593548 0.009669817171517348 -0.2181636138053001 -0.011628697489558538 0.9999309455246456 0.0016963276524579213 -0.995906337486613 -0.009649452567256384 -0.0018085811321467424 0.9999518073849867 126.08785691177495
0.9998744028159546 0.011775989142393759 0.010606824701639159 -0.20556432255665347 -0.01178946479409269 0.9999297713843711 0.001208623299637645 -1.0064641127327898 -0.010591847609894081 -0.0013335201377961186 0.999943015616363 127.37504808230341
0.9998705298288337 0.011121232601201656 0.011629351728362438 -0.18982792493807726 -0.011138744167080796 0.9999369225873627 0.0014419351045642569 -1.0169736319277312 -0.011612582679978167 -0.0015712846107892424 0.9999313371326249 128.7862894813222
0.9998661618367545 0.010625133182110417 0.012440458768831797 -0.17455334590124394 -0.0106590037124179 0.999939655005078 0.002659311781055177 -1.0241374634350249 -0.012411453147451292 -0.002791558407511608 0.9999190782387273 130.07354304828743
0.9998722415710873 0.009234989841184447 0.01304666818878556 -0.15655262836395223 -0.009277155615220418 0.9999519258134417 0.0031749644430239107 -1.0315385804148727 -0.01301672088663306 -0.0032955943619511403 0.9999098479508266 131.49311747328065
0.9998821942368388 0.007844587552187688 0.01319318547112805 -0.14029703941168653 -0.007889756690468751 0.9999631798607147 0.00337499918829155 -1.038273820855289 -0.01316622489630363 -0.003478692166799958 0.9999072703090385 132.78336514405902
0.9998954832176369 0.006104147343020044 0.013105802864029134 -0.12413436872123178 -0.006155987583484011 0.9999733732904859 0.003918735724641395 -1.0438546247021485 -0.013081534031601769 -0.0039990047841758775 0.9999064363343372 134.07525047735862
0.999910088054873 0.004393322208927325 0.012669434137713155 -0.10732429970863455 -0.004445483299791459 0.9999817472672808 0.0040917942541045145 -1.0500504987163817 -0.012651226964715911 -0.004147747560330072 0.9999113673928571 135.49441163414593
0.9999258499230541 0.002933522357623709 0.011819015622913319 -0.09345044978672985 -0.0029795523088596877 0.9999880385291022 0.003878794103370368 -1.0566615398785688 -0.011807496325807418 -0.003913721345011184 0.9999226299123136 136.7888067134411
0.999941534213188 0.0014802424002453194 0.010711538528038439 -0.07996756566918053 -0.0015269955063757156 0.9999893386346733 0.004357853363288609 -1.0628905267865147 -0.010704974198826763 -0.004373954458032636 0.9999331337873334 138.21046827851885
0.9999532739509259 0.00010047234371146174 0.009666428051125603 -0.06917430697224435 -0.000147843045349362 0.9999879842612273 0.004899945661973946 -1.0675550042988482 -0.009665820090820934 -0.004901145150220739 0.9999412736231899 139.50222121761553
0.9999638428595816 -0.0011088729048922092 0.00843109583457367 -0.0590864512657656 0.0010674704411101875 0.9999873583147636 0.0049136256638122626 -1.0733767092703743 -0.008436438272980191 -0.004904447379533009 0.9999523853178867 140.92171951225907
0.9999722027799164 -0.0015168413989404272 0.007300195793382898 -0.05186410181973273 0.0014825286624207974 0.9999878399653417 0.004703406511363396 -1.079638731664622 -0.007307241722274235 -0.004692452370695752 0.9999622918428459 142.21077833414336
0.9999792297311038 -0.0017216061129160633 0.0062109721763750885 -0.04609474211760787 0.0016945191636655076 0.9999890427514236 0.004363827016900094 -1.0865678434269888 -0.006218417234640616 -0.004353211163103167 0.9999711900043592 143.5003183448393
0.9999837653803119 -0.0025627107150766205 0.005089349581315095 -0.04081257105403615 0.002548278310616131 0.9999927192837466 0.002840364276023607 -1.0968491644439367 -0.0050965918196534754 -0.002827348694135121 0.9999830152805392 144.91511549411214
0.9999721143379738 -0.006201582378921072 0.004160634838188438 -0.03550993398608884 0.0061960691708544775 0.9999799104545702 0.0013369582373206769 -1.1088708657560378 -0.004168842715055997 -0.001311141194696545 0.9999904507824758 146.2028234575541
0.9999175940565064 -0.012462815781399211 0.0030794831031901075 -0.030181907400295055 0.012454562524929089 0.9999188323382568 0.0026856489132976555 -1.117111305023331 -0.003112704046471841 -0.0026470736064481883 0.9999916520027698 147.61400492225548
0.9998073200675207 -0.019552226151629395 0.0017415508875304497 -0.026943419250644026 0.019544385760528988 0.999799252549524 0.0044126834213626355 -1.121900252532521 -0.0018274791433097563 -0.004377795007975733 0.9999887475541673 148.89448779684693
0.999699543845114 -0.024508365846958348 0.00040220899833697356 -0.026514338092659653 0.02450678514784522 0.9996933201499907 0.003561374924618107 -1.1322152484459045 -0.0004893691371518592 -0.003550447513001849 0.9999935774021048 150.17070472849198
0.9996463491876689 -0.02659273247755283 5.323352514728702e-05 -0.027300017421322976 0.02659273324699028 0.9996463476028679 8.101821725774687e-05 -1.1548422746258329 -5.536916864993517e-05 -7.957390846158237e-05 0.9999999953011668 151.57587541861537
0.9997014738429811 -0.024426229393616758 0.0005676689398505862 -0.02885054620584747 0.024427574343775297 0.9996985065854159 -0.0024879339698491935 -1.178758605297104 -0.0005067269363512418 0.002501057691359116 0.9999967439602622 152.86177539509202
0.9997313437060986 -0.02313562396437433 0.0014082154467019888 -0.028507552918088156 0.023140538474610096 0.9997258247661204 -0.003576455109762699 -1.1996701692075311 -0.0013250858580170517 0.003608080634141454 0.9999926129176631 154.27862485334194
0.9997077883126254 -0.024081346962186532 0.002103914794672167 -0.0260538187372424 0.024085428155586865 0.9997080329471768 -0.0019342382131428794 -1.2129342920801092 -0.002056721529534754 0.001984346423226432 0.999995916120617 155.56884318764543
0.9995992318405553 -0.028185049778394023 0.002641656412709066 -0.021270105027307418 0.028182060798531725 0.9996021292945314 0.0011639951789106946 -1.2202440052273344 -0.002673412743051104 -0.0010890811959336 0.9999958333737327 156.859427811483
0.9994597152958402 -0.03275273179490166 0.0027451147025532433 -0.016297956625670476 0.03274399010378105 0.9994587342738986 0.0031733263913902667 -1.2271213524801552 -0.0028475640900533306 -0.0030817254260530388 0.9999911971354895 158.27673940422767
0.999361463651669 -0.03562254675757718 0.0027746475305507963 -0.01246555400996657 0.0356121095231713 0.9993587391720085 0.0037267352352174333 -1.234534519554248 -0.0029056241751554386 -0.003625543990860531 0.9999892063321664 159.56644734151897
0.9993547948498973 -0.03576454953061256 0.0033000823754344563 -0.008757021500969927 0.03575053821013393 0.9993518636282983 0.004213329122217365 -1.2424422978038507 -0.0034486314357148103 -0.004092630337593082 0.9999856785573945 160.9855954313478
0.9994398647276945 -0.03319269466335863 0.004266310082296724 -0.005081656768766488 0.033174838313290975 0.9994407738880372 0.004191658946201285 -1.2506701861332057 -0.004403056901827036 -0.004047776312380256 0.9999821141387732 162.27989996793855
0.9995515611910778 -0.029451830124402646 0.005409794832072658 -0.00016828463081160945 0.029437493565377903 0.9995629443331528 0.00271194279590083 -1.2668119459979996 -0.005487302378747397 -0.0025514754844549368 0.999981689573883 163.70256102849496
0.9996303402180438 -0.026461102169098166 0.00624441322416458 0.005525061535634629 0.026454113736807755 0.9996493086716365 0.0011999314627233733 -1.2845683656072833 -0.006273975159127678 -0.0010342973298212523 0.9999797835251374 164.9985566889796
0.999686576839535 -0.02409158000363725 0.0068076139033522165 0.012157345480704556 0.02408133182975383 0.9997087478061885 0.0015840692431165126 -1.2971506151631211 -0.006843794221538654 -0.0014196361493634716 0.9999755732558174 166.297035280907
0.9997268431139755 -0.022324040724631757 0.006919258430890963 0.019860745469812306 0.02230908153576658 0.9997486294138528 0.002232285050589268 -1.3081010727774067 -0.006967353085156066 -0.0020773126933471215 0.9999735700299407 167.7273112876194
0.9997704795882498 -0.020377488161307383 0.006614070006802119 0.025947629797430573 0.02037200545169487 0.9997920678978531 0.0008958610884524552 -1.3235794701548715 -0.0066309504392306805 -0.0007609134957825218 0.9999777255020773 169.0294074397223
0.9998259934416112 -0.01762143214231675 0.006121095201652637 0.03152952500841969 0.01763369707898925 0.9998426030556048 -0.0019549978171512807 -1.3510746121256638 -0.006085682176808091 0.0020625948731497023 0.9999793548678721 170.4622221326828
0.9998914979579538 -0.01354906808735534 0.005780566878917811 0.03530861420068946 0.01357170071800095 0.9999003189409224 -0.003893745208787631 -1.3803862653695143 -0.005727234305788661 0.003971774277984163 0.9999757115939993 171.7634286977218
0.9999443372754039 -0.00880051678128352 0.00582006814699942 0.03874396812740555 0.008824520960473512 0.999952611231817 -0.004111350332397743 -1.4077109093982247 -0.005783610599807957 0.004162480190517403 0.9999746114717245 173.0709121314489
0.9999694483785116 -0.004658361467291107 0.0062770974878322205 0.04420309340182628 0.004673487169146168 0.999986206347574 -0.0023970130344884125 -1.4280438436526153 -0.006265845050823572 0.0024262753737007924 0.9999774259249721 174.51802206350953
0.9999738852791539 -0.003003137492800601 0.006573424734755544 0.05086738975323518 0.0030053320457840704 0.9999954315299698 -0.00032391293979926346 -1.4403702404689707 -0.006572422272999278 0.0003436597377480564 0.9999783423427284 175.8367540617049
0.9999737435573537 -0.0037829377654434683 0.006180741004502053 0.058614357548145576 0.0037748668776249484 0.999992007828164 0.0013170738123081819 -1.4505885265587373 -0.006185674323988653 -0.0012937075873578215 0.9999800316749581 177.2918965156958
0.9999659195752859 -0.006568061827379292 0.0050020205292716936 0.06476214491956221 0.006558258400928321 0.9999765459693963 0.001974032207789423 -1.4585450747988418 -0.005014869026606809 -0.0019411601216157185 0.999985541387045 178.61718253079448
0.9999649079677299 -0.007783733661357589 0.0030977843403061844 0.06736152437790045 0.00778395753670601 0.9999697027894658 -5.973560433841972e-05 -1.4754875875580413 -0.0030972256659652386 8.384651434029527e-05 0.9999952000676635 180.0674855389786
0.9999701797831959 -0.007591795672580167 0.001415671832699429 0.06669559803426776 0.007597769806419954 0.9999620521144499 -0.004262428311508659 -1.5073132221949763 -0.0013832586736858732 0.004273056544293198 0.9999899137337422 181.3829485650549
0.9999892898536841 -0.0046097900390893575 0.0004122883127734656 0.06347856055947915 0.004612475578074857 0.9999664678861291 -0.006766699807783456 -1.5426563549154886 -0.0003810814155329977 0.00676852803977561 0.9999770206276184 182.7051239157025
0.999999928754571 -0.00037584049691921076 -3.5104968259729225e-05 0.059010084731498866 0.00037560001668451425 0.9999780315967255 -0.006617799599380471 -1.5735336799041468 3.759145695322505e-05 0.006617784996570795 0.9999781015042594 184.1756887098298
0.9999972133421039 0.002359402427704835 -8.088049593999848e-05 0.055852907452644374 -0.002359752281739662 0.9999864839253861 -0.004632875486864185 -1.5930578211057664 6.994860038614769e-05 0.004633052770420392 0.9999892649004846 185.5221533787373
0.9999923882032715 0.003892005371768442 0.0002754112657509359 0.05414389401524946 -0.003891579763187496 0.9999912541663822 -0.0015320509553734957 -1.6076830230419383 -0.00028137162111237045 0.001530967285947353 0.9999987884818073 187.00604318939364
0.9999915811248998 0.004076308343761604 0.0004705448205575581 0.05340333238542063 -0.004076137392059073 0.99999162576133 -0.000365362687883611 -1.6201504544599914 -0.0004720302379317443 0.0003634415499582949 0.9999998225480615 188.35308306740728
0.9999950935493899 0.0031065707319766073 0.0004026331777500555 0.052927215275724464 -0.0031067179807057954 0.9999951078414183 0.0003641132036870737 -1.6313154525897968 -0.0004015000891299005 -0.00036536223636237205 0.9999998526541222 189.6996735291431
0.9999995763311843 0.0008329833598605385 0.0003917675576460974 0.053160187326032796 -0.0008334135414382045 0.9999990490650864 0.0010987645521153833 -1.641868909109584 -0.0003908519563426751 -0.001099090435694298 0.9999993196180538 191.18166323999208
0.9999986859267112 -0.001523758087115028 0.0005534411393922514 0.05389270715403893 0.0015230376810003014 0.9999979947736383 0.00130031236603051 -1.6514551528360764 -0.0005554214212136163 -0.0012994675603270108 0.9999990014459161 192.53395003090733
0.9999894725543943 -0.004496827281892544 0.0009128495893339846 0.05560879619962068 0.004495156489625969 0.9999882311969852 0.0018251202656422993 -1.6612709098484788 -0.0009210461435467433 -0.0018209973889779419 0.9999979178201296 194.01991497182593
0.9999680494538097 -0.007896722097451608 0.0012416893790420454 0.05807630497885278 0.007892805824065784 0.9999639556181968 0.0031290791433253628 -1.6674597826261555 -0.001266354155858633 -0.0031191783061123757 0.9999943335226152 195.37834661330743
0.9999283725193175 -0.011866042414399114 0.001564215412835536 0.06132353695484012 0.011859697812592914 0.9999216457953118 0.004006236663335511 -1.6730163847303516 -0.0016116311040798154 -0.003987398010169753 0.9999907516103884 196.87489370546146
0.999922226184586 -0.012336569584236888 0.0018304452436586586 0.0627100059988158 0.012333117592571892 0.9999221644745911 0.0018866121042064698 -1.6860246039783 -0.001853577176390863 -0.0018638900083685647 0.9999965450772912 198.23658279565745
0.9999604666008087 -0.008628076248912642 0.0021497606874660985 0.06195776221286638 0.008634401315370644 0.9999583722565194 -0.0029497361895628313 -1.7249313276789557 -0.002124220736481969 0.002968181048683255 0.9999933387661532 199.58948145775398
0.9999954253947041 -0.00043668364068576507 0.0029930751034071847 0.05995721041550497 0.00045401872882850757 0.9999831146214238 -0.005793475575855103 -1.7756469081123705 -0.002990494779047691 0.005794807147586504 0.9999787383386565 201.0786006961392
0.9999610128817032 0.007746026250359901 0.0042393202424104255 0.05883506616052836 -0.007729837679166554 0.999962819578416 -0.0038221779412747243 -1.80083817101831 -0.00426876952311079 0.0037892591070319837 0.9999837094203146 202.4500506732829
0.9999072370915792 0.01250220618333936 0.005404822545876805 0.06316934241967974 -0.012498643012977588 0.9999216487580609 -0.0006929804812894605 -1.817197166583078 -0.005413063138006018 0.0006253631347474911 0.9999851537197657 203.96512214355496
0.9999073528751896 0.01245699336479356 0.005487170197648647 0.06922982660067226 -0.012459052484183821 0.9999223248934613 0.0003407972235269317 -1.8290658254270975 -0.005482498960831242 -0.00040913055948568836 0.9999848872913529 205.3470783831912
0.9999391460939298 0.009983638862336663 0.004693731235498146 0.07491152219493313 -0.009986496118896094 0.9999499623951642 0.0005852838698235721 -1.8391554036566808 -0.004687653356450943 -0.0006321221138188559 0.9999888130987823 206.73052333288092
0.9999681775168033 0.007159281499551683 0.003519755891060994 0.07922197388760212 -0.007160809697255051 0.9999742722759827 0.0004213729402181613 -1.8507138919047978 -0.0035166487929770354 -0.00044656378590116774 0.9999937168593096 208.255630560264
0.9999752210469003 0.0064471521798271335 0.0028269341997735104 0.08141999705112997 -0.006446588994243337 0.999979198729125 -0.00020872916786247327 -1.8638785022919098 -0.0028282212522574546 0.00019049987177476827 0.999995982426871 209.64376464424535
0.9999704930078808 0.007278882797445433 0.0024558129548897657 0.0826463546223571 -0.007277827564625956 0.9999734199158481 -0.00043892342932891934 -1.8795641149351818 -0.00245894268071596 0.00042103742122448604 0.9999968881570973 211.17489862359986
0.999961864764621 0.00842731336648701 0.002291167340532625 0.0834469273690994 -0.008427659304569244 0.9999644767357632 0.00014066382277192266 -1.892372156654045 -0.0022899006566209773 -0.00015996762716424334 0.9999973653777061 212.57626972469293
0.9999598807079462 0.008708428785381445 0.0020976856517964165 0.0844825032354368 -0.00870948093939162 0.9999619506144586 0.0004921632187557509 -1.90410125620793 -0.0020933199833261897 -0.000510413167103494 0.9999976787412336 213.97353876217753
0.9999637783801857 0.008325887248850423 0.0017667965452558996 0.08542510060861205 -0.008325291373240382 0.9999652845384365 -0.00034525930244361333 -1.9190397627049312 -0.0017696098964567683 0.0003305376412259653 0.9999983796098492 215.5144643933646
0.9999692055962637 0.00770954543444318 0.0014665629639226143 0.08594726732505913 -0.007707997130994271 0.9999697316607982 -0.001059485041332335 -1.9340298608907869 -0.001474686800277411 0.00104814799146361 0.999998363338652 216.9179774897419
0.9999697917885485 0.0077062280243709 0.0010146910369376993 0.08537317533493426 -0.007705085423982466 0.9999696806860229 -0.0011266470493671331 -1.9502125298477762 -0.0010233425272255525 0.0011187945650163566 0.9999988505316525 218.46550590296516
0.9999702045864866 0.007687978712822361 0.000696390653421913 0.08452189412431768 -0.007687083485274086 0.999969633019101 -0.0012813094298479548 -1.965027896003528 -0.0007062202253793104 0.0012759178489030873 0.9999989366407077 219.87938899245682
0.999968502893467 0.00792620689481412 0.00041049112200628525 0.08300032643774333 -0.007925554111657213 0.9999673569654133 -0.0015718022583389552 -1.982080450495175 -0.0004229361770507848 0.0015684991496590583 0.9999986804646261 221.43230267255547
0.9999636303780953 0.00852812768431182 9.485939887890458e-05 0.08088434012149835 -0.00852795767065883 0.9999622203287348 -0.001682800752923921 -1.9978253990816646 -0.00010920696426635559 0.001681930345576997 0.9999985795889546 222.84940685305497
0.9999624409291722 0.008661372834431233 -0.00031207433303531116 0.07834921693513193 -0.00866194678372585 0.9999607142722404 -0.0018816363607909166 -2.013899862903136 0.0002957645301556333 0.0018842685841790974 0.9999981810239071 224.26802573537273
0.9999594309088344 0.008980747034136734 -0.0006948080786060351 0.0749667485497034 -0.008982127895767997 0.9999576438993489 -0.0020079219368959633 -2.0319548862853125 0.000676746040592746 0.0020140810393553467 0.9999977427417066 225.83293521111077
0.9999630046531878 0.008560704397777444 -0.0008388699781746746 0.072317470086548 -0.008562291126009874 0.9999615292231692 -0.0019045235655423135 -2.0474785373330286 0.0008225336806727339 0.0019116354784404512 0.9999978345400586 227.25973068702655
0.9999689837061417 0.007821916958464042 -0.0009215617568344935 0.06943731716426597 -0.007823872246307527 0.9999671119341424 -0.002135893659439852 -2.0650381477882567 0.0009048247089782188 0.0021430372835779285 0.9999972943361466 228.83098676304746
0.9999781527091585 0.006557152461051302 -0.0008353963436866093 0.06743514661204714 -0.006558904231678815 0.9999762636204896 -0.00211019992173407 -2.080764366974884 0.0008215396522771821 0.0021156327990504193 0.9999974245799651 230.26020402008373
0.9999863060227976 0.005183251038032646 -0.0007222889955829578 0.06558910976544574 -0.005184419753608971 0.9999852415955434 -0.0016243028781881956 -2.0952487586358846 0.0007138592012513676 0.001628025049690657 0.9999984199671119 231.694131734234
0.9999893610100384 0.004564021807232121 -0.0006690253519891921 0.06300520716530678 -0.0045647479097851995 0.9999889912163274 -0.0010865085798343148 -2.110569020985218 0.0006640591695749193 0.0010895507952237418 0.9999991859511791 233.2757726763054
0.9999893705630849 0.004559170015259747 -0.0006875702207107215 0.06021268140361087 -0.004559866287913479 0.9999890904277828 -0.0010132240198807074 -2.1249422369049444 0.0006829432913579327 0.0010163483313461073 0.9999992503113588 234.7132611484204
0.9999863939543099 0.005185443647542044 -0.0005684246019004603 0.05693665607100531 -0.00518637741003924 0.9999851861467297 -0.0016519544295184368 -2.1427162288089914 0.0005598500922111884 0.0016548797784782074 0.9999984739676925 236.2920137396408
0.9999817954998893 0.006029484975770287 -0.00023240006339231655 0.05445506477870845 -0.006029857161303641 0.9999804912958348 -0.0016302833730019344 -2.158798669474552 0.00022256577011256251 0.001631654796313579 0.9999986440808508 237.73391623207067
0.9999765748395587 0.006838090620504765 0.00030053734046543403 0.05287637601976021 -0.006838039272930623 0.999976604844773 -0.00017592325080089397 -2.171334047047723 -0.00030173331040445934 0.0001738640124407827 0.9999999393637313 239.18180270306047
0.9999760949282844 0.0068517362704791475 0.0009291484969852957 0.05269261840527786 -0.006852841734516173 0.99997581043551 0.0011904067124031195 -2.182533997403045 -0.0009209697255537746 -0.0011967454003781596 0.9999988598074544 240.77834064152916
0.9999744904979279 0.006993756464313376 0.0014511237193829433 0.05320461652204879 -0.0069946760477859965 0.9999753393209884 0.0006286665023703162 -2.1948313006134144 -0.0014466912750562006 -0.0006388005243847556 0.999998749507925 242.2242272901792
0.9999730711387154 0.007070900962143314 0.0019645340645408306 0.05454848031199577 -0.007069154107844585 0.9999746123083613 -0.0008954143022240935 -2.2123369753685136 -0.0019708156787235434 0.0008815024579410791 0.9999976694143059 243.8168342932565
0.9999685102978416 0.007582243439903686 0.002342655857599939 0.05606799341603648 -0.0075792545983752605 0.9999704543212264 -0.0012827125187328033 -2.2284678169943355 -0.0023523126025485116 0.0012649163471587746 0.9999964332964623 245.2672258726415
0.9999673647845649 0.0076792089350424236 0.0025098119079682182 0.057968544539229526 -0.00767764502504724 0.9999703262389389 -0.0006327508319991644 -2.2421710727504554 -0.002514596590207737 0.0006134606355471065 0.9999966502268948 246.72389528635802
0.999967619718282 0.007676617217062664 0.0024143534937110045 0.05981848050683375 -0.0076772812422385255 0.9999704940386338 0.0002652696969637064 -2.255320242742349 -0.00241224601159612 -0.00028379675120671094 0.999997050258497 248.3338903315633
0.9999652388943256 0.00804876257173415 0.002176801478988403 0.060693537567723305 -0.00805021771401802 0.9999673787597649 0.0006598274346939347 -2.2671315787168163 -0.0021714197938921646 -0.0006773281404257203 0.9999974130771075 249.79315587308386
0.9999589144113252 0.008830567271284175 0.0020470988543477534 0.06135656403561369 -0.008832128852589782 0.9999607115414192 0.0007542096376903373 -2.2808554948203863 -0.002040358441868557 -0.0007722587942759456 0.9999976202733617 251.40291024614038
0.9999493033608784 0.009836125991659204 0.0021543860046388873 0.0621595604868958 -0.009838189580199252 0.9999511539954734 0.0009484748679843424 -2.2930420604024415 -0.0021449515739295237 -0.0009696219172180358 0.9999972295036254 252.86575601186797
0.9999369742673166 0.011007070770179551 0.0022117717556047914 0.06306107224375183 -0.011009315144575985 0.9999388914161669 0.001004174516262636 -2.3065135764138254 -0.0022005837023606153 -0.001028461188184067 0.9999970498445647 254.4786013144643
0.9999461874698833 0.010143205498913573 0.0021766012238313673 0.06492792047835712 -0.010145736489249196 0.9999478647309846 0.0011540388181009707 -2.3175296947460517 -0.002164782215958097 -0.0011760597853772239 0.9999969652956662 255.94894855917195
0.9999564010469516 0.00910241896074783 0.0020837509001434026 0.06664295178293922 -0.009105904898418966 0.9999571479687893 0.0016687355516969852 -2.3273756480028345 -0.0020684721954206684 -0.001687637006388971 0.9999964366458273 257.42097710081913
0.9999773925001435 0.0063972035565822176 0.0020713063727006674 0.0694892646124344 -0.00640253421867304 0.9999761839049863 0.002576653236947347 -2.335863144930595 -0.0020547737845834574 -0.002589856236272781 0.9999945352605913 259.0431627722324
0.9999869045392575 0.0047637891470825216 0.0018700510390951258 0.07104132247087173 -0.004768657363699407 0.9999852316332114 0.002606989164945431 -2.3440766574611804 -0.0018576043808394675 -0.002615872293339716 0.9999948532468014 260.51800202690754
0.9999934012375344 0.0032546330196564577 0.001613959678967459 0.07222132295750643 -0.0032568634412465888 0.9999937429915428 0.0013808683470443789 -2.3568699139353826 -0.001609455448880979 -0.0013861154906440075 0.9999977441661322 262.1374633095052
0.9999971485428187 0.0015789607011410462 0.0017915918345160515 0.07415051322336484 -0.001582439626402659 0.9999968624761264 0.001941883033316242 -2.3664133146759996 -0.0017885201534107145 -0.001944712310739991 0.9999965096392789 263.6145435713424
0.9999974991150911 0.0005124977882091288 0.0021769510535599103 0.07651173140508792 -0.0005215837014565774 0.9999911480887379 0.004175126927128279 -2.3714443245111703 -0.0021747921621864765 -0.004176251357773099 0.9999889145421016 265.0917058134392
0.999995736705969 -0.0016623349025182133 0.0024006676567900377 0.07978892071431969 0.00165192827525541 0.9999892588161259 0.004330518378480186 -2.378184733962004 -0.0024078407744880436 -0.004326533572920446 0.9999877416315304 266.7164591135821
0.9999923203941901 -0.0029580751227797197 0.0025707835162006062 0.08264176345851763 0.002949421759285151 0.9999899936451007 0.0033635599114880737 -2.38724318137777 -0.0025807075909974023 -0.003355951281637614 0.999991038730512 268.19169616702254
0.9999915597650689 -0.0026611257634080784 0.0031303026782675586 0.08601841800576542 0.0026523621787500197 0.9999925608212309 0.0028005874288143514 -2.3985035893304136 -0.0031377322692011647 -0.0027922607031353247 0.9999911789195607 269.81487710527057
0.9999912267475547 -0.0013542136293005491 0.003963903386843916 0.09004249796482876 0.0013426565775038735 0.9999948446205388 0.0029168491965047595 -2.4077308382418448 -0.003967833194049774 -0.0029115010402097604 0.9999878896572529 271.2873297901425
0.9999882217323652 8.007106169567778e-05 0.004852833410075684 0.09532681569582488 -9.317790330820152e-05 0.9999963487760213 0.0027006938203058056 -2.4176652382270993 -0.004852599694648967 -0.0027011138165186615 0.9999845780104837 272.75454673952606
0.9999820025109151 0.0014771010900444 0.0058148811509844195 0.10268662055662711 -0.0014917968809747676 0.9999957027311301 0.0025236972757215286 -2.428915654660036 -0.005811128706507571 -0.002532326134139597 0.9999799088505401 274.3717839277828
0.9999752728182404 0.002267073256262661 0.0066568875777164044 0.11092442632563239 -0.002282325509474865 0.9999947861624651 0.0022844300769466882 -2.439339894248104 -0.006651674241182691 -0.0022995664673372 0.9999752333032762 275.8416658729125
0.9999673296791591 0.002854202571471816 0.007562613776304588 0.12147129921020598 -0.0028680805702889236 0.9999942220893365 0.0018247964488710313 -2.4515948997356474 -0.007557362127659944 -0.0018464267794566192 0.9999697380323108 277.4652978497741
0.9999609577598972 0.002769105254770802 0.008391366832310801 0.13263892931411342 -0.0027800327904510666 0.999995302623989 0.001290786314174177 -2.4631973451036706 -0.008387753517632487 -0.0013140640342017551 0.9999639587603418 278.93875364625416
0.9999549131293971 0.002285957489215769 0.009216622488947482 0.1451794189535512 -0.0022954469598474446 0.9999968461583278 0.001019108117321402 -2.4747986772566524 -0.009214264249131592 -0.001040218318598792 0.9999570067118525 280.41971278568826
0.9999486992457642 0.0014126108031633296 0.010030125946541874 0.16031295098412685 -0.0014318444485676624 0.9999971496329113 0.0019106374351160124 -2.484617102164584 -0.010027398878115224 -0.0019249007550531999 0.9999478716522486 282.05906111423104
0.9999448542374731 0.0002650870719756212 0.010498486817335529 0.1747474759294612 -0.0002928172767376776 0.9999964725898591 0.002639897602147147 -2.491629207450226 -0.010497750514816016 -0.0026428258161173583 0.9999414046331709 283.5600840583642
0.9999418831548889 -0.0008550947178871968 0.010747052217328407 0.19087921321189183 0.00083913021443521 0.999998538009792 0.0014899131493763924 -2.5026997258984545 -0.010748311062456939 -0.00148080820496734 0.9999411387718046 285.2129417261207
0.9999427073663941 -0.0015598249276696232 0.010590039276556563 0.20487405587186716 0.0015687621059064017 0.999998420349313 -0.0008356413440431636 -2.519407614378716 -0.01058871961814301 0.0008522065668302328 0.9999435747819864 286.70167786131134
0.9999476450832117 -0.0018153573978070053 0.010070331123958031 0.21768361388029356 0.0018322565141931854 0.999996928467905 -0.0016691036084269895 -2.5370083682211604 -0.010067270668464365 0.0016874673813865799 0.9999478998928911 288.19594618850783
0.999953453444637 -0.002721029422123232 0.009256723773838793 0.23078633964891457 0.002738013973269798 0.9999945906999814 -0.0018226006471589882 -2.5559178537131206 -0.009251714804689622 0.0018478605596505297 0.9999554945944675 289.8411775290994
0.9999597738744173 -0.0032251589086291464 0.008369526313990626 0.24104059884657786 0.003243114045608328 0.9999924672245921 -0.002132541390694037 -2.573921511265005 -0.00836258589068677 0.002159598602962735 0.9999627009423855 291.3366207026417
0.9999657703333791 -0.0031994862729774346 0.0076302972719643 0.25114155816517664 0.003219324251462148 0.9999914666161698 -0.0025889524421579095 -2.5952611774581777 -0.007621949210869648 0.0026134278294118103 0.9999675374077737 292.981588201918
0.9999712981372156 -0.0028219238641688294 0.007031332522710817 0.25928577139347736 0.002839592701250325 0.9999928331335666 -0.0025040807277677416 -2.6138521812519815 -0.007024216144732477 0.002523974596023516 0.9999721445744001 294.4752463042674
0.9999755291951872 -0.0030136759244921525 0.006313379106283591 0.26662282470400317 0.0030280699784858696 0.999992835479852 -0.002271520941737636 -2.6313472326023164 -0.0063064885504667155 0.002290582364798103 0.999977490457092 295.9747151558732
0.9999799862019285 -0.0035235734246557545 0.005254674924704211 0.27295415671966844 0.003531952345085127 0.9999925049278316 -0.0015860103757029907 -2.6495079516689217 -0.005249047369796365 0.001604537652080157 0.9999849363614749 297.6280434003529
0.9999854535352005 -0.0030646894603225897 0.004438511202747059 0.2769138852239639 0.0030652997618622418 0.9999952934435045 -0.00013057308815697275 -2.663103149263558 -0.0044380903644943 0.00014417652413585054 0.9999901412317718 299.13359746715645
0.9999880217988875 -0.0018975854434274736 0.004511698333289075 0.2816731404431791 0.0018952925123394823 0.9999980725984142 0.0005125203724537889 -2.678283480894034 -0.004512662413457076 -0.0005039631857537458 0.9999896908938853 300.79742352129034
0.9999851661617526 -0.0014093246482221793 0.0052612981531094385 0.2880473746270089 0.0014072718857150435 0.9999989322198397 0.0003938950396132108 -2.6929981141789496 -0.005261847923584385 -0.0003864850796078838 0.9999860816929693 302.3116939988597
0.9999814010462218 -0.0015328377001174705 0.005903216733727726 0.2955990473367905 0.0015310798943486195 0.9999987822001226 0.000302327535876784 -2.7072060491038945 -0.005903673257855049 -0.0002932835916094597 0.999982530157352 303.8302836930376
0.9999762382438663 -0.0030610767947368686 0.006176790714857455 0.3047296009200735 0.003063772145238318 0.9999952155457273 -0.00042685790283558775 -2.7246637355416192 -0.006175454821094219 0.0004457719587934738 0.9999808323344521 305.5023532795716
0.9999672723213417 -0.00491681891605833 0.006424885281569618 0.3137599399507705 0.00492871786420013 0.9999861658784919 -0.0018373436202387976 -2.744364779765559 -0.006415762822244267 0.0018689496518203702 0.9999776722517162 307.0239148036214
0.9999615486514063 -0.005772679676139433 0.006601314570434226 0.32346008362972156 0.00579482704108779 0.9999776298468488 -0.0033406341761486 -2.7690241772351296 -0.006581882798856801 0.003378758701407686 0.9999726310210638 308.7044350576844
0.9999674647453367 -0.00586139239546528 0.005541975659189563 0.32974939803096587 0.005885479059272029 0.9999732635389681 -0.004339746391921851 -2.7925646662645303 -0.005516390785349374 0.004372221741134696 0.99997522623825 310.23063155238333
0.99998119614632 -0.005034881935938237 0.0035010407670523006 0.3316231654897415 0.005051693275553281 0.9999756748272453 -0.004809386533048598 -2.8185789516842483 -0.0034767410633872275 0.004826981585073589 0.9999823060942588 311.75714725372234
0.9999911439917348 -0.003580355630094699 0.002212005926243083 0.33177609093353305 0.003586516363854504 0.9999896842765466 -0.002787162131704756 -2.839562043979941 -0.002202004173552132 0.002795070440319287 0.999993669354171 313.45057510664327
0.9999911853614796 -0.0035160929478339122 0.0022948352618690736 0.3336283159073753 0.0035149340223520303 0.9999936929957622 0.0005091469841913116 -2.8498754497028402 -0.002296611108862 -0.0005010762344259368 0.9999972372450527 315.0111864535648
0.999985435133705 -0.004761369481105017 0.0025414269399946653 0.33685510857220036 0.004755322560116508 0.9999858600658474 0.0023804632444965326 -2.8599511623130747 -0.0025527253990714075 -0.0023683429340370155 0.9999939372543594 316.71595794332853
0.9999782883676124 -0.005983938661011301 0.002759570877184457 0.3401133621266955 0.005978131490917778 0.9999799084116039 0.002108259253183078 -2.8713677564874636 -0.0027721312654824114 -0.0020917161066864036 0.9999939699877975 318.2609933482474
0.9999717292042969 -0.006860333204565718 0.0030784043336522598 0.3440371730537483 0.006855981820141985 0.9999754860392852 0.001422280779888652 -2.885769055785305 -0.0030880863409122766 -0.0014011348905949906 0.9999942502545622 319.9651297135516
0.9999689522401972 -0.007131339762420593 0.0033523871376449988 0.34784667293251736 0.007125720491774153 0.9999731911391733 0.0016855744429747973 -2.8965147215845723 -0.0033643178334017386 -0.0016616337031991268 0.999992960143961 321.52158739052055
0.9999642261411308 -0.0076043154090735315 0.0037041560404353423 0.35236631886058273 0.007597477869819018 0.9999694147026453 0.0018568909611231948 -2.9065113165189627 -0.0037181633153309775 -0.0018286820335246946 0.9999914155541352 323.0811091095508
0.9999696383981114 -0.006591922047154161 0.004155574822325029 0.35716827643094673 0.006585522860007439 0.9999771108287472 0.001552015942111303 -2.9182433247476545 -0.004165710678333779 -0.0015246019771882168 0.9999901611719461 324.79241256158514
0.9999722657677981 -0.005756022823636143 0.004726083020839586 0.36267810912667875 0.005753238733028614 0.9999832683737603 0.0006027084330409076 -2.9313447196152627 -0.00472947338095711 -0.000575501361363922 0.9999886503729075 326.34821895054955
0.9999673150679012 -0.005915378427019887 0.0055115385967867605 0.3707849652838394 0.005908588275958305 0.9999817658142198 0.0012476636539158709 -2.943169478326524 -0.00551881877393437 -0.0012150573005163341 0.9999840330077359 328.0621159745891
0.999959197931428 -0.006809114444889738 0.005936193162116551 0.37910050773402915 0.006791883336490891 0.9999726766222453 0.0029182829978385214 -2.9497156969914675 -0.0059559021871109265 -0.002877845596061883 0.9999781223764075 329.6211407049491
0.9999529605504609 -0.007737007511854186 0.0058493887832903844 0.38671673941716583 0.007723577987427033 0.9999674924731778 0.0023152527273607518 -2.959204496162154 -0.005867112053461931 -0.0022699652962539724 0.9999802119294559 331.17745689104424
0.9999495748626123 -0.00822667954588818 0.0057592898092911 0.39476439415037645 0.008215330648027732 0.9999642701207215 0.001991703932732915 -2.970459947385935 -0.0057754694260338905 -0.001944288764166761 0.9999814316728345 332.88185758812193
0.999965235503142 -0.00609049653279906 0.005695050445187538 0.4006981168846907 0.006082339200889485 0.9999804529170497 0.0014487842196083123 -2.9819243610313735 -0.005703763221397221 -0.0014140944354930289 0.9999827335597047 334.4295910490679
0.9999736972101446 -0.00500544423746263 0.0052488462431546715 0.4069597440433192 0.0050146372901515275 0.9999859135859489 -0.001739563936831281 -3.0048933942560616 -0.00524006526615899 0.0017658389767127188 0.9999847116418941 336.11837849633446
0.99998490184386 -0.0032038400641609013 0.004464468316692546 0.41053903155818156 0.0032149969217599734 0.9999917219470099 -0.002493964811597639 -3.0240757689460143 -0.004456441306442481 0.0025082800392439847 0.9999869242393669 337.65782496876557
0.9999899415035293 -0.0026035303232121833 0.0036521923891777944 0.41362332116257516 0.002606435338250386 0.9999962906102532 -0.0007907463881068505 -3.037631350428828 -0.003650120286510826 0.000800257513980389 0.999993018077073 339.2091714379108
0.9999958700056459 -0.0011371231249811533 0.0026394922136621425 0.41465459867951304 0.0011304437723721559 0.9999961587171108 0.002530741115396274 -3.045222776301294 -0.0026423599774245445 -0.0025277465117649594 0.9999933141937171 340.90337807032824
0.9999986815878571 -0.0003663461798179271 0.0015819649445191015 0.41431979068692404 0.00036098852175684283 0.9999942032936331 0.0033857145450141707 -3.0518310568385254 -0.001583196207089233 -0.0033851385306284234 0.9999930171407577 342.44042855420605
0.9999998837781218 -0.00047562145940344873 -7.88977153560812e-05 0.41137381678436574 0.00047575501585981586 0.9999984413272033 0.0017002941073578216 -3.06575329525003 7.808889515304208e-05 -0.0017003312019767565 0.9999985513886139 344.1127053237713
0.9999973368665789 -0.001304493552792522 -0.0019038237105527406 0.4055041153122889 0.0013079629002503872 0.9999974846558347 0.0018220647705943346 -3.077571480180999 0.0019014421407298708 -0.0018245497811481839 0.9999965277652273 345.6149116747205
0.9999909968851046 -0.0026894329036127994 -0.003282236370740791 0.39786558016380275 0.002698903271197703 0.999992198720751 0.0028841691819815945 -3.0866854918641744 0.003274454143043253 -0.002893001227994525 0.9999904542067689 347.1027119715244
0.9999856871582355 -0.003521800198357531 -0.0040277004131981115 0.3887188958414147 0.0035325579027685582 0.9999902046455137 0.0026667709435169835 -3.0976230033197485 0.004018269322152978 -0.0026809604607713183 0.9999883329191913 348.75078382297454
0.99998232424699 -0.004005147154423575 -0.004394309275114881 0.3799710095177865 0.004013162689919718 0.9999902972185009 0.0018165953413838932 -3.1094848980770844 0.004386991124138023 -0.0018341980306832747 0.9999886949549789 350.25652501295633
0.9999806902220286 -0.004180931397566755 -0.00459771226673509 0.37006109637417184 0.0041872359588532955 0.9999903055744248 0.001362291775301792 -3.1228567772962426 0.00459197227563723 -0.0013815169607974452 0.9999885025401334 351.91483454179803
0.9999784318270682 -0.004678062661377071 -0.004609942386950908 0.3614772570000105 0.004684067169856019 0.9999881945794068 0.001292380483857298 -3.134221217661303 0.004603842358637354 -0.001313945683514431 0.9999885390308894 353.43011926965306
0.99997491491388 -0.00534055575674112 -0.004652736839611703 0.3529047497521817 0.00534523524567818 0.999985220446369 0.0009936728208838005 -3.146004999418729 0.004647361543824738 -0.0010185177032054262 0.9999886822673437 354.9420250443976
0.9999726119927734 -0.005705582162797111 -0.004713973512027408 0.3432199332224771 0.005707233719335115 0.9999836569313764 0.00033674087620849723 -3.160681533447378 0.004711975408841651 -0.0003636353310320757 0.9999888324708238 356.60267835344837
0.9999704250516562 -0.006074115301269885 -0.004717424288720382 0.3344643141257629 0.006075002471905797 0.9999815319719569 0.00017350630348324713 -3.1740006928622697 0.004716283511363827 -0.00020215948795330739 0.9999888578430899 358.11588666399973
0.9999714135935008 -0.0059449515246960865 -0.004672204509964573 0.3246757503889935 0.005944527116351423 0.9999823256555995 -0.0001049653291649003 -3.1892199982596043 0.004672746185618068 7.718829030464886e-05 0.9999890796870318 359.7829456460922
0.9999661486904542 -0.006796697188057762 -0.004637490807957651 0.31626307321436486 0.006791139135156412 0.9999762036869073 -0.0012134838454368703 -3.2065427392413466 0.004645628378022279 0.0011819487728326852 0.9999885105038538 361.29094259358925
0.9999567716378609 -0.008071211610566563 -0.004616311045478051 0.30802489840423547 0.00806562715950735 0.9999667190534612 -0.0012273994660715727 -3.223447389818758 0.0046260642545443535 0.001190112814348038 0.9999885915182161 362.79207023150394
0.999940829739259 -0.009841558771975685 -0.004634722546681299 0.299090684166449 0.009843625419950118 0.9999514609612267 0.0004228936033552931 -3.2369264891644076 0.004630335889906058 -0.00046849096425793864 0.9999891701988971 364.45158611653255
0.9999308619033497 -0.01078755255007652 -0.004679746280713587 0.29035836618361816 0.010789428657884655 0.9999417220012604 0.0003753918240742034 -3.2514073413783406 0.004675424239307617 -0.0004258575750072081 0.9999889794706887 365.9546914699255
0.99993434945175 -0.010545441359397882 -0.00448222690187757 0.2807340923545782 0.010542540010739636 0.9999442008654452 -0.0006708905042751957 -3.2716248369749494 0.00448905187151865 0.000623592336486876 0.9999897297235399 367.61371547572134
0.999950084689395 -0.009099620110091333 -0.004126131804329434 0.27231319188289965 0.009098204920769116 0.9999585449711276 -0.00036204927827105185 -3.2873564786516347 0.004129255483391053 0.00032449078730605274 0.9999914219439628 369.14441814608415
0.9999645119655632 -0.007586243521221982 -0.0036638305150642034 0.26404751692221434 0.007588415617602151 0.9999710400149544 0.0005789100362082818 -3.3008844205069967 0.0036593328471564487 -0.0006066920564875539 0.9999931205841013 370.8300235437201
0.9999713700331011 -0.006813525147504082 -0.0032916458175735073 0.25731539020346383 0.00681607727078062 0.9999764781878823 0.0007643371629178766 -3.3134738644126247 0.0032863607306755573 -0.0007867512641806722 0.9999942904151504 372.36135178235315
0.9999722661202679 -0.006815262571548199 -0.0030031866260632266 0.251218944946723 0.006816042740323606 0.9999767394895293 0.0002491826420739216 -3.3279345943815026 0.003001418681710269 -0.0002696455264698223 0.9999954593811515 373.88717864477115
0.9999736863095843 -0.006716117403127895 -0.002742334834366851 0.2446820930448693 0.006715252646022142 0.9999773996826149 -0.0003248953516613448 -3.345487148639519 0.0027444550373376345 0.00030647130115911756 0.9999961870156822 375.5651603867865
0.9999759964418254 -0.006456978886993744 -0.002512749772342205 0.23908842754607618 0.006456044549786887 0.999979087248087 -0.0003802685960991516 -3.3608151951150984 0.0025151527438561313 0.00036403700462788927 0.9999967707383848 377.0978474003097
0.9999814512896951 -0.0056844678872824805 -0.0021872028210718946 0.23333886197163345 0.005683591765135564 0.99998376542609 -0.00040707654736153064 -3.3780055394820367 0.0021894814430499696 0.00039463778348619626 0.9999975252143554 378.7798705852955
0.9999879614216891 -0.004513460109606276 -0.001925007627400606 0.22822733448590046 0.004513442013124498 0.9999898142839136 -1.4198264722832348e-05 -3.3927480019149985 0.0019250522041593966 5.509692215870918e-06 0.9999981470717089 380.3140694357671
0.9999927415343989 -0.0034281705337547135 -0.0016626782624770003 0.22356658504497254 0.003428219297006298 0.9999941233106159 2.6080099645947168e-05 -3.407378522605807 0.001662579171041265 -3.177992365784956e-05 0.9999986174107217 381.84986908417875
0.9999960246252632 -0.0024767327706227376 -0.0013477795388438208 0.21909786953954694 0.0024759531889142917 0.9999967665529386 -0.0005801356124252733 -3.4258488083514433 0.0013492120935961578 0.0005767961907723043 0.9999989234663195 383.53499086595434
0.9999981338099354 -0.0016232251358912688 -0.0010476184997544472 0.21546528115363064 0.001622365882850736 0.9999983470926682 -0.0008208247841548045 -3.443186620161933 0.0010489492082359601 0.000819123519226186 0.9999991143706355 385.069988899207
0.9999996695525656 -0.0003508510854750399 -0.0007333450062538992 0.21177904418762344 0.000350614120244365 0.9999998862665163 -0.00032332585579295664 -3.4605995788187145 0.0007334584000794262 0.0003230685841912158 0.9999996788329142 386.7601959435225
0.9999996284682021 0.0007619396663029084 -0.0004031319667186833 0.2090088491445558 -0.0007617380132977248 0.9999995846268667 0.0005004953804143917 -3.474138031435284 0.000403513164320078 -0.0005001880413433745 0.9999997934953492 388.30357345915706
0.9999988813954881 0.0014945327445016134 -5.990327928603997e-05 0.2069778753662553 -0.001494511320168036 0.9999988180964169 0.00036087680927156577 -3.4890082741639215 6.0442550971875296e-05 -0.00036078682886097794 0.9999999330902095 389.8430430439465
0.9999982449579787 0.0018524123598588366 0.00028046512232607096 0.2054332698475776 -0.0018524728774039756 0.9999982611827127 0.00021439331495488905 -3.5056956978990708 -0.0002800675064811662 -0.00021491246431215659 0.9999999376874232 391.53923636827403
