0 0.000000 0.000243 100.000000 12.195122
0 0.000000 0.000343 200.000000 15.384615
0 0.000000 0.000304 300.000000 17.543859
0 0.000000 0.000347 400.000000 19.138756
0 0.000000 0.000263 500.000000 20.325203
0 0.000000 0.000270 600.000000 21.126760
0 0.000000 0.000317 700.000000 21.806854
0 0.000000 0.000306 800.000000 22.284122
10 0.000007 0.000520 100.000000 12.987013
10 0.000004 0.000761 200.000000 16.129032
10 0.000002 0.000752 300.000000 18.181818
10 0.000001 0.000681 400.000000 19.704433
10 0.000002 0.000590 500.000000 20.833334
10 0.000001 0.000608 600.000000 21.582733
10 0.000001 0.000647 700.000000 22.222221
10 0.000001 0.000650 800.000000 22.662889
20 0.000018 0.001541 100.000000 13.888889
20 0.000009 0.001642 200.000000 16.949152
20 0.000006 0.001675 300.000000 18.867924
20 0.000004 0.001664 400.000000 20.304569
20 0.000004 0.001751 500.000000 21.367521
20 0.000003 0.001700 600.000000 22.140221
20 0.000003 0.001720 700.000000 22.653721
20 0.000002 0.001762 800.000000 23.121387
30 0.000010 0.001179 100.000000 14.925373
30 0.000004 0.000728 200.000000 17.857143
30 0.000002 0.000729 300.000000 19.607843
30 0.000002 0.000834 400.000000 21.052631
30 0.000001 0.000734 500.000000 22.026432
30 0.000002 0.000758 600.000000 22.641510
30 0.000001 0.000787 700.000000 23.178808
30 0.000001 0.000789 800.000000 23.529411
40 0.000000 0.000912 100.000000 16.129032
40 0.000000 0.000296 200.000000 18.867924
40 0.000000 0.000199 300.000000 20.408163
40 0.000000 0.000167 400.000000 21.739130
40 0.000000 0.000127 500.000000 22.624434
40 0.000000 0.000162 600.000000 23.166023
40 0.000000 0.000118 700.000000 23.648649
40 0.000000 0.000097 800.000000 23.952095
50 0.000000 0.000130 100.000000 17.241379
50 0.000000 0.000300 200.000000 19.801981
50 0.000000 0.000358 300.000000 21.276596
50 0.000000 0.000119 400.000000 22.471910
50 0.000000 0.000166 500.000000 23.148148
50 0.000000 0.000179 600.000000 23.715416
50 0.000000 0.000183 700.000000 24.054983
50 0.000000 0.000167 800.000000 24.316109
60 0.000000 0.000463 100.000000 18.518518
60 0.000000 0.000509 200.000000 20.618557
60 0.000000 0.000234 300.000000 21.897810
60 0.000000 0.000185 400.000000 22.988506
60 0.000000 0.000161 500.000000 23.696682
60 0.000000 0.000101 600.000000 24.096386
60 0.000000 0.000099 700.000000 24.475525
60 0.000000 0.000102 800.000000 24.691359
70 0.000000 0.000287 100.000000 19.230770
70 0.000000 0.000346 200.000000 21.276596
70 0.000000 0.000396 300.000000 22.556391
70 0.000000 0.000061 400.000000 23.529411
70 0.000000 0.000236 500.000000 24.154589
70 0.000000 0.000215 600.000000 24.489796
70 0.000000 0.000055 700.000000 24.822695
70 0.000000 0.000034 800.000000 25.000000
80 0.000005 0.001467 100.000000 20.408163
80 0.000000 0.000088 200.000000 21.978022
80 0.000000 0.000078 300.000000 23.255814
80 0.000000 0.000273 400.000000 24.096386
80 0.000000 0.000159 500.000000 24.509804
80 0.000000 0.000057 600.000000 24.896265
80 0.000000 0.000038 700.000000 25.089605
80 0.000001 0.000159 800.000000 25.316456
90 0.000000 0.000063 100.000000 21.276596
90 0.000000 0.000640 200.000000 22.471910
90 0.000000 0.000087 300.000000 23.809525
90 0.000001 0.000376 400.000000 24.539877
90 0.000000 0.000368 500.000000 24.875622
90 0.000000 0.000155 600.000000 25.210085
90 0.000000 0.000165 700.000000 25.362318
90 0.000000 0.000176 800.000000 25.477707
100 0.000000 0.000922 100.000000 21.739130
100 0.000000 0.000332 200.000000 23.255814
100 0.000000 0.000213 300.000000 24.390244
100 0.000000 0.000250 400.000000 24.844721
100 0.000000 0.000080 500.000000 25.252525
100 0.000000 0.000085 600.000000 25.423729
100 0.000000 0.000073 700.000000 25.547445
100 0.000000 0.000100 800.000000 25.723473
110 0.000000 0.000255 100.000000 22.222221
110 0.000000 0.000490 200.000000 23.809525
110 0.000000 0.000104 300.000000 24.793388
110 0.000002 0.000170 400.000000 25.157232
110 0.000000 0.000126 500.000000 25.510204
110 0.000000 0.000128 600.000000 25.641026
110 0.000000 0.000052 700.000000 25.830257
110 0.000001 0.000061 800.000000 25.889967
120 0.000000 0.001768 100.000000 22.727272
120 0.000000 0.000068 200.000000 24.096386
120 0.000000 0.000127 300.000000 25.210085
120 0.000000 0.000100 400.000000 25.477707
120 0.000000 0.000297 500.000000 25.773195
120 0.000000 0.000274 600.000000 25.862068
120 0.000000 0.000235 700.000000 25.925926
120 0.000000 0.000202 800.000000 25.974026
130 0.000000 0.001336 100.000000 23.255814
130 0.000000 0.000419 200.000000 24.691359
130 0.000000 0.000168 300.000000 25.423729
130 0.000000 0.000199 400.000000 25.641026
130 0.000000 0.000152 500.000000 25.906736
130 0.000000 0.000146 600.000000 25.974026
130 0.000000 0.000074 700.000000 26.119404
130 0.000000 0.000100 800.000000 26.143791
140 0.000000 0.000038 100.000000 23.809525
140 0.000000 0.000183 200.000000 25.000000
140 0.000000 0.000321 300.000000 25.641026
140 0.000000 0.000084 400.000000 25.974026
140 0.000000 0.000049 500.000000 26.041666
140 0.000000 0.000050 600.000000 26.086956
140 0.000000 0.000176 700.000000 26.217228
140 0.000000 0.000116 800.000000 26.229507
150 0.000000 0.000061 100.000000 23.809525
150 0.000000 0.000149 200.000000 25.641026
150 0.000000 0.000073 300.000000 25.862068
150 0.000000 0.000320 400.000000 26.143791
150 0.000000 0.000288 500.000000 26.178011
150 0.000000 0.000230 600.000000 26.200872
150 0.000000 0.000122 700.000000 26.315790
150 0.000000 0.000127 800.000000 26.315790
160 0.000000 0.000709 100.000000 25.000000
160 0.000000 0.000238 200.000000 25.974026
160 0.000000 0.000293 300.000000 26.086956
160 0.000001 0.000141 400.000000 26.315790
160 0.000000 0.000134 500.000000 26.315790
160 0.000000 0.000111 600.000000 26.315790
160 0.000000 0.000115 700.000000 26.415094
160 0.000000 0.000140 800.000000 26.402639
170 0.000000 0.000302 100.000000 25.641026
170 0.000002 0.000486 200.000000 26.315790
170 0.000000 0.000224 300.000000 26.315790
170 0.000000 0.000135 400.000000 26.315790
170 0.000000 0.000079 500.000000 26.455027
170 0.000000 0.000088 600.000000 26.431719
170 0.000000 0.000114 700.000000 26.415094
170 0.000001 0.000088 800.000000 26.490067
180 0.000007 0.002126 100.000000 25.641026
180 0.000000 0.000410 200.000000 26.315790
180 0.000002 0.000699 300.000000 26.548672
180 0.000001 0.000539 400.000000 26.490067
180 0.000001 0.000429 500.000000 26.455027
180 0.000000 0.000193 600.000000 26.548672
180 0.000000 0.000138 700.000000 26.515152
180 0.000000 0.000103 800.000000 26.490067
190 0.000000 0.001259 100.000000 26.315790
190 0.000000 0.000807 200.000000 26.315790
190 0.000000 0.000120 300.000000 26.548672
190 0.000000 0.000084 400.000000 26.490067
190 0.000000 0.000097 500.000000 26.455027
190 0.000000 0.000231 600.000000 26.548672
190 0.000000 0.000247 700.000000 26.515152
190 0.000000 0.000108 800.000000 26.490067
200 0.000000 0.001393 100.000000 26.315790
200 0.000000 0.000500 200.000000 26.315790
200 0.000000 0.000071 300.000000 26.548672
200 0.000000 0.000052 400.000000 26.490067
200 0.000000 0.000064 500.000000 26.455027
200 0.000000 0.000089 600.000000 26.431719
200 0.000000 0.000140 700.000000 26.515152
200 0.000000 0.000205 800.000000 26.402639
210 0.000000 0.000373 100.000000 25.641026
210 0.000000 0.000818 200.000000 26.315790
210 0.000000 0.000591 300.000000 26.315790
210 0.000000 0.000159 400.000000 26.490067
210 0.000000 0.000167 500.000000 26.455027
210 0.000000 0.000186 600.000000 26.431719
210 0.000000 0.000200 700.000000 26.415094
210 0.000000 0.000200 800.000000 26.402639
220 0.000000 0.000347 100.000000 25.641026
220 0.000000 0.000466 200.000000 26.315790
220 0.000000 0.000508 300.000000 26.315790
220 0.000000 0.000402 400.000000 26.315790
220 0.000000 0.000068 500.000000 26.455027
220 0.000000 0.000091 600.000000 26.431719
220 0.000001 0.000131 700.000000 26.415094
220 0.000000 0.000072 800.000000 26.315790
230 0.000007 0.000366 100.000000 25.641026
230 0.000000 0.000467 200.000000 26.315790
230 0.000000 0.000355 300.000000 26.315790
230 0.000000 0.000236 400.000000 26.315790
230 0.000001 0.000043 500.000000 26.455027
230 0.000000 0.000085 600.000000 26.431719
230 0.000000 0.000112 700.000000 26.415094
230 0.000000 0.000043 800.000000 26.315790
240 0.000000 0.000428 100.000000 25.641026
240 0.000000 0.000297 200.000000 25.974026
240 0.000000 0.000512 300.000000 26.315790
240 0.000000 0.000406 400.000000 26.315790
240 0.000000 0.000368 500.000000 26.315790
240 0.000000 0.000109 600.000000 26.431719
240 0.000000 0.000332 700.000000 26.315790
240 0.000000 0.000201 800.000000 26.229507
250 0.000000 0.000325 100.000000 25.641026
250 0.000002 0.000199 200.000000 25.974026
250 0.000000 0.000423 300.000000 26.315790
250 0.000000 0.000357 400.000000 26.315790
250 0.000000 0.000170 500.000000 26.315790
250 0.000000 0.000091 600.000000 26.315790
250 0.000000 0.000067 700.000000 26.315790
250 0.000000 0.000125 800.000000 26.229507
260 0.000000 0.000342 100.000000 25.641026
260 0.000000 0.000123 200.000000 25.974026
260 0.000000 0.000438 300.000000 26.315790
260 0.000000 0.000308 400.000000 26.315790
260 0.000000 0.000187 500.000000 26.315790
260 0.000000 0.000105 600.000000 26.315790
260 0.000000 0.000095 700.000000 26.315790
260 0.000000 0.000087 800.000000 26.143791
270 0.000000 0.000297 100.000000 25.641026
270 0.000000 0.000128 200.000000 25.974026
270 0.000000 0.000432 300.000000 26.315790
270 0.000000 0.000359 400.000000 26.315790
270 0.000000 0.000362 500.000000 26.315790
270 0.000000 0.000331 600.000000 26.315790
270 0.000000 0.000168 700.000000 26.217228
270 0.000000 0.000075 800.000000 26.143791
280 0.000000 0.000082 100.000000 25.641026
280 0.000000 0.000040 200.000000 25.974026
280 0.000000 0.000380 300.000000 26.315790
280 0.000000 0.000283 400.000000 26.315790
280 0.000000 0.000169 500.000000 26.315790
280 0.000000 0.000121 600.000000 26.315790
280 0.000000 0.000160 700.000000 26.217228
280 0.000000 0.000073 800.000000 26.058632
290 0.000005 0.000017 100.000000 25.641026
290 0.000002 0.000030 200.000000 25.974026
290 0.000000 0.000502 300.000000 26.315790
290 0.000000 0.000304 400.000000 26.315790
290 0.000000 0.000181 500.000000 26.315790
290 0.000001 0.000281 600.000000 26.200872
290 0.000001 0.000034 700.000000 26.119404
290 0.000000 0.000160 800.000000 26.058632
300 0.000000 0.000180 100.000000 25.641026
300 0.000000 0.000094 200.000000 25.974026
300 0.000000 0.000340 300.000000 26.315790
300 0.000000 0.000339 400.000000 26.315790
300 0.000000 0.000344 500.000000 26.315790
300 0.000000 0.000154 600.000000 26.200872
300 0.000000 0.000096 700.000000 26.119404
300 0.000000 0.000260 800.000000 26.058632
310 0.000000 0.000146 100.000000 25.641026
310 0.000002 0.000024 200.000000 25.974026
310 0.000000 0.000045 300.000000 26.086956
310 0.000000 0.000286 400.000000 26.315790
310 0.000000 0.000133 500.000000 26.178011
310 0.000000 0.000127 600.000000 26.200872
310 0.000000 0.000116 700.000000 26.022305
310 0.000000 0.000052 800.000000 26.058632
320 0.000000 0.000081 100.000000 25.641026
320 0.000000 0.000023 200.000000 25.974026
320 0.000000 0.000103 300.000000 26.086956
320 0.000000 0.000271 400.000000 26.315790
320 0.000000 0.000366 500.000000 26.178011
320 0.000000 0.000008 600.000000 26.086956
320 0.000000 0.000107 700.000000 26.022305
320 0.000000 0.000017 800.000000 26.058632
330 0.000000 0.000097 100.000000 25.641026
330 0.000000 0.000111 200.000000 25.974026
330 0.000000 0.000174 300.000000 26.086956
330 0.000000 0.000224 400.000000 26.143791
330 0.000000 0.000199 500.000000 26.178011
330 0.000000 0.000114 600.000000 26.086956
330 0.000000 0.000292 700.000000 26.022305
330 0.000000 0.000098 800.000000 26.058632
340 0.000000 0.000131 100.000000 25.641026
340 0.000000 0.000129 200.000000 25.974026
340 0.000000 0.000179 300.000000 26.086956
340 0.000000 0.000214 400.000000 26.143791
340 0.000000 0.000178 500.000000 26.178011
340 0.000000 0.000085 600.000000 25.974026
340 0.000000 0.000060 700.000000 26.022305
340 0.000000 0.000011 800.000000 26.058632
350 0.000000 0.000115 100.000000 25.641026
350 0.000000 0.000176 200.000000 25.974026
350 0.000000 0.000218 300.000000 26.086956
350 0.000000 0.000423 400.000000 26.143791
350 0.000000 0.000018 500.000000 26.041666
350 0.000000 0.000111 600.000000 25.974026
350 0.000000 0.000153 700.000000 25.925926
350 0.000000 0.000181 800.000000 26.143791
360 0.000000 0.000146 100.000000 25.641026
360 0.000000 0.000242 200.000000 25.974026
360 0.000000 0.000249 300.000000 26.086956
360 0.000000 0.000214 400.000000 26.143791
360 0.000000 0.000073 500.000000 26.041666
360 0.000000 0.000169 600.000000 25.862068
360 0.000000 0.000055 700.000000 26.022305
360 0.000000 0.000177 800.000000 26.143791
370 0.000000 0.000094 100.000000 25.641026
370 0.000000 0.000207 200.000000 25.974026
370 0.000000 0.000279 300.000000 26.086956
370 0.000000 0.000021 400.000000 25.974026
370 0.000000 0.000125 500.000000 25.906736
370 0.000000 0.000157 600.000000 25.862068
370 0.000000 0.000009 700.000000 26.022305
370 0.000000 0.000195 800.000000 26.143791
380 0.000007 0.000117 100.000000 25.641026
380 0.000000 0.000235 200.000000 25.974026
380 0.000000 0.000246 300.000000 26.086956
380 0.000000 0.000040 400.000000 25.974026
380 0.000000 0.000148 500.000000 25.906736
380 0.000000 0.000235 600.000000 25.862068
380 0.000000 0.000018 700.000000 26.022305
380 0.000001 0.000133 800.000000 26.143791
390 0.000000 0.000251 100.000000 25.641026
390 0.000000 0.000248 200.000000 25.974026
390 0.000000 0.000248 300.000000 26.086956
390 0.000001 0.000608 400.000000 25.974026
390 0.000001 0.000170 500.000000 25.773195
390 0.000000 0.000226 600.000000 25.862068
390 0.000000 0.000023 700.000000 26.022305
390 0.000000 0.000184 800.000000 26.143791
400 0.000000 0.000300 100.000000 25.641026
400 0.000000 0.000288 200.000000 25.974026
400 0.000000 0.000080 300.000000 25.862068
400 0.000000 0.000197 400.000000 25.806452
400 0.000000 0.000176 500.000000 25.773195
400 0.000000 0.000257 600.000000 25.862068
400 0.000000 0.000202 700.000000 26.119404
400 0.000000 0.000040 800.000000 26.229507
410 0.000000 0.000356 100.000000 25.641026
410 0.000000 0.000352 200.000000 25.974026
410 0.000000 0.000065 300.000000 25.862068
410 0.000000 0.000179 400.000000 25.806452
410 0.000000 0.000319 500.000000 25.773195
410 0.000000 0.000026 600.000000 25.974026
410 0.000000 0.000155 700.000000 26.119404
410 0.000000 0.000022 800.000000 26.229507
420 0.000000 0.000356 100.000000 25.641026
420 0.000000 0.001086 200.000000 25.641026
420 0.000000 0.000750 300.000000 25.862068
420 0.000000 0.000188 400.000000 25.641026
420 0.000001 0.000208 500.000000 25.773195
420 0.000000 0.000400 600.000000 25.974026
420 0.000000 0.000196 700.000000 26.119404
420 0.000000 0.000173 800.000000 26.143791
430 0.000000 0.000229 100.000000 25.641026
430 0.000000 0.000258 200.000000 25.641026
430 0.000000 0.000443 300.000000 25.641026
430 0.000000 0.000144 400.000000 25.641026
430 0.000001 0.000242 500.000000 25.773195
430 0.000000 0.000015 600.000000 25.974026
430 0.000000 0.000174 700.000000 26.119404
430 0.000000 0.000158 800.000000 26.143791
440 0.000005 0.000225 100.000000 25.641026
440 0.000000 0.000265 200.000000 25.641026
440 0.000000 0.000362 300.000000 25.641026
440 0.000000 0.000150 400.000000 25.641026
440 0.000000 0.000270 500.000000 25.773195
440 0.000000 0.000268 600.000000 26.086956
440 0.000000 0.000215 700.000000 26.119404
440 0.000000 0.000152 800.000000 26.143791
450 0.000000 0.001954 100.000000 25.000000
450 0.000000 0.000998 200.000000 25.641026
450 0.000000 0.000482 300.000000 25.641026
450 0.000000 0.000177 400.000000 25.641026
450 0.000000 0.000229 500.000000 25.773195
450 0.000000 0.000198 600.000000 26.086956
450 0.000000 0.000172 700.000000 26.119404
450 0.000000 0.000111 800.000000 26.058632
460 0.000000 0.000725 100.000000 25.000000
460 0.000000 0.000488 200.000000 25.316456
460 0.000000 0.000110 300.000000 25.423729
460 0.000000 0.000179 400.000000 25.641026
460 0.000000 0.000090 500.000000 25.906736
460 0.000000 0.000169 600.000000 26.086956
460 0.000000 0.000137 700.000000 26.119404
460 0.000000 0.000049 800.000000 25.974026
470 0.000000 0.000683 100.000000 25.000000
470 0.000000 0.000656 200.000000 25.316456
470 0.000002 0.000120 300.000000 25.423729
470 0.000000 0.000395 400.000000 25.641026
470 0.000000 0.000034 500.000000 25.906736
470 0.000000 0.000255 600.000000 26.086956
470 0.000000 0.000199 700.000000 26.119404
470 0.000000 0.000147 800.000000 25.889967
480 0.000005 0.001709 100.000000 25.000000
480 0.000002 0.000584 200.000000 25.316456
480 0.000000 0.000185 300.000000 25.423729
480 0.000000 0.000268 400.000000 25.641026
480 0.000001 0.000219 500.000000 26.041666
480 0.000000 0.000217 600.000000 26.086956
480 0.000001 0.000233 700.000000 26.119404
480 0.000001 0.000179 800.000000 25.806452
490 0.000000 0.000886 100.000000 25.000000
490 0.000000 0.000529 200.000000 25.316456
490 0.000000 0.000085 300.000000 25.423729
490 0.000000 0.000222 400.000000 25.806452
490 0.000000 0.000160 500.000000 26.041666
490 0.000000 0.000147 600.000000 26.200872
490 0.000000 0.000026 700.000000 26.022305
490 0.000000 0.000076 800.000000 25.723473
500 0.000000 0.000833 100.000000 25.000000
500 0.000000 0.000075 200.000000 25.000000
500 0.000000 0.000198 300.000000 25.423729
500 0.000000 0.000178 400.000000 25.806452
500 0.000000 0.000357 500.000000 26.041666
500 0.000001 0.000158 600.000000 26.200872
500 0.000000 0.000114 700.000000 25.925926
500 0.000000 0.000070 800.000000 25.559105
510 0.000000 0.001878 100.000000 25.000000
510 0.000003 0.000082 200.000000 25.000000
510 0.000002 0.000255 300.000000 25.423729
510 0.000000 0.000127 400.000000 25.974026
510 0.000001 0.000342 500.000000 26.178011
510 0.000001 0.000162 600.000000 26.086956
510 0.000000 0.000151 700.000000 25.830257
510 0.000001 0.000089 800.000000 25.396826
520 0.000000 0.001004 100.000000 24.390244
520 0.000000 0.000109 200.000000 25.000000
520 0.000000 0.000305 300.000000 25.641026
520 0.000000 0.000161 400.000000 25.974026
520 0.000000 0.000178 500.000000 26.178011
520 0.000000 0.000168 600.000000 26.086956
520 0.000000 0.000026 700.000000 25.735294
520 0.000000 0.000128 800.000000 25.236593
530 0.000000 0.001397 100.000000 24.390244
530 0.000002 0.000194 200.000000 25.000000
530 0.000000 0.000286 300.000000 25.641026
530 0.000000 0.000456 400.000000 25.974026
530 0.000001 0.000175 500.000000 26.178011
530 0.000000 0.000231 600.000000 26.086956
530 0.000001 0.000102 700.000000 25.641026
530 0.000000 0.000095 800.000000 25.078369
540 0.000000 0.000928 100.000000 24.390244
540 0.000000 0.000707 200.000000 25.316456
540 0.000000 0.000131 300.000000 25.862068
540 0.000000 0.000413 400.000000 26.143791
540 0.000000 0.000331 500.000000 26.178011
540 0.000000 0.000126 600.000000 25.974026
540 0.000000 0.000315 700.000000 25.454546
540 0.000000 0.000196 800.000000 24.844721
550 0.000000 0.000793 100.000000 24.390244
550 0.000000 0.000555 200.000000 25.316456
550 0.000000 0.000409 300.000000 26.086956
550 0.000000 0.000047 400.000000 26.315790
550 0.000000 0.000180 500.000000 26.178011
550 0.000000 0.000126 600.000000 25.862068
550 0.000000 0.000156 700.000000 25.362318
550 0.000000 0.000077 800.000000 24.464832
560 0.000000 0.001866 100.000000 24.390244
560 0.000000 0.000135 200.000000 25.641026
560 0.000000 0.000435 300.000000 26.086956
560 0.000000 0.000086 400.000000 26.315790
560 0.000000 0.000182 500.000000 26.178011
560 0.000000 0.000276 600.000000 25.751074
560 0.000000 0.000115 700.000000 25.179855
560 0.000001 0.000210 800.000000 24.024025
570 0.000000 0.001784 100.000000 25.000000
570 0.000000 0.000271 200.000000 25.974026
570 0.000000 0.000143 300.000000 26.315790
570 0.000001 0.000109 400.000000 26.315790
570 0.000000 0.000303 500.000000 26.178011
570 0.000001 0.000039 600.000000 25.641026
570 0.000000 0.000030 700.000000 25.000000
570 0.000001 0.000079 800.000000 23.598820
580 0.000000 0.000408 100.000000 25.000000
580 0.000000 0.000442 200.000000 25.974026
580 0.000000 0.000104 300.000000 26.315790
580 0.000000 0.000156 400.000000 26.490067
580 0.000000 0.000160 500.000000 26.041666
580 0.000000 0.000187 600.000000 25.531916
580 0.000000 0.000051 700.000000 24.734982
580 0.000000 0.000016 800.000000 23.054754
590 0.000000 0.001902 100.000000 25.641026
590 0.000000 0.000258 200.000000 26.315790
590 0.000000 0.000210 300.000000 26.548672
590 0.000000 0.000047 400.000000 26.315790
590 0.000000 0.000310 500.000000 26.041666
590 0.000001 0.000085 600.000000 25.316456
590 0.000000 0.000058 700.000000 24.305555
590 0.000001 0.000080 800.000000 22.662889
600 0.000000 0.000698 100.000000 25.641026
600 0.000003 0.001130 200.000000 26.315790
600 0.000000 0.000211 300.000000 26.548672
600 0.000000 0.000068 400.000000 26.315790
600 0.000000 0.000329 500.000000 25.773195
600 0.000000 0.000089 600.000000 25.104603
600 0.000001 0.000217 700.000000 23.809525
600 0.000001 0.000160 800.000000 22.222221
610 0.000000 0.000501 100.000000 25.641026
610 0.000000 0.000204 200.000000 26.666666
610 0.000000 0.000128 300.000000 26.548672
610 0.000000 0.000243 400.000000 26.143791
610 0.000000 0.000091 500.000000 25.641026
610 0.000000 0.000067 600.000000 24.793388
610 0.000002 0.000153 700.000000 23.178808
610 0.000001 0.000091 800.000000 21.798365
620 0.000005 0.001206 100.000000 26.315790
620 0.000002 0.000075 200.000000 26.666666
620 0.000002 0.000043 300.000000 26.548672
620 0.000002 0.000516 400.000000 25.974026
620 0.000000 0.000306 500.000000 25.380711
620 0.000001 0.000285 600.000000 24.390244
620 0.000001 0.000138 700.000000 22.653721
620 0.000000 0.000147 800.000000 21.505377
630 0.000000 0.001529 100.000000 26.315790
630 0.000000 0.000063 200.000000 26.666666
630 0.000002 0.000599 300.000000 26.315790
630 0.000000 0.000431 400.000000 25.806452
630 0.000001 0.000120 500.000000 25.000000
630 0.000000 0.000125 600.000000 23.904383
630 0.000002 0.000130 700.000000 22.082020
630 0.000000 0.000067 800.000000 21.164021
640 0.000000 0.000930 100.000000 26.315790
640 0.000002 0.000012 200.000000 26.666666
640 0.000000 0.000465 300.000000 26.086956
640 0.000000 0.000016 400.000000 25.477707
640 0.000000 0.000234 500.000000 24.752476
640 0.000001 0.000086 600.000000 23.166023
640 0.000000 0.000031 700.000000 21.538462
640 0.000001 0.000066 800.000000 20.725389
650 0.000000 0.001056 100.000000 26.315790
650 0.000000 0.000525 200.000000 26.315790
650 0.000000 0.000044 300.000000 25.862068
650 0.000000 0.000440 400.000000 25.157232
650 0.000000 0.000119 500.000000 24.271845
650 0.000001 0.000294 600.000000 22.471910
650 0.000000 0.000120 700.000000 21.084337
650 0.000001 0.000153 800.000000 20.304569
660 0.000000 0.001274 100.000000 26.315790
660 0.000000 0.000210 200.000000 25.974026
660 0.000000 0.000476 300.000000 25.641026
660 0.000000 0.000243 400.000000 24.844721
660 0.000000 0.000129 500.000000 23.809525
660 0.000000 0.000068 600.000000 21.818182
660 0.000000 0.000029 700.000000 20.771513
660 0.000001 0.000056 800.000000 19.851116
670 0.000000 0.000040 100.000000 25.641026
670 0.000000 0.000158 200.000000 25.974026
670 0.000000 0.000196 300.000000 25.210085
670 0.000000 0.000429 400.000000 24.390244
670 0.000000 0.000205 500.000000 23.041475
670 0.000002 0.000135 600.000000 21.201414
670 0.000000 0.000082 700.000000 20.348837
670 0.000001 0.000122 800.000000 19.417477
680 0.000000 0.000038 100.000000 25.641026
680 0.000000 0.000963 200.000000 25.641026
680 0.000000 0.000111 300.000000 24.793388
680 0.000000 0.000104 400.000000 23.952095
680 0.000000 0.000243 500.000000 22.222221
680 0.000000 0.000167 600.000000 20.689655
680 0.000000 0.000143 700.000000 19.886364
680 0.000000 0.000149 800.000000 19.093079
690 0.000000 0.000008 100.000000 25.641026
690 0.000000 0.000557 200.000000 25.316456
690 0.000000 0.000234 300.000000 24.390244
690 0.000000 0.000040 400.000000 23.529411
690 0.000002 0.000188 500.000000 21.459227
690 0.000000 0.000061 600.000000 20.202021
690 0.000002 0.000046 700.000000 19.444445
700 0.000000 0.000744 100.000000 25.000000
700 0.000000 0.000329 200.000000 24.691359
700 0.000000 0.000335 300.000000 24.000000
700 0.000000 0.000042 400.000000 22.857143
700 0.000001 0.000116 500.000000 20.833334
700 0.000000 0.000194 600.000000 19.867550
700 0.000002 0.000086 700.000000 18.970190
710 0.000000 0.001891 100.000000 25.000000
710 0.000002 0.000521 200.000000 24.390244
710 0.000002 0.000636 300.000000 23.622047
710 0.000000 0.000249 400.000000 21.978022
710 0.000003 0.000255 500.000000 20.161291
710 0.000000 0.000185 600.000000 19.417477
710 0.000001 0.000158 700.000000 18.567638
720 0.000000 0.000980 100.000000 24.390244
720 0.000000 0.000333 200.000000 23.809525
720 0.000000 0.000199 300.000000 23.076923
720 0.000002 0.000149 400.000000 21.164021
720 0.000000 0.000044 500.000000 19.607843
720 0.000002 0.000058 600.000000 18.987341
730 0.000000 0.000176 100.000000 23.809525
730 0.000002 0.000249 200.000000 23.529411
730 0.000000 0.000326 300.000000 22.556391
730 0.000000 0.000129 400.000000 20.304569
730 0.000000 0.000046 500.000000 19.230770
730 0.000000 0.000079 600.000000 18.518518
740 0.000000 0.000155 100.000000 23.809525
740 0.000000 0.000602 200.000000 22.988506
740 0.000000 0.000439 300.000000 21.739130
740 0.000000 0.000271 400.000000 19.704433
740 0.000000 0.000142 500.000000 18.867924
740 0.000002 0.000224 600.000000 18.072289
750 0.000000 0.000752 100.000000 23.255814
750 0.000000 0.000311 200.000000 22.471910
750 0.000000 0.000160 300.000000 20.833334
750 0.000001 0.000087 400.000000 19.047619
750 0.000001 0.000095 500.000000 18.518518
750 0.000000 0.000130 600.000000 17.751480
760 0.000005 0.001644 100.000000 22.727272
760 0.000000 0.000155 200.000000 21.978022
760 0.000002 0.000115 300.000000 20.000000
760 0.000001 0.000242 400.000000 18.604650
760 0.000002 0.000143 500.000000 18.050541
770 0.000000 0.001804 100.000000 22.222221
770 0.000000 0.000179 200.000000 21.505377
770 0.000003 0.000452 300.000000 19.230770
770 0.000000 0.000273 400.000000 18.181818
770 0.000000 0.000149 500.000000 17.605635
780 0.000005 0.000997 100.000000 21.739130
780 0.000002 0.000056 200.000000 20.833334
780 0.000004 0.000245 300.000000 18.518518
780 0.000001 0.000164 400.000000 17.857143
780 0.000001 0.000017 500.000000 17.241379
790 0.000000 0.000106 100.000000 21.276596
790 0.000003 0.000083 200.000000 19.801981
790 0.000002 0.000258 300.000000 17.964071
790 0.000001 0.000291 400.000000 17.543859
790 0.000000 0.000146 500.000000 16.891891
800 0.000005 0.001315 100.000000 20.833334
800 0.000004 0.000231 200.000000 18.867924
800 0.000002 0.000197 300.000000 17.441860
800 0.000002 0.000219 400.000000 17.167381
800 0.000000 0.000162 500.000000 16.666666
810 0.000000 0.000430 100.000000 20.408163
810 0.000002 0.000184 200.000000 18.018019
810 0.000000 0.000239 300.000000 17.142857
810 0.000002 0.000032 400.000000 16.806723
820 0.000000 0.000981 100.000000 19.607843
820 0.000005 0.000546 200.000000 17.241379
820 0.000000 0.000119 300.000000 16.853933
820 0.000002 0.000145 400.000000 16.393442
830 0.000000 0.000741 100.000000 18.518518
830 0.000006 0.000607 200.000000 16.666666
830 0.000000 0.000307 300.000000 16.574585
830 0.000000 0.000240 400.000000 16.129032
840 0.000008 0.000445 100.000000 17.241379
840 0.000003 0.000172 200.000000 16.129032
840 0.000002 0.000048 300.000000 16.304348
840 0.000001 0.000068 400.000000 15.873015
850 0.000005 0.000652 100.000000 16.393442
850 0.000000 0.000142 200.000000 15.873015
850 0.000002 0.000119 300.000000 15.957447
860 0.000000 0.000797 100.000000 15.625000
860 0.000000 0.000252 200.000000 15.625000
860 0.000003 0.000274 300.000000 15.625000
870 0.000007 0.000771 100.000000 14.925373
870 0.000002 0.000258 200.000000 15.503876
870 0.000000 0.000105 300.000000 15.384615
880 0.000005 0.000191 100.000000 14.705882
880 0.000003 0.000192 200.000000 15.503876
880 0.000002 0.000107 300.000000 15.306123
890 0.000005 0.000305 100.000000 14.705882
890 0.000000 0.000227 200.000000 15.625000
890 0.000000 0.000114 300.000000 15.306123
900 0.000015 0.000681 100.000000 14.925373
900 0.000000 0.000361 200.000000 15.625000
900 0.000003 0.000112 300.000000 15.306123
910 0.000000 0.000589 100.000000 14.925373
910 0.000006 0.000127 200.000000 15.503876
920 0.000007 0.000801 100.000000 15.384615
920 0.000005 0.000230 200.000000 15.503876
930 0.000013 0.000188 100.000000 15.625000
930 0.000003 0.000576 200.000000 15.503876
940 0.000007 0.000244 100.000000 15.873015
940 0.000005 0.000352 200.000000 15.384615
950 0.000007 0.000585 100.000000 16.129032
950 0.000003 0.000183 200.000000 15.384615
960 0.000012 0.000775 100.000000 16.129032
960 0.000006 0.000711 200.000000 15.384615
970 0.000000 0.000468 100.000000 15.873015
970 0.000000 0.000260 200.000000 15.384615
980 0.000011 0.000203 100.000000 15.625000
990 0.000007 0.000747 100.000000 15.151515
1000 0.000005 0.000656 100.000000 14.705882
1010 0.000007 0.000409 100.000000 14.492754
1020 0.000005 0.000062 100.000000 14.492754
1030 0.000015 0.000848 100.000000 14.705882
