0 0.000000 0.000094 100.000000 5.780347
0 0.000000 0.000067 200.000000 6.369427
0 0.000000 0.000058 300.000000 6.726458
0 0.000000 0.000018 400.000000 6.908463
0 0.000000 0.000071 500.000000 6.297229
0 0.000001 0.000037 600.000000 6.741573
10 0.000008 0.000797 100.000000 6.097561
10 0.000008 0.000558 200.000000 6.451613
10 0.000004 0.000486 300.000000 6.849315
10 0.000001 0.000338 400.000000 7.017544
10 0.000001 0.000150 500.000000 6.369427
10 0.000000 0.000070 600.000000 6.802721
20 0.000015 0.001134 100.000000 6.369427
20 0.000000 0.001269 200.000000 6.493506
20 0.000002 0.000967 300.000000 6.960557
20 0.000004 0.000589 400.000000 7.117438
20 0.000003 0.000378 500.000000 6.435007
20 0.000001 0.000178 600.000000 6.857143
30 0.000005 0.000534 100.000000 6.622517
30 0.000004 0.000286 200.000000 6.535948
30 0.000000 0.000219 300.000000 7.042253
30 0.000000 0.000091 400.000000 7.207207
30 0.000000 0.000085 500.000000 6.501951
30 0.000003 0.000076 600.000000 6.888634
40 0.000007 0.000174 100.000000 6.849315
40 0.000008 0.000377 200.000000 6.578948
40 0.000004 0.000242 300.000000 7.075472
40 0.000000 0.000214 400.000000 7.299270
40 0.000001 0.000155 500.000000 6.561680
40 0.000002 0.000050 600.000000 6.912442
50 0.000000 0.000410 100.000000 7.042253
50 0.000000 0.000057 200.000000 6.600660
50 0.000006 0.000054 300.000000 7.058824
50 0.000000 0.000078 400.000000 7.366483
50 0.000000 0.000111 500.000000 6.605020
50 0.000000 0.000018 600.000000 6.896552
60 0.000005 0.000254 100.000000 7.092198
60 0.000000 0.000131 200.000000 6.622517
60 0.000000 0.000121 300.000000 6.993007
60 0.000001 0.000077 400.000000 7.407407
60 0.000000 0.000010 500.000000 6.640106
60 0.000000 0.000053 600.000000 6.880734
70 0.000000 0.000472 100.000000 7.142857
70 0.000000 0.000369 200.000000 6.644518
70 0.000000 0.000141 300.000000 6.944445
70 0.000000 0.000150 400.000000 7.421150
70 0.000001 0.000157 500.000000 6.666667
70 0.000001 0.000079 600.000000 6.872852
80 0.000000 0.000487 100.000000 7.142857
80 0.000002 0.000264 200.000000 6.688963
80 0.000000 0.000130 300.000000 6.928406
80 0.000000 0.000085 400.000000 7.434944
80 0.000000 0.000165 500.000000 6.684492
80 0.000000 0.000056 600.000000 6.864988
90 0.000005 0.000439 100.000000 7.142857
90 0.000000 0.000070 200.000000 6.711410
90 0.000000 0.000111 300.000000 6.944445
90 0.000000 0.000076 400.000000 7.434944
90 0.000000 0.000082 500.000000 6.711410
90 0.000000 0.000046 600.000000 6.857143
100 0.000005 0.000296 100.000000 7.092198
100 0.000000 0.000114 200.000000 6.756757
100 0.000000 0.000106 300.000000 6.960557
100 0.000000 0.000049 400.000000 7.299270
100 0.000000 0.000090 500.000000 6.729475
100 0.000000 0.000050 600.000000 6.833713
110 0.000000 0.000310 100.000000 7.092198
110 0.000000 0.000164 200.000000 6.802721
110 0.000002 0.000127 300.000000 6.993007
110 0.000005 0.000066 400.000000 6.220840
110 0.000000 0.000010 500.000000 6.756757
110 0.000000 0.000049 600.000000 6.810442
120 0.000007 0.000460 100.000000 7.142857
120 0.000000 0.000365 200.000000 6.872852
120 0.000005 0.000100 300.000000 7.025761
120 0.000000 0.000161 400.000000 6.211180
120 0.000001 0.000172 500.000000 6.793478
120 0.000001 0.000083 600.000000 6.779661
130 0.000021 0.001748 100.000000 7.352941
130 0.000009 0.001062 200.000000 6.993007
130 0.000007 0.000501 300.000000 7.092198
130 0.000003 0.000486 400.000000 6.250000
130 0.000004 0.000328 500.000000 6.839945
130 0.000003 0.000219 600.000000 6.726458
140 0.000005 0.000247 100.000000 7.575758
140 0.000000 0.000342 200.000000 7.142857
140 0.000002 0.000058 300.000000 7.177033
140 0.000000 0.000067 400.000000 6.299212
140 0.000000 0.000098 500.000000 6.896552
140 0.000000 0.000028 600.000000 6.666667
150 0.000000 0.000303 100.000000 7.751938
150 0.000000 0.000183 200.000000 7.246377
150 0.000000 0.000100 300.000000 7.263923
150 0.000000 0.000062 400.000000 6.339144
150 0.000000 0.000021 500.000000 6.934813
150 0.000000 0.000018 600.000000 6.593407
160 0.000000 0.000428 100.000000 7.692307
160 0.000000 0.000282 200.000000 7.299270
160 0.000000 0.000306 300.000000 7.317073
160 0.000001 0.000124 400.000000 6.379585
160 0.000001 0.000091 500.000000 6.963789
160 0.000001 0.000012 600.000000 6.535948
170 0.000010 0.000519 100.000000 7.142857
170 0.000000 0.000248 200.000000 7.272727
170 0.000000 0.000063 300.000000 7.352941
170 0.000000 0.000134 400.000000 6.420546
170 0.000000 0.000090 500.000000 6.963789
180 0.000017 0.000295 100.000000 6.369427
180 0.000008 0.000094 200.000000 7.220217
180 0.000000 0.000162 300.000000 7.407407
180 0.000000 0.000113 400.000000 6.451613
180 0.000000 0.000041 500.000000 6.925208
190 0.000000 0.000146 100.000000 6.172840
190 0.000009 0.000041 200.000000 7.067138
190 0.000000 0.000121 300.000000 7.444169
190 0.000000 0.000025 400.000000 6.493506
190 0.000000 0.000017 500.000000 6.868132
200 0.000000 0.000335 100.000000 6.134969
200 0.000000 0.000042 200.000000 6.872852
200 0.000000 0.000128 300.000000 7.481297
200 0.000000 0.000042 400.000000 6.514658
200 0.000000 0.000039 500.000000 6.821282
210 0.000000 0.000063 100.000000 6.172840
210 0.000000 0.000164 200.000000 6.802721
210 0.000000 0.000066 300.000000 7.500000
210 0.000000 0.000060 400.000000 6.546645
210 0.000000 0.000050 500.000000 6.802721
220 0.000000 0.000471 100.000000 6.211180
220 0.000002 0.000198 200.000000 6.802721
220 0.000000 0.000080 300.000000 7.518797
220 0.000000 0.000034 400.000000 6.568144
220 0.000000 0.000030 500.000000 6.793478
230 0.000000 0.000371 100.000000 6.289308
230 0.000000 0.000028 200.000000 6.825939
230 0.000000 0.000060 300.000000 7.518797
230 0.000000 0.000082 400.000000 6.600660
230 0.000000 0.000040 500.000000 6.784261
240 0.000000 0.000448 100.000000 6.410256
240 0.000000 0.000139 200.000000 6.872852
240 0.000000 0.000135 300.000000 7.334963
240 0.000000 0.000179 400.000000 6.633499
240 0.000000 0.000075 500.000000 6.765900
250 0.000000 0.000474 100.000000 6.493506
250 0.000003 0.000176 200.000000 6.920415
250 0.000008 0.000178 300.000000 5.964215
250 0.000000 0.000150 400.000000 6.666667
250 0.000001 0.000094 500.000000 6.747638
260 0.000000 0.000458 100.000000 6.578948
260 0.000002 0.000054 200.000000 6.944445
260 0.000002 0.000090 300.000000 5.928854
260 0.000002 0.000103 400.000000 6.700168
260 0.000001 0.000078 500.000000 6.693440
270 0.000000 0.000454 100.000000 6.666667
270 0.000003 0.000236 200.000000 6.968641
270 0.000000 0.000253 300.000000 5.940594
270 0.000000 0.000107 400.000000 6.722689
270 0.000000 0.000110 500.000000 6.510417
280 0.000005 0.000390 100.000000 6.756757
280 0.000000 0.000237 200.000000 7.017544
280 0.000000 0.000304 300.000000 5.976096
280 0.000000 0.000255 400.000000 6.756757
280 0.000002 0.000122 500.000000 6.377551
290 0.000000 0.000261 100.000000 6.849315
290 0.000000 0.000055 200.000000 7.117438
290 0.000000 0.000114 300.000000 6.024096
290 0.000000 0.000066 400.000000 6.791172
290 0.000000 0.000059 500.000000 6.321113
300 0.000000 0.000298 100.000000 7.092198
300 0.000000 0.000166 200.000000 7.246377
300 0.000000 0.000117 300.000000 6.109980
300 0.000000 0.000175 400.000000 6.837607
310 0.000000 0.000108 100.000000 7.407407
310 0.000000 0.000207 200.000000 7.462687
310 0.000000 0.000102 300.000000 6.198347
310 0.000000 0.000042 400.000000 6.908463
320 0.000005 0.000792 100.000000 7.751938
320 0.000003 0.000712 200.000000 7.692307
320 0.000003 0.000440 300.000000 6.315790
320 0.000001 0.000440 400.000000 6.993007
330 0.000016 0.001880 100.000000 8.130081
330 0.000010 0.001445 200.000000 7.905138
330 0.000007 0.001427 300.000000 6.410256
330 0.000004 0.001098 400.000000 7.054674
340 0.000005 0.000734 100.000000 8.264462
340 0.000004 0.000584 200.000000 8.097166
340 0.000002 0.000502 300.000000 6.507592
340 0.000000 0.000410 400.000000 7.079646
350 0.000022 0.000475 100.000000 8.130081
350 0.000000 0.000115 200.000000 8.230453
350 0.000002 0.000119 300.000000 6.578948
350 0.000000 0.000086 400.000000 7.042253
360 0.000000 0.000429 100.000000 7.751938
360 0.000000 0.000184 200.000000 8.333333
360 0.000000 0.000193 300.000000 6.622517
360 0.000000 0.000079 400.000000 6.993007
370 0.000000 0.000416 100.000000 7.518797
370 0.000000 0.000370 200.000000 8.368201
370 0.000000 0.000221 300.000000 6.651885
370 0.000000 0.000134 400.000000 6.968641
380 0.000000 0.000454 100.000000 7.407407
380 0.000000 0.000176 200.000000 8.333333
380 0.000000 0.000091 300.000000 6.666667
380 0.000000 0.000102 400.000000 6.932409
390 0.000000 0.000490 100.000000 7.352941
390 0.000000 0.000208 200.000000 8.196721
390 0.000000 0.000108 300.000000 6.681514
390 0.000000 0.000105 400.000000 6.884682
400 0.000007 0.000502 100.000000 7.299270
400 0.000011 0.000200 200.000000 5.747127
400 0.000000 0.000143 300.000000 6.696429
400 0.000000 0.000072 400.000000 6.814310
410 0.000007 0.000091 100.000000 7.246377
410 0.000003 0.000124 200.000000 5.617978
410 0.000002 0.000111 300.000000 6.711410
410 0.000001 0.000019 400.000000 6.700168
420 0.000007 0.000468 100.000000 7.194244
420 0.000000 0.000070 200.000000 5.617978
420 0.000000 0.000024 300.000000 6.726458
420 0.000000 0.000021 400.000000 6.400000
430 0.000000 0.000200 100.000000 7.246377
430 0.000000 0.000287 200.000000 5.633803
430 0.000000 0.000048 300.000000 6.726458
430 0.000003 0.000043 400.000000 6.230530
440 0.000000 0.000186 100.000000 7.352941
440 0.000000 0.000086 200.000000 5.698006
440 0.000000 0.000147 300.000000 6.741573
450 0.000010 0.000672 100.000000 7.575758
450 0.000005 0.000447 200.000000 5.763689
450 0.000000 0.000563 300.000000 6.741573
460 0.000005 0.000298 100.000000 7.874016
460 0.000000 0.000257 200.000000 5.865103
460 0.000007 0.000194 300.000000 6.726458
470 0.000010 0.000860 100.000000 8.196721
470 0.000005 0.000729 200.000000 5.952381
470 0.000008 0.000697 300.000000 6.726458
480 0.000007 0.000716 100.000000 8.620689
480 0.000003 0.000363 200.000000 6.060606
480 0.000002 0.000479 300.000000 6.741573
490 0.000000 0.000275 100.000000 8.928572
490 0.000000 0.000052 200.000000 6.172840
490 0.000000 0.000055 300.000000 6.756757
500 0.000000 0.000134 100.000000 9.259259
500 0.000000 0.000197 200.000000 6.250000
500 0.000000 0.000094 300.000000 6.787330
510 0.000000 0.000228 100.000000 9.433962
510 0.000000 0.000167 200.000000 6.309148
510 0.000000 0.000130 300.000000 6.787330
520 0.000005 0.000515 100.000000 9.345795
520 0.000002 0.000113 200.000000 6.349206
520 0.000002 0.000139 300.000000 6.741573
530 0.000000 0.000117 100.000000 8.196721
530 0.000000 0.000227 200.000000 6.369427
530 0.000000 0.000034 300.000000 6.681514
540 0.000000 0.000468 100.000000 4.608295
540 0.000000 0.000347 200.000000 6.410256
540 0.000002 0.000330 300.000000 6.593407
550 0.000007 0.000679 100.000000 4.566210
550 0.000003 0.000598 200.000000 6.451613
550 0.000002 0.000488 300.000000 6.410256
560 0.000000 0.000240 100.000000 4.566210
560 0.000000 0.000179 200.000000 6.472492
560 0.000000 0.000019 300.000000 6.072875
570 0.000000 0.000202 100.000000 4.587156
570 0.000000 0.000108 200.000000 6.472492
570 0.000000 0.000038 300.000000 5.870842
580 0.000000 0.000308 100.000000 4.629630
580 0.000005 0.000174 200.000000 6.349206
590 0.000000 0.000723 100.000000 4.651163
590 0.000003 0.000349 200.000000 6.153846
600 0.000000 0.000350 100.000000 4.672897
600 0.000000 0.000080 200.000000 5.988024
610 0.000000 0.000516 100.000000 4.694836
610 0.000000 0.000090 200.000000 5.934718
620 0.000000 0.000357 100.000000 4.739336
620 0.000000 0.000072 200.000000 5.899705
630 0.000000 0.000396 100.000000 4.807693
630 0.000002 0.000048 200.000000 5.899705
640 0.000000 0.000137 100.000000 4.950495
640 0.000000 0.000108 200.000000 5.952381
650 0.000000 0.000352 100.000000 5.154639
650 0.000000 0.000069 200.000000 6.079027
660 0.000000 0.000025 100.000000 5.405406
660 0.000000 0.000127 200.000000 6.230530
670 0.000000 0.000025 100.000000 5.714286
670 0.000000 0.000126 200.000000 6.430868
680 0.000000 0.000025 100.000000 6.060606
680 0.000000 0.000126 200.000000 6.644518
690 0.000000 0.000025 100.000000 6.451613
690 0.000000 0.000128 200.000000 6.872852
700 0.000000 0.000025 100.000000 6.896552
700 0.000000 0.000128 200.000000 7.117438
710 0.000000 0.000025 100.000000 7.407407
710 0.000000 0.000126 200.000000 7.380074
720 0.000000 0.000081 100.000000 8.000000
720 0.000000 0.000072 200.000000 7.633588
730 0.000000 0.000185 100.000000 8.695652
730 0.000000 0.000159 200.000000 7.936508
740 0.000000 0.000244 100.000000 9.345795
740 0.000000 0.000066 200.000000 8.163265
750 0.000015 0.001535 100.000000 10.101010
750 0.000008 0.001256 200.000000 8.333333
760 0.000022 0.002083 100.000000 10.526316
760 0.000011 0.001632 200.000000 8.333333
770 0.000005 0.000367 100.000000 10.869565
770 0.000002 0.000197 200.000000 7.843137
780 0.000000 0.000461 100.000000 10.869565
780 0.000000 0.000059 200.000000 7.092198
790 0.000000 0.000327 100.000000 10.526316
800 0.000025 0.000172 100.000000 9.433962
810 0.000005 0.000174 100.000000 8.403361
820 0.000000 0.000336 100.000000 8.000000
830 0.000000 0.000385 100.000000 7.692307
840 0.000000 0.000565 100.000000 7.352941
850 0.000005 0.000337 100.000000 6.993007
860 0.000000 0.000156 100.000000 6.134969
870 0.000000 0.000151 100.000000 5.208333
880 0.000005 0.000063 100.000000 4.830918
