0.000000 -0.000000 0.000000 0.000000
-0.140643 2.574964 0.000000 0.000000
-0.281220 5.148987 0.000000 0.000000
-0.421837 7.724036 0.000000 0.000000
-0.562431 10.298960 0.000000 0.000000
-0.701879 12.869650 -0.020066 0.826064
-0.854664 15.479570 -0.096373 3.431734
-1.011589 18.173180 -0.174296 6.121658
-1.171840 20.913680 -0.254207 8.859755
-1.334841 23.709530 -0.335151 11.647970
-1.487044 26.544710 -0.404363 14.476860
-1.633363 29.422930 -0.466542 17.350601
-1.768976 32.357140 -0.516351 20.278959
-1.929780 35.330970 -0.589510 23.245797
-2.126953 38.471510 -0.697188 26.482271
-2.329940 41.561110 -0.809546 29.566691
-2.535885 44.597900 -0.926307 32.600669
-2.728914 47.592750 -1.031476 35.590630
-2.937935 50.537730 -1.153897 38.530862
-3.130185 53.464980 -1.260200 41.453967
-3.310922 56.350390 -1.356424 44.336597
-3.511313 59.225400 -1.472393 47.205557
-3.703384 62.006320 -1.582643 49.982742
-3.912602 64.697860 -1.712983 52.674411
-4.114442 67.264550 -1.843302 55.320823
-4.313021 69.714240 -1.970089 57.768344
-4.514875 72.037350 -2.103493 60.087527
-4.709494 74.175390 -2.235110 62.223057
-4.891889 76.138280 -2.359378 64.184619
-5.039038 77.925340 -2.453727 65.971761
-5.159772 79.592300 -2.525694 67.636354
-5.235209 81.135380 -2.556053 69.175793
-5.207469 82.555940 -2.484042 70.636251
-5.029560 83.885300 -2.266678 71.952951
-4.680938 85.118200 -1.882983 73.167516
-4.130089 86.200010 -1.305121 74.222386
-3.393066 87.095580 -0.547955 75.088978
-2.508137 87.820100 0.352799 75.786120
-1.511055 88.343490 1.394564 76.307481
-0.450022 88.747950 2.465162 76.674593
0.676345 89.023150 3.597188 76.915552
1.832910 89.277150 4.759645 77.133722
3.089762 89.418990 6.019008 77.238482
4.475771 89.556060 7.406637 77.335218
5.974572 89.621010 8.902871 77.357082
7.614093 89.671530 10.539407 77.360666
9.420230 89.707860 12.339426 77.345320
11.388370 89.721450 14.299045 77.302887
13.505010 89.738680 16.408469 77.259193
15.773680 89.805260 18.669802 77.260087
18.156510 89.929480 21.124198 77.318110
20.581930 90.082780 23.544898 77.401989
23.034320 90.227690 25.992741 77.477080
25.478370 90.365000 28.433396 77.545060
27.909920 90.499220 30.859364 77.610103
30.340320 90.588890 33.282547 77.630897
32.740690 90.598330 35.673012 77.572723
35.110390 90.529620 38.032516 77.437773
37.430830 90.386730 40.341597 77.230447
39.683630 90.176290 42.652382 76.948075
41.863240 89.910310 44.815712 76.620879
43.959460 89.634420 46.896781 76.286439
45.922800 89.378560 48.844593 75.976115
47.726310 89.193250 50.636893 75.740699
49.366470 89.121130 52.270469 75.622717
50.939410 89.191540 53.841921 75.648286
52.464070 89.450930 55.373196 75.863858
53.889450 89.945260 56.809203 76.314730
55.133190 90.660970 58.071835 76.991239
56.158450 91.620300 59.123226 77.916781
56.967930 92.764920 59.964457 79.031111
57.539920 94.061200 60.575443 80.306264
57.927200 95.446880 61.018874 81.723408
58.277310 96.884370 61.406846 83.138545
58.589460 98.403450 61.760637 84.638268
58.940360 100.002400 62.154658 86.215000
59.343230 101.692600 62.604095 87.882502
59.798800 103.499800 63.126441 89.727372
60.309140 105.392300 63.689710 91.597872
60.819120 107.363700 64.256091 93.551543
61.355080 109.477800 64.851840 95.644147
61.874140 111.669200 65.433112 97.814504
62.417580 113.964900 66.041935 100.088725
62.973720 116.373200 66.665874 102.471414
63.512460 118.836400 67.274491 104.910878
64.057360 121.342700 67.889623 107.392234
64.655860 123.876700 68.581736 109.981828
65.262090 126.422600 69.259544 112.502896
65.864770 128.941000 69.934048 114.995195
66.510510 131.382800 70.649166 117.412399
67.135460 133.867500 71.344029 119.870215
67.748220 136.262500 72.024446 122.240421
68.311480 138.668800 72.655746 124.622448
68.830800 141.066900 73.242707 126.997080
69.359830 143.451000 73.839395 129.358340
69.844620 145.829800 74.393043 131.717136
70.257380 148.240700 74.889307 134.182592
70.634070 150.615300 75.333309 136.537730
70.952630 153.048800 75.721076 138.954738
71.236680 155.482600 76.074102 141.371248
71.430750 157.958600 76.339399 143.833634
71.592060 160.420500 76.571604 146.281213
71.705560 162.889100 76.756596 148.739539
71.811250 165.386800 76.934119 151.224804
71.901490 167.846500 77.096049 153.673307
71.944200 170.358200 77.211658 156.173549
71.944230 172.867000 77.287204 158.753607
71.880770 175.411200 77.296217 161.289882
71.759300 177.947700 77.248880 163.818395
71.629380 180.489300 77.193226 166.354059
71.495820 183.069400 77.135163 168.927309
71.389860 185.611000 77.103644 171.464990
71.229200 188.181800 77.018445 174.030573
71.075770 190.694700 76.938972 176.539204
70.908190 193.208300 76.845295 179.049973
70.732240 195.676300 76.738262 181.593456
70.587330 197.902600 76.360623 193.770922
70.462020 200.022200 76.360623 193.770922
70.336670 202.141700 76.360623 193.770922
70.211280 204.261000 76.360623 193.770922
70.085900 206.379000 76.360623 193.770922
69.986060 208.445300 76.365235 194.332660
70.007780 210.375700 76.443000 196.256862
70.026080 212.295900 76.517146 198.167967
70.017620 214.252400 76.567454 200.185125
70.013230 216.217200 76.620118 202.143634
69.972110 218.270700 76.639140 204.192502
69.934360 220.317400 76.660705 206.233154
69.972850 222.305500 76.757089 208.211692
69.981630 224.353700 76.825577 210.252802
69.981870 226.399100 76.885672 212.290929
69.949190 228.454500 76.913002 214.340130
69.907170 230.454300 76.929660 216.334605
69.859830 232.418200 76.939920 218.350712
69.810200 234.247600 76.943920 220.177643
69.754960 235.896800 76.935768 221.823009
69.602960 237.437200 76.828035 223.364402
69.315000 238.920100 76.583125 224.853114
68.846420 240.276600 76.153806 226.222233
68.166090 241.479400 75.508791 227.442096
67.318270 242.492800 74.690936 228.477316
66.332240 243.344200 73.732056 229.349168
65.260110 243.991900 72.681370 230.021486
64.140300 244.474300 71.577977 230.530896
62.867510 244.772700 70.320532 230.863879
61.458940 244.926000 68.925437 231.059355
59.947420 244.952000 67.377370 231.139209
58.335370 244.902100 65.772206 231.132739
56.595980 244.824000 64.042067 231.103692
54.694040 244.743800 62.150499 231.077369
52.650420 244.604800 60.113590 230.997890
50.451970 244.390700 57.845407 230.841577
48.058070 244.235000 55.456324 230.754585
45.515050 244.100900 52.918165 230.692982
42.921790 243.969200 50.329175 230.635148
40.316590 243.840300 47.733130 230.580497
37.706940 243.722400 45.121620 230.536322
35.094890 243.629800 42.518390 230.517499
32.472950 243.489000 39.899637 230.450689
29.851950 243.348200 37.287259 230.384125
27.264200 243.258500 34.702950 230.367903
24.724050 243.174900 32.087271 230.355899
22.210390 243.091000 29.581427 230.344048
19.736330 242.979500 27.112884 230.303480
17.311070 242.850400 24.692415 230.244018
14.901790 242.682800 22.287466 230.145519
12.542000 242.455300 19.928772 229.986117
10.258080 242.218100 17.646392 229.814902
8.077281 241.997300 15.466731 229.657306
6.032146 241.805400 13.422190 229.524102
4.114420 241.647100 11.445634 229.418173
2.325909 241.523700 9.661202 229.346070
0.684853 241.422100 8.023608 229.292007
-0.804697 241.361800 6.539200 229.274533
-2.147061 241.322400 5.200528 229.273499
-3.335045 241.321100 4.016964 229.305988
-4.362696 241.347700 2.992589 229.361811
-5.195608 241.375100 2.161676 229.413064
-5.787975 241.411000 1.570095 229.466078
-6.148943 241.435700 1.208227 229.501349
-6.347609 241.453500 1.004921 229.525599
-6.441034 241.457400 0.913431 229.532124
-6.441440 241.456100 0.913260 229.530920
-6.439927 241.462600 0.915036 229.537414
-6.440440 241.482800 0.915022 229.557693
-6.480607 241.498100 0.875305 229.573879
-6.560264 241.507700 0.796509 229.585720
-6.742488 241.516100 0.616213 229.599155
-7.099251 241.541700 0.263346 229.634451
-7.627305 241.597900 -0.259182 229.704117
-8.293171 241.705000 -0.940938 229.837841
-9.050632 241.890800 -1.690773 230.046725
-9.863606 242.207700 -2.491121 230.386543
-10.727660 242.661600 -3.337338 230.859871
-11.566170 243.294100 -4.154090 231.508411
-12.317670 244.121800 -4.878467 232.342723
-12.969870 245.164100 -5.499494 233.391310
-13.469580 246.441200 -5.962580 234.677440
-13.828110 247.877300 -6.288089 236.196483
-14.057520 249.558000 -6.466111 237.877294
-14.176210 251.405900 -6.530273 239.725699
-14.264690 253.405000 -6.559948 241.728396
-14.328890 255.544200 -6.561615 243.866171
-14.399650 257.837600 -6.565547 246.156739
-14.471380 260.263200 -6.566759 248.578748
-14.561590 262.807800 -6.582844 251.116484
-14.652820 265.491700 -6.595837 253.794825
-14.739760 268.254400 -6.602310 256.549213
-14.858340 271.134800 -6.636522 259.421308
-14.973530 274.134700 -6.664456 262.413917
-15.069550 277.175700 -6.671796 265.446491
-15.175210 280.293600 -6.687073 268.658493
-15.297230 283.446400 -6.717145 271.804985
-15.436590 286.619600 -6.763707 274.973005
-15.585790 289.810900 -6.819632 278.160181
-15.736240 292.959600 -6.877970 281.300380
-15.885310 296.071900 -6.935904 284.405674
-16.046970 299.165600 -7.006797 287.494526
-16.219660 302.246300 -7.089279 290.569688
-16.389710 305.314100 -7.169715 293.630382
-16.559690 308.378300 -7.250101 296.689499
-16.709350 311.458900 -7.311300 299.863948
-16.839300 314.563300 -7.350694 302.962058
-16.972270 317.709200 -7.391796 306.099580
-17.118400 320.893100 -7.444856 309.279633
-17.281700 324.127200 -7.513385 312.508693
-17.454380 327.375400 -7.590793 315.747429
-17.614190 330.593900 -7.656387 318.960373
-17.775860 333.802500 -7.723935 322.163235
-17.959610 336.995200 -7.814096 325.352164
-18.128440 340.134300 -7.891152 328.487224
-18.295640 343.191900 -7.971024 331.638703
-18.453080 346.169000 -8.041688 334.610838
-18.632610 349.056200 -8.136772 337.494967
-18.817710 351.841100 -8.240135 340.273304
-18.986450 354.488400 -8.331269 342.915382
-19.124870 356.982400 -8.396599 345.405355
-19.220930 359.289500 -8.425024 347.708051
-19.310450 361.377700 -8.453445 349.794981
-19.390050 363.254000 -8.478160 351.669285
-19.458340 364.945900 -8.496698 353.361544
-19.552440 366.417400 -8.549443 354.881256
-19.716910 367.755600 -8.675955 356.222714
-19.992010 369.044200 -8.914269 357.520925
-20.413100 370.267200 -9.301223 358.758349
-20.994480 371.390500 -9.850668 359.898904
-21.767920 372.412000 -10.595254 360.942790
-22.740410 373.381300 -11.538679 361.934519
-23.931400 374.199500 -12.704192 362.780502
-25.311900 374.775400 -14.064079 363.386560
-26.849130 375.102700 -15.585863 363.749379
-28.541320 375.088500 -17.268178 363.781505
-30.331610 374.930400 -19.049149 363.680649
-32.178580 374.714400 -20.945545 363.516504
-34.124600 374.519300 -22.883361 363.378065
-36.192510 374.312000 -24.944196 363.231192
-38.360350 374.089000 -27.107832 363.070874
-40.674090 373.890900 -29.415994 362.939399
-43.125350 373.717400 -31.862037 362.835480
-45.733890 373.570600 -34.550032 362.761282
-48.422050 373.450300 -37.233003 362.717459
-51.153580 373.336900 -39.959728 362.681883
-53.919190 373.217300 -42.721424 362.641081
-56.668140 373.082400 -45.464516 362.584596
-59.399580 372.949600 -48.191487 362.529790
-62.128270 372.797100 -50.913958 362.455292
-64.827270 372.599800 -53.609579 362.335280
-67.509200 372.402100 -56.287663 362.214492
-70.186170 372.208700 -58.960116 362.097727
-72.845340 372.028400 -61.700470 361.990824
-75.495320 371.886100 -64.345012 361.924735
-78.116050 371.787300 -66.959345 361.900891
-80.717850 371.718500 -69.554918 361.906534
-83.311780 371.694800 -72.141764 361.956687
-85.842710 371.709900 -74.663392 362.043605
-88.215690 371.734100 -77.029295 362.135354
-90.402660 371.755300 -79.206885 362.218937
-92.376860 371.747200 -81.178822 362.267591
-94.181170 371.700000 -82.978766 362.272432
-95.954170 371.610100 -84.805305 362.232960
-97.692900 371.484000 -86.540584 362.156707
-99.428840 371.332400 -88.274974 362.054791
-101.212400 371.150100 -90.056913 361.924078
-103.049100 370.929900 -91.894002 361.757170
-104.963700 370.712900 -93.806874 361.595727
-106.999900 370.469800 -95.842188 361.411327
-109.147400 370.218500 -97.987014 361.221420
-111.413900 369.990500 -100.249996 361.057479
-113.850400 369.787500 -102.764319 360.919502
-116.381500 369.587900 -105.293464 360.792262
-119.079000 369.402000 -107.986974 360.683911
-121.870500 369.312400 -110.772816 360.674456
-124.798000 369.251000 -113.689894 360.696394
-127.749200 369.222000 -116.632619 360.751388
-130.738100 369.191300 -119.613254 360.806145
-133.724900 369.151000 -122.592849 360.850612
-136.693200 369.116700 -125.552158 360.901378
-139.640200 369.026200 -128.493687 360.895468
-142.545400 368.909400 -131.485339 360.861020
-145.452900 368.800400 -134.388718 360.835011
-148.326000 368.653700 -137.255416 360.769804
-151.184500 368.483700 -140.108934 360.681374
-154.029500 368.306700 -142.948571 360.585561
-156.834000 368.110800 -145.748974 360.469886
-159.601600 367.929800 -148.512992 360.368092
-162.352900 367.769700 -151.257026 360.286635
-165.025300 367.622800 -153.927222 360.215881
-167.587100 367.473600 -156.487377 360.139461
-169.989700 367.347100 -158.960926 360.079577
-172.229800 367.237400 -161.194519 360.033935
-174.255000 367.118500 -163.215541 359.972868
-176.113500 366.976300 -165.071183 359.883876
-177.851600 366.825100 -166.807604 359.782716
-179.482200 366.619100 -168.439983 359.623218
-181.041000 366.257200 -170.006380 359.305127
-182.506900 365.700900 -171.487501 358.789624
-183.830900 364.922700 -172.832637 358.048095
-184.967900 363.901900 -173.995662 357.057206
-185.900600 362.645300 -174.960570 355.823879
-186.575700 361.163300 -175.675554 354.360255
-186.999600 359.497900 -176.151870 352.717105
-187.152300 357.675600 -176.376238 350.878224
-187.206000 355.773500 -176.481461 348.985011
-187.197400 353.800900 -176.529644 347.025131
-187.078300 351.712900 -176.471821 344.944143
-186.904300 349.515700 -176.363056 342.754135
-186.700200 347.199500 -176.227461 340.443174
-186.441500 344.761700 -176.034720 337.928265
-186.138100 342.245600 -175.805762 335.411619
-185.836200 339.600700 -175.582179 332.767640
-185.558800 336.870000 -175.385287 330.038907
-185.300200 334.088400 -175.208513 327.259013
-185.053400 331.295700 -175.044041 324.469385
-184.825700 328.513100 -174.897952 321.686101
-184.626700 325.706700 -174.781467 318.883705
-184.418100 322.895600 -174.655321 316.075294
-184.219300 320.049800 -174.539052 313.231882
-184.077900 317.187100 -174.479670 310.283415
-183.933200 314.300800 -174.419320 307.401997
-183.761600 311.460200 -174.331517 304.565216
-183.601800 308.616200 -174.255114 301.726220
-183.458100 305.794900 -174.194052 298.913860
-183.343100 303.000200 -174.160591 296.121385
-183.261300 300.211900 -174.160207 293.341702
-183.178800 297.450000 -174.158386 290.584607
-183.090500 294.684900 -174.151937 287.826606
-182.927300 291.908300 -174.067838 284.966125
-182.766600 289.099200 -173.990160 282.162650
-182.613800 286.267300 -173.919600 279.336916
-182.441900 283.385600 -173.832367 276.461629
-182.300400 280.490600 -173.775762 273.574888
-182.149900 277.557000 -173.711442 270.643868
-182.001400 274.627800 -173.648858 267.719668
-181.823500 271.689000 -173.557292 264.781789
-181.638500 268.767800 -173.458317 261.865644
-181.424600 265.787800 -173.328233 258.797617
-181.219800 262.838200 -173.210671 255.855799
-181.009300 259.844900 -173.087387 252.867214
-180.770400 256.828000 -172.937074 249.853661
-180.561000 253.860400 -172.814964 246.890792
-180.372700 250.908200 -172.713013 243.941029
-180.191000 247.979500 -172.617192 241.018980
-180.025600 245.104800 -172.535717 238.146918
-179.890000 242.301100 -172.482186 235.346137
-179.765100 239.629200 -172.435728 232.677645
-179.603400 237.077700 -172.346884 230.048563
-179.486600 234.610600 -172.302447 227.586015
-179.426200 232.293500 -172.309831 225.275452
-179.384800 230.153000 -172.331032 223.140668
-179.372900 228.203000 -172.375912 221.196746
-179.353200 226.445600 -172.407469 219.443465
-179.284500 224.889700 -172.384259 217.889226
-179.159500 223.520400 -172.299189 216.518347
-178.892900 222.222300 -172.069653 215.211529
-178.440800 221.019500 -171.653191 213.993681
-177.799300 219.912400 -171.044642 212.868009
-176.993100 218.868700 -170.270179 211.799010
-175.953700 217.908600 -169.261046 210.805217
-174.646400 217.098800 -167.983404 209.956302
-173.037500 216.423500 -166.372964 209.246500
-171.242400 215.987700 -164.589821 208.757071
-169.251700 215.748100 -162.608238 208.455862
-167.160900 215.651300 -160.532716 208.298048
-164.983800 215.579200 -158.371717 208.164210
-162.753200 215.542200 -156.156346 208.063822
-160.419600 215.517400 -153.835912 207.972636
-157.986900 215.494400 -151.335516 207.877938
-155.493900 215.476600 -148.850818 207.789595
-152.924600 215.528800 -146.287939 207.768335
-150.250300 215.556200 -143.621403 207.719511
-147.567100 215.656900 -140.944752 207.743141
-144.855900 215.751900 -138.240004 207.760582
-142.145800 215.896800 -135.534289 207.827728
-139.455100 216.087400 -132.848727 207.940413
-136.768400 216.330800 -130.163863 208.106186
-134.103700 216.562300 -127.418924 208.266533
-131.505400 216.803000 -124.824961 208.431763
-128.992800 217.018200 -122.312516 208.573947
-126.584900 217.191000 -119.910162 208.678126
-124.357100 217.330100 -117.687571 208.753710
-122.326100 217.418900 -115.661296 208.785118
-120.463500 217.466200 -113.802681 208.780019
-118.653600 217.497200 -111.998024 208.760196
-116.849600 217.495900 -110.199815 208.708094
-115.067800 217.514000 -108.422861 208.674625
-113.324000 217.535300 -106.628391 208.646500
-111.616000 217.623100 -104.923046 208.688507
-109.927700 217.875300 -103.231924 208.894528
-108.290900 218.301300 -101.588173 209.275292
-106.749500 218.945400 -100.032848 209.875738
-105.349200 219.793800 -98.611297 210.682812
-104.115500 220.834900 -97.350207 211.683978
-103.036000 222.051200 -96.237626 212.862364
-102.179100 223.400100 -95.342270 214.179544
-101.543200 224.848700 -94.663976 215.602404
-101.115700 226.383800 -94.192555 217.120979
-100.830600 227.968600 -93.853966 218.743281
-100.531100 229.501100 -93.511987 220.256457
-100.252100 231.017900 -93.190488 221.755656
-99.883990 232.463500 -92.782764 223.178665
-99.425550 233.824100 -92.287587 224.511351
-98.775880 234.872900 -91.599822 225.587751
-98.086100 235.806300 -90.884677 226.486491
-97.174270 236.468700 -89.956248 227.111604
-96.254150 236.931100 -89.025486 227.543353
-95.283150 237.358800 -88.044982 227.941964
-94.185080 237.674800 -86.941941 228.227641
-92.955310 237.898800 -85.710693 228.418844
-91.596850 238.102700 -84.350706 228.584371
-90.074690 238.248300 -82.830327 228.687568
-88.387450 238.391700 -81.085677 228.785715
-86.486290 238.540100 -79.183592 228.878231
-84.443490 238.650800 -77.143650 228.930297
-82.253860 238.746800 -74.956219 228.963553
-79.940140 238.872300 -72.646710 229.021249
-77.539590 239.011100 -70.252243 229.090318
-75.087440 239.150700 -67.804078 229.158823
-72.574930 239.313900 -65.295435 229.249494
-69.991910 239.446400 -62.719338 229.308179
-67.351620 239.548800 -60.084253 229.335046
-64.666360 239.657700 -57.405905 229.367741
-61.998030 239.808800 -54.656801 229.445439
-59.311750 239.952600 -51.974832 229.514217
-56.701950 240.109100 -49.372624 229.596127
-54.151130 240.267600 -46.825739 229.682051
-51.625940 240.427100 -44.303787 229.769588
-49.127390 240.564300 -41.808156 229.836035
-46.665870 240.712700 -39.349078 229.914287
-44.240570 240.886300 -36.926938 230.018586
-41.878960 241.088900 -34.566087 230.152818
-39.649020 241.312800 -32.266577 230.316962
-37.552430 241.539400 -30.172021 230.482524
-35.488740 241.743100 -28.108662 230.626572
-33.456700 241.939000 -26.079136 230.762822
-31.533090 242.124800 -24.157918 230.892514
-29.764560 242.287900 -22.391390 231.004418
-28.172420 242.408100 -20.800009 231.079168
-26.747170 242.468900 -19.377236 231.099207
-25.460260 242.473300 -18.094102 231.066818
-24.318710 242.437400 -16.956281 230.998956
-23.324200 242.322300 -15.937683 230.853458
-22.483780 242.186900 -15.106846 230.695396
-21.843230 242.069500 -14.473619 230.560239
-21.357270 241.937100 -13.992999 230.414104
-20.874950 241.791000 -13.516912 230.254921
-20.410090 241.641000 -13.057993 230.091711
-19.938580 241.453200 -12.594198 229.890302
-19.330890 241.150500 -11.998805 229.570053
-18.603550 240.674100 -11.288870 229.073570
-17.817550 240.000300 -10.502043 228.380911
-17.047940 239.130000 -9.761892 227.488759
-16.371440 238.041100 -9.120222 226.380064
-15.819140 236.731500 -8.608528 225.053985
-15.431720 235.164300 -8.267601 223.477626
-15.160930 233.366900 -8.049293 221.675207
-14.985430 231.359800 -7.932333 219.665537
-14.879450 229.166100 -7.890132 217.472097
-14.834570 226.783800 -7.914702 215.092641
-14.805910 224.227300 -7.960620 212.540483
-14.776150 221.503700 -8.010525 209.822825
-14.726190 218.625200 -8.044686 206.951908
-14.646810 215.602400 -8.054389 203.936670
-14.509690 212.459600 -8.007646 200.697936
-14.353480 209.201300 -7.946608 197.445171
-14.179740 205.869600 -7.869713 194.117260
-13.962380 202.478800 -7.751472 190.732114
-13.739120 199.045100 -7.628667 187.302865
-13.514930 195.572200 -7.505984 183.831848
-13.275440 192.054900 -7.369543 180.322663
-13.052000 188.499600 -7.249893 176.772661
-12.854570 184.884700 -7.158097 173.163865
-12.675140 181.220200 -7.085683 169.508045
-12.508030 177.502000 -7.027363 165.795327
-12.341190 173.718700 -6.969182 161.899586
-12.175010 169.898000 -6.914885 158.086631
-12.018250 166.028100 -6.870992 154.223758
-11.841350 162.134100 -6.807763 150.335432
-11.655180 158.220500 -6.735771 146.427065
-11.466580 154.287300 -6.661862 142.499107
-11.281310 150.320000 -6.592257 138.536971
-11.057620 146.379100 -6.484198 134.599827
-10.815240 142.443600 -6.357328 130.668953
-10.570550 138.517900 -6.227666 126.747723
-10.333980 134.639100 -6.104326 122.872794
-10.123240 130.785800 -6.003143 118.902928
-9.914350 127.027500 -5.903657 115.150801
-9.696148 123.395700 -5.791283 111.529729
-9.493383 119.914400 -5.689893 108.055263
-9.310280 116.607700 -5.603172 104.753766
-9.151332 113.442300 -5.536535 101.598339
-9.017561 110.482000 -5.489112 98.643895
-8.888960 107.744800 -5.440179 95.910943
-8.774269 105.222900 -5.398710 93.392644
-8.679794 102.918000 -5.371957 91.087457
-8.504861 100.812800 -5.261033 88.978063
-8.163715 98.919720 -4.965275 87.022769
-7.618518 97.243660 -4.466369 85.336531
-6.858427 95.725240 -3.749122 83.803078
-5.899838 94.392380 -2.829659 82.447847
-4.759829 93.253900 -1.727028 81.282341
-3.450087 92.348760 -0.445522 80.341103
-1.973871 91.691730 1.008532 79.642517
-0.436803 91.261860 2.527198 79.168826
1.138073 91.026340 4.087880 78.888885
2.751248 90.881970 5.688003 78.699540
4.431705 90.766140 7.408095 78.532405
6.211745 90.683570 9.175788 78.399579
8.081090 90.578530 11.033430 78.241839
10.076580 90.469280 13.017621 78.076393
12.205890 90.365360 15.136995 77.912082
14.489810 90.290310 17.409193 77.771636
16.910510 90.321490 19.820633 77.732391
19.453620 90.459650 22.359245 77.796543
22.045730 90.671110 25.032299 77.938386
24.644280 90.895340 27.626026 78.087764
27.207850 91.064010 30.183223 78.182657
29.764780 91.130150 32.733622 78.175395
32.287690 91.085550 35.245954 78.058938
34.803420 90.937800 37.749231 77.840224
37.325120 90.728940 40.257197 77.560488
39.896170 90.508470 42.814600 77.267599
42.547960 90.289960 45.451409 76.974366
45.244630 90.097810 48.133967 76.706426
47.943020 89.903610 50.902384 76.427824
50.617990 89.629730 53.558063 76.077867
53.252150 89.185630 56.169985 75.559075
55.814150 88.557720 58.702167 74.860318
58.313300 87.791630 61.170987 74.025218
60.805470 86.920740 63.630933 73.085423
63.322020 85.994100 66.114621 72.088478
65.833720 85.055040 68.592890 71.079690
68.406220 84.080780 71.129393 70.035314
70.998610 83.045350 73.681243 68.930735
73.578520 81.879280 76.218635 67.697021
76.170160 80.586970 78.847203 66.291483
78.819830 79.219290 81.451518 64.851135
81.480420 77.842690 84.064197 63.403076
84.108690 76.469870 86.644767 61.959677
86.695220 75.055290 89.180015 60.476905
89.188920 73.556030 91.620361 58.912598
91.573040 71.968490 93.951001 57.262600
93.850380 70.285940 96.173322 55.520918
96.020560 68.521450 98.285182 53.701903
98.103890 66.740880 100.311646 51.866722
100.107700 65.034010 102.263070 50.104857
101.996900 63.459780 104.160386 48.429831
103.764900 62.070330 105.880420 46.996749
105.408600 60.801050 107.480901 45.685356
107.003200 59.530310 109.032514 44.373973
108.589500 58.247390 110.577100 43.049254
110.134700 56.970520 112.078340 41.733515
111.717500 55.637520 113.616813 40.359979
113.353400 54.247110 115.206545 38.927453
115.077800 52.831180 116.883451 37.465960
116.904200 51.439420 118.663141 36.024448
118.836800 50.054850 120.607969 34.544380
120.853600 48.602090 122.576842 33.037182
122.938000 47.083700 124.609100 31.464652
125.092700 45.485300 126.711423 29.808890
127.330000 43.820780 128.892735 28.085961
129.637600 42.087830 131.141534 26.293135
131.967100 40.344760 133.413119 24.488171
134.297900 38.609850 135.688324 22.689857
136.621900 36.849050 137.953429 20.867834
138.949900 35.131110 140.223218 19.088339
141.293500 33.464730 142.582365 17.305461
143.603900 31.795640 144.835691 15.575493
145.871800 30.121580 147.048308 13.840950
148.133300 28.418200 149.250907 12.080227
150.347600 26.750990 151.408554 10.355792
152.506100 25.137140 153.513926 8.684905
154.521200 23.603510 155.477082 7.099571
156.409800 22.104300 157.315737 5.552137
158.102600 20.729550 158.964229 4.133396
159.605700 19.470090 160.428081 2.833763
161.034400 18.328640 161.817764 1.651226
162.527500 17.369930 163.276830 0.645999
164.102000 16.690040 164.894589 -0.098881
165.725700 16.231240 166.502995 -0.599565
167.465400 15.980230 168.226410 -0.896699
169.275300 15.912810 170.024677 -1.014396
171.157200 15.957740 171.896613 -1.023343
173.098700 15.972680 173.826950 -1.063611
175.120500 15.945180 175.838214 -1.148309
177.167200 15.872150 177.870975 -1.278237
179.305300 15.756280 180.067936 -1.460240
181.477000 15.604010 182.229287 -1.674734
183.703700 15.412020 184.442030 -1.928499
185.980700 15.238130 186.706119 -2.166810
188.280500 15.072990 188.992456 -2.396875
190.577500 14.896800 191.276795 -2.638115
192.894300 14.714610 193.579341 -2.885769
195.244200 14.510220 195.912778 -3.156234
197.633500 14.283820 198.285855 -3.449352
200.090000 14.030130 200.724619 -3.771986
202.592100 13.785300 203.289548 -4.096900
205.104900 13.534110 205.789504 -4.418948
207.640700 13.310070 208.310235 -4.714313
210.148900 13.111090 210.802329 -4.983439
212.697300 12.915740 213.339517 -5.250627
215.224700 12.737830 215.851993 -5.499693
217.808000 12.513180 218.420549 -5.797169
220.389500 12.282700 220.984680 -6.100226
223.037500 12.068550 223.617040 -6.389234
225.699900 11.872960 226.265866 -6.659757
228.380800 11.657570 229.016846 -6.960301
231.063800 11.400770 231.683400 -7.292575
233.768800 11.157120 234.371702 -7.611889
236.452700 10.908570 237.035412 -7.935781
239.115400 10.628320 239.680671 -8.290527
241.756200 10.390980 242.304015 -8.601548
244.376200 10.177670 244.907850 -8.887802
246.942400 9.977031 247.456810 -9.160017
249.503100 9.796410 250.083670 -9.420636
251.962400 9.616742 252.528483 -9.668986
254.329800 9.452561 254.882826 -9.899523
256.557200 9.297183 257.095274 -10.117262
258.681500 9.140396 259.206937 -10.333684
260.487900 8.870715 268.719162 -12.307091
262.171000 8.558198 268.719162 -12.307091
263.852900 8.246051 268.719162 -12.307091
265.533700 7.934305 268.719162 -12.307091
267.212200 7.623220 268.719162 -12.307091
268.719700 7.309828 269.172364 -12.444677
269.768600 7.040605 270.243192 -12.751740
270.654800 6.869143 271.121973 -12.946727
271.433400 6.780906 271.897489 -13.055311
272.188300 6.798910 272.653435 -13.057557
272.939800 6.915555 273.407358 -12.961299
273.674100 7.139266 274.146980 -12.758191
274.435500 7.486302 274.912886 -12.433360
275.206100 8.021776 275.700209 -11.919200
275.841400 9.123003 278.935146 -5.239300
276.399700 10.403880 278.935146 -5.239300
276.938800 11.672800 278.935146 -5.239300
277.461700 12.927990 278.935146 -5.239300
277.969300 14.165350 278.935146 -5.239300
278.402000 15.600760 279.117420 -4.413457
278.675500 17.540870 279.443157 -2.488922
278.887100 19.689590 279.715571 -0.355398
279.050300 22.004090 279.945310 1.944456
279.153100 24.513040 280.120310 4.439478
279.310000 27.147550 280.352932 7.058647
279.492000 29.910160 280.614337 9.806205
279.682000 32.722430 280.894379 12.694214
279.891600 35.618700 281.188303 15.576755
280.117300 38.587970 281.499576 18.530915
280.340800 41.563150 281.808818 21.490365
280.553900 44.602790 282.109865 24.515559
280.757500 47.669170 282.401934 27.566207
280.966700 50.717990 282.698851 30.598592
281.189800 53.763250 283.009711 33.627641
281.387500 56.840290 283.296443 36.691083
281.609200 59.915920 283.606502 39.749219
281.892800 62.993940 283.977204 42.810850
282.168100 66.061440 284.353447 45.959770
282.386200 69.137860 284.660205 49.022020
282.581400 72.205720 284.943485 52.075000
282.741100 75.260420 285.191616 55.113782
282.945600 78.300480 285.484109 58.137980
283.185400 81.322840 285.811192 61.144931
283.441700 84.363870 286.154863 64.166775
283.683800 87.353300 286.483133 67.139590
283.940100 90.352150 286.825624 70.121921
284.231300 93.355260 287.202838 73.107094
284.541900 96.345100 287.613388 76.174398
284.938000 99.320580 288.095257 79.128014
285.395000 102.259500 288.636340 82.043909
285.844100 105.163200 289.168667 84.927051
286.321900 108.053700 289.728878 87.792910
286.793800 110.912200 290.282577 90.629838
287.216900 113.736500 290.786573 93.433204
287.630900 116.518500 291.279395 96.193556
288.058700 119.219300 291.785733 98.876956
288.448800 121.780900 292.248976 101.418840
288.846400 124.280600 292.733450 103.977644
289.285300 126.630100 293.239727 106.305298
289.743500 128.835400 293.760156 108.487491
290.213000 130.821100 294.285712 110.452561
290.683600 132.626000 294.807520 112.239288
291.166200 134.262000 295.336199 113.856363
291.580800 135.832500 295.795100 115.411205
291.961700 137.426400 296.221456 116.989967
292.194000 139.020100 296.498535 118.574714
292.237900 140.604400 296.586244 120.154247
291.762300 142.158200 290.951733 128.773936
290.662500 143.578100 290.951733 128.773936
289.562400 144.964600 290.951733 128.773936
288.468100 146.318100 290.951733 128.773936
287.386000 147.641500 290.951733 128.773936
286.399400 148.976200 290.951733 128.773936
284.571900 149.919400 289.186925 129.716673
282.598600 150.835500 287.253721 130.682479
280.553400 151.805400 285.251733 131.704291
278.418500 152.847000 283.161337 132.800554
276.187000 153.972900 280.903645 134.024382
273.848800 155.201700 278.608916 135.317479
271.423500 156.516000 276.227752 136.699164
268.909500 157.880900 273.762274 138.132071
266.393100 159.278800 271.296153 139.596941
263.831700 160.712200 268.787031 141.099068
261.343100 162.229400 266.352195 142.681250
258.927700 163.839100 263.990690 144.354045
256.567900 165.515700 261.686890 146.091699
254.220600 167.219800 259.395099 147.858426
251.812400 168.915300 257.040709 149.619124
249.342900 170.564800 254.549781 151.387601
246.829700 172.171100 252.090953 153.058506
244.268800 173.728400 249.583590 154.681584
241.687800 175.211100 247.053797 156.231745
239.066600 176.646400 244.483943 157.736044
236.435100 178.027700 241.901429 159.187357
233.828600 179.391700 239.344676 160.619590
231.251200 180.752600 236.815799 162.049420
228.707700 182.113100 234.320659 163.477894
226.214900 183.484500 231.875491 164.916102
223.769900 184.811700 229.399758 166.353739
221.367300 186.107100 227.044495 167.712587
219.059200 187.344000 224.780150 169.011010
216.843700 188.521200 222.608507 170.246150
214.730300 189.612200 220.533988 171.394076
212.761600 190.600600 218.601320 172.435321
210.934100 191.518800 216.805240 173.403301
209.293500 192.364900 215.193813 174.294219
207.831400 193.113300 213.757277 175.081667
206.576700 193.798300 212.488444 175.823354
205.539900 194.395600 211.476119 176.446328
204.729700 194.901600 210.686154 176.972240
204.122300 195.321500 210.093319 177.408148
203.546300 195.745200 209.531710 177.846930
203.042900 196.282400 209.045511 178.396572
202.515700 196.788100 208.534768 178.915747
201.945400 197.325500 207.982911 179.466345
201.195300 198.000000 207.257383 180.158900
200.227400 198.808500 206.317288 180.991833
199.076800 199.760000 205.200388 181.971604
197.730700 200.791700 203.846165 183.074741
196.253000 201.872000 202.402945 184.194056
194.623700 202.967100 200.805926 185.332457
192.619800 204.117900 190.233519 191.814090
190.615300 205.269000 190.233519 191.814090
188.611600 206.419500 190.233519 191.814090
186.608000 207.569800 190.233519 191.814090
184.604500 208.720100 190.233519 191.814090
182.452000 209.923800 188.886002 192.607520
180.162600 211.202300 186.568852 193.990035
177.855000 212.473600 184.306597 195.322349
175.554100 213.761200 182.049923 196.671715
173.260900 215.031900 179.801839 198.002999
171.006800 216.296100 177.592147 199.327135
168.770100 217.549300 175.399004 200.640255
166.635700 218.725900 173.306753 201.873603
164.640400 219.823800 171.348326 203.026116
162.800000 220.792300 169.541632 204.044735
161.109900 221.618400 167.879370 204.917599
159.510500 222.334400 166.302562 205.677181
157.845500 222.860900 164.610988 206.278107
156.181300 223.202900 162.960093 206.663808
154.511100 223.364000 161.297281 206.868930
152.786900 223.350100 159.577289 206.899899
150.969000 223.245000 157.763881 206.845427
149.048400 223.060600 155.849795 206.715877
146.999200 222.886700 153.803639 206.600295
144.811400 222.709100 151.620764 206.485221
142.452400 222.507300 149.269111 206.351161
139.985700 222.307100 146.723629 206.218163
137.342300 222.162600 144.083958 206.149205
134.568800 222.029900 141.314121 206.095670
131.695500 221.932100 138.447697 206.079600
128.711000 221.803000 135.470165 206.035988
125.647300 221.650100 132.411118 205.970486
122.615400 221.500000 129.383024 205.907264
119.543800 221.309500 126.317097 205.805319
116.511500 221.102100 123.290190 205.684804
113.516800 220.903600 120.301489 205.572343
110.545200 220.708000 117.239250 205.458412
107.636200 220.532300 114.333236 205.366423
104.717200 220.373700 111.421882 205.291998
101.840600 220.218600 108.551338 205.219462
98.994700 220.067300 105.708797 205.149751
96.181550 219.895100 102.900930 205.058377
93.438620 219.686500 100.159555 204.928377
90.855460 219.500600 97.579338 204.817001
88.388610 219.326300 95.115014 204.713842
86.123680 219.157800 92.849294 204.609620
84.049970 219.045300 90.714457 204.555880
82.152880 219.016300 88.827295 204.582827
80.388010 219.115100 87.073137 204.732076
78.664760 219.366200 85.365691 205.029573
77.016290 219.796000 83.735221 205.500104
75.461480 220.446100 82.204073 206.180487
74.069090 221.411200 80.840848 207.168218
72.862850 222.604000 79.650065 208.466527
71.841850 224.015300 78.674092 209.900739
71.023420 225.699900 77.907244 211.602043
70.421670 227.540000 77.360792 213.452487
70.034550 229.518400 77.032105 215.433304
69.813760 231.610700 76.872562 217.528562
69.670080 233.800300 76.792785 219.720322
69.603690 236.022800 76.791187 221.945451
69.545910 238.342600 76.801160 224.264186
69.499400 240.719700 76.824312 226.637870
69.469400 243.192800 76.866902 229.105033
69.384530 245.776400 76.858439 231.684037
69.232580 248.432800 76.784209 234.335051
69.094640 251.146000 76.725723 237.041857
68.950990 253.982700 76.663304 239.964894
68.811860 256.917100 76.609844 242.895479
68.650580 259.920100 76.536353 245.900213
68.462200 263.082100 76.441034 249.055212
68.288560 266.252800 76.360208 252.221843
68.096650 269.464100 76.262464 255.429940
67.903830 272.683000 76.163880 258.643812
67.721470 275.872400 76.074976 261.828428
67.525460 279.043300 75.972318 264.993905
67.317450 282.219100 75.857378 268.167554
67.111650 285.343500 75.743172 271.289519
66.901350 288.508400 75.621794 274.550237
66.688140 291.652400 75.500424 277.688236
66.478800 294.782200 75.382438 280.814157
66.289190 297.878200 75.283327 283.904336
66.078070 300.944500 75.161878 286.965834
65.826270 304.008500 74.999827 290.025603
65.573590 307.018200 74.835299 293.033283
65.274710 310.032300 74.625089 296.048686
64.924470 313.030600 74.363955 299.045174
64.540610 315.995300 74.068251 302.011561
64.089990 318.947600 73.694246 305.061232
63.671720 321.903700 73.363781 308.018937
63.304260 324.895900 73.085165 311.010384
62.967580 327.898100 72.836854 314.013610
62.699080 330.909200 72.656892 317.022577
62.553590 333.929000 72.599629 320.038305
62.402330 336.963400 72.536912 323.065704
62.266570 340.021300 72.490529 326.117378
62.116500 343.035800 72.428593 329.125175
61.993500 346.032900 72.392855 332.116349
61.866370 348.989100 72.350772 335.161701
61.760870 351.857800 72.329244 338.020502
61.679290 354.611700 72.327741 340.766934
61.586300 357.261400 72.312209 343.409454
61.550600 359.776900 72.349910 345.917182
61.577240 362.145700 72.445370 348.277809
61.603020 364.290800 72.533341 350.416759
61.628690 366.323100 72.618232 352.441314
61.649880 368.352400 72.698341 354.464581
61.624730 370.355800 72.732846 356.460639
61.511180 372.339500 72.675103 358.510365
61.271590 374.388200 72.494793 360.559698
60.966710 376.528400 72.252457 362.700181
60.637150 378.796200 71.990000 364.969486
60.324540 381.208000 71.749115 367.379555
60.065570 383.741300 71.564502 369.909127
59.884830 386.413700 71.461603 372.578657
59.789830 389.195600 71.447428 375.352504
59.765420 392.106700 71.507654 378.256384
59.766400 395.121300 71.596767 381.261553
59.728620 398.268800 71.652956 384.503669
59.673270 401.492900 71.691153 387.719533
59.575390 404.694600 71.686511 390.912053
59.425140 407.916600 71.630614 394.127817
59.267000 411.104300 71.565681 397.311019
59.084670 414.257800 71.475932 400.456403
58.913680 417.417100 71.397410 403.611005
58.748810 420.528100 71.323666 406.716255
58.574140 423.604200 71.238624 409.788460
58.437200 426.635400 71.190635 412.815184
58.286850 429.523300 71.122820 415.792211
58.117570 432.280500 71.034326 418.544169
57.924100 434.902000 70.917077 421.164920
57.663190 437.382700 70.729346 423.640752
57.368250 439.710400 70.502748 425.971904
57.036690 441.889000 70.235782 428.153641
56.656850 443.874800 69.915281 430.143976
56.323860 445.645400 69.633967 431.915482
56.148660 447.270100 69.502331 433.524454
56.616130 448.530800 73.143197 439.530282
57.333540 449.649800 73.143197 439.530282
58.025620 450.723300 73.143197 439.530282
58.683230 451.752100 73.143197 439.530282
59.300760 452.745900 73.143197 439.530282
60.051910 453.493100 73.611696 439.718684
61.232100 453.863600 74.796708 440.033815
62.575150 454.072200 76.142167 440.190885
64.075560 454.193600 77.645168 440.261683
65.729870 454.237800 79.303475 440.256576
67.536180 454.320400 81.112940 440.287506
69.481920 454.413600 83.059884 440.324988
71.568440 454.517900 85.145240 440.369474
73.783230 454.637300 87.357664 440.425771
76.158670 454.789800 89.728623 440.510306
78.646770 454.943100 92.212110 440.592262
81.225870 455.115600 94.787070 440.690707
83.916780 455.302300 97.471063 440.800350
86.702020 455.456700 100.251390 440.876121
89.526350 455.578300 103.162011 440.918930
92.412350 455.733700 106.043604 440.991681
95.328570 455.895400 108.953646 441.069867
98.249890 456.054300 111.868858 441.145472
101.184100 456.224200 114.797378 441.231318
104.093100 456.393100 117.701758 441.316783
106.998900 456.525600 120.602129 441.366269
109.897200 456.654500 123.495616 441.412181
112.749700 456.816600 126.343117 441.493162
115.610200 456.965500 129.198888 441.560645
118.400100 457.099300 132.072050 441.617004
121.145900 457.258900 134.813379 441.699100
123.876500 457.448100 137.539868 441.810929
126.583800 457.666500 140.244956 441.952498
129.241600 457.972700 142.903847 442.182648
131.877300 458.360200 145.541782 442.493985
134.472300 458.810900 148.140580 442.869183
137.047800 459.328100 150.720507 443.310463
139.578900 459.909300 153.260778 443.816448
142.082300 460.548100 155.775121 444.380517
144.536100 461.240400 158.319956 445.023933
146.935100 462.035700 160.732673 445.748574
149.323900 462.890800 163.137688 446.533434
151.645200 463.789700 165.476010 447.362911
153.953700 464.746000 167.804990 448.250687
156.216300 465.719100 170.087484 449.155953
158.442000 466.755000 172.337994 450.126276
160.610800 467.844100 174.532828 451.150948
162.721500 468.976400 176.668894 452.219186
164.765200 470.136200 178.740046 453.316998
166.772400 471.335900 180.840237 454.494362
168.632200 472.526000 182.726548 455.627734
170.346500 473.697400 184.468895 456.747101
171.909300 474.797000 186.055959 457.797219
173.302800 475.783300 187.472249 458.740286
174.556500 476.625400 188.744205 459.542805
175.656700 477.273900 189.859179 460.157326
176.667400 477.791400 190.879531 460.641566
177.693700 478.199200 191.954601 461.048197
178.769200 478.445200 193.031514 461.258981
179.820200 478.560500 194.080608 461.341306
180.911200 478.531600 195.164220 461.275464
182.068600 478.323700 196.308260 461.028893
183.262200 477.935100 197.480987 460.598614
184.488300 477.285200 198.679625 459.908865
185.759400 476.306800 199.920030 458.905001
187.077400 475.006900 201.203935 457.582492
188.478700 473.464500 202.560137 456.007004
189.953700 471.703500 203.982152 454.209272
191.518900 469.725200 205.488143 452.188903
193.208300 467.608400 207.110677 450.029172
195.017400 465.320900 208.848138 447.696398
196.863700 462.933100 210.676435 445.183649
198.729100 460.522700 212.466889 442.726235
200.614200 458.121400 214.278114 440.276002
202.510500 455.730200 216.097121 437.840242
204.411000 453.358300 217.923261 435.420509
206.321800 451.001000 219.757966 433.017965
208.222000 448.665100 221.583494 430.635931
210.114400 446.337900 223.402050 428.262497
211.976500 444.014500 225.190900 425.893115
213.836200 441.706600 226.976962 423.540165
215.683700 439.420500 228.808629 421.134430
217.555600 437.143300 230.609126 418.809580
219.471300 434.824100 232.452021 416.441447
221.450500 432.447100 234.354458 414.017150
223.466700 430.017100 236.293229 411.537229
225.486700 427.604100 247.199928 397.708776
227.506500 425.191500 247.199928 397.708776
229.526100 422.779100 247.199928 397.708776
231.545400 420.367100 247.199928 397.708776
233.564400 417.955300 247.199928 397.708776
235.559300 415.588300 247.987650 396.732510
237.436800 413.389000 249.793569 394.488475
238.780200 411.507400 255.899954 384.549593
239.937800 409.690800 255.899954 384.549593
241.095100 407.877000 255.899954 384.549593
242.251200 406.068000 255.899954 384.549593
243.408000 404.262500 255.899954 384.549593
244.011000 402.484000 256.060209 383.447539
244.001400 400.839200 255.984320 381.794767
243.616800 399.284000 255.542636 380.241739
242.890100 397.828700 254.768481 378.801068
241.873600 396.462000 253.713790 377.463558
240.631500 395.201500 252.438933 376.241104
239.221600 394.033800 250.996388 375.112875
237.618600 392.957600 249.367431 374.082597
235.793400 391.994800 247.521556 373.172384
233.764600 391.138800 245.475986 372.374179
231.526900 390.407500 243.155862 371.697107
229.101900 389.773400 240.714069 371.131715
226.502900 389.204300 238.104614 370.638144
223.725900 388.759000 235.319890 370.271989
220.797800 388.372500 232.385714 369.968885
217.710700 387.983400 229.293281 369.668470
214.530600 387.607200 226.110141 369.383910
211.281800 387.245500 222.862356 369.115994
207.989900 386.906600 219.570207 368.871859
204.658000 386.595500 216.240520 368.656936
201.286800 386.304300 212.872911 368.463016
197.918900 386.031200 209.509902 368.286820
194.555800 385.786300 206.041332 368.134101
191.207200 385.554600 202.698394 367.998810
187.886200 385.358400 199.381559 367.897976
184.599200 385.187900 196.100427 367.821392
181.348200 385.028900 192.855965 367.755451
178.125300 384.880300 189.640695 367.699075
174.940200 384.732200 186.460333 367.642104
171.787000 384.605200 183.313334 367.605280
168.667500 384.479200 180.197842 367.568076
165.610000 384.375800 177.148813 367.551505
162.651900 384.300900 174.194587 367.560534
159.841600 384.253100 171.305092 367.594201
157.212800 384.244100 168.686689 367.660244
154.757500 384.238100 166.238908 367.723810
152.465500 384.177300 163.952326 367.728333
150.349500 384.033300 161.837247 367.644486
148.462800 383.774700 159.946271 367.440424
146.861800 383.342900 158.333574 367.055421
145.493000 382.652100 156.945821 366.404784
144.342900 381.710300 155.769140 365.495100
143.476000 380.548800 154.868430 364.356014
142.885900 379.215000 154.238378 363.036020
142.512900 377.743300 153.821761 361.577917
142.317800 376.136600 153.581206 359.989922
142.188100 374.395800 153.399746 358.215643
142.147200 372.567400 153.305724 356.396122
142.122900 370.607400 153.224351 354.445790
142.117600 368.494900 153.157639 352.342301
142.130800 366.233800 153.104613 350.089108
142.204400 363.814600 153.107352 347.674826
142.299400 361.231000 153.126851 345.100072
142.415300 358.474700 153.161444 342.351845
142.582500 355.558100 153.245768 339.346654
142.739700 352.539000 153.314095 336.332356
142.891900 349.439100 153.375946 333.237926
143.064500 346.281300 153.456080 330.085750
143.227100 343.091000 153.525547 326.900142
143.425200 339.887400 153.630058 323.701374
143.616200 336.700500 153.727932 320.520203
143.795900 333.502200 153.813884 317.327163
144.005700 330.337500 153.930563 314.167568
144.230000 327.130600 154.061377 310.963555
144.419100 323.896200 154.158385 307.628802
144.587400 320.591100 154.229702 304.329406
144.754600 317.239000 154.298769 300.983260
144.941900 313.833000 154.386745 297.577203
145.157300 310.363000 154.500335 294.114606
145.368500 306.861100 154.608678 290.616668
145.569800 303.322100 154.706144 287.082013
145.779600 299.781500 154.812205 283.543967
145.995800 296.224300 154.924015 279.989733
146.232800 292.723700 155.058483 276.491542
146.466500 289.221500 155.190006 272.991828
146.685200 285.746000 155.307195 269.518587
146.893800 282.281200 155.417753 265.948641
147.103700 278.834100 155.526852 262.509360
147.309200 275.380000 155.631078 259.055708
147.469000 272.014900 155.692055 255.696340
147.644100 268.640500 155.768700 252.325452
147.828000 265.287400 155.854120 248.980505
148.018700 262.011300 155.948633 245.706547
148.191600 258.776500 156.027042 242.478903
148.362500 255.568000 156.103914 239.275795
148.542700 252.484800 156.193993 236.193289
148.699400 249.530100 156.266580 233.149227
148.855100 246.697000 156.339247 230.324428
149.012000 244.059600 156.419427 227.691107
149.177500 241.565300 156.512152 225.203914
149.354100 239.240800 156.620799 222.883112
149.518500 237.141100 156.723615 220.786785
149.688400 235.241100 156.837889 218.887565
149.831600 233.536700 156.931453 217.183771
149.906300 232.004900 156.961290 215.653274
149.838700 230.619900 156.854829 214.239573
149.635100 229.344100 156.613379 212.976873
149.241300 228.150200 156.184503 211.799240
148.716100 227.039600 155.627459 210.705789
148.000700 226.008200 154.882547 209.693813
147.075700 225.048900 153.931304 208.758524
145.937600 224.217300 152.773081 207.957488
144.564400 223.496400 151.357970 207.284099
143.010800 222.963900 149.785880 206.794594
141.316600 222.568700 148.077893 206.444895
139.454500 222.334500 146.208227 206.262308
137.425000 222.166300 144.172263 206.151390
135.205500 222.050100 141.949636 206.098081
132.804000 221.961500 139.550097 206.078267
130.267400 221.919300 137.015778 206.108525
127.508700 221.882500 134.261896 206.150689
124.622700 221.854300 131.383488 206.204279
121.664000 221.830100 128.431923 206.264535
118.657200 221.763300 125.433518 206.283591
115.641600 221.685500 122.424543 206.291582
112.627300 221.570300 119.415977 206.263261
109.673500 221.356100 116.464379 206.134327
106.754900 221.166500 113.548971 206.028450
103.815900 220.977200 110.522507 205.920351
100.933900 220.822800 107.644879 205.848701
98.075460 220.656000 104.792005 205.764139
95.253020 220.487500 101.974434 205.676536
92.486910 220.344500 99.213154 205.612456
89.875370 220.223200 96.605839 205.565585
87.458400 220.103100 94.193229 205.514738
85.308900 219.940400 92.043002 205.413332
83.404740 219.814900 90.095349 205.340802
81.811460 219.719400 88.498433 205.291280
80.386560 219.682400 87.079015 205.296984
79.003730 219.767200 85.706199 205.422501
77.660700 220.007600 84.374281 205.701158
76.371580 220.406400 83.102279 206.132191
75.155860 220.960300 81.906011 206.713388
74.011040 221.726500 80.785474 207.504325
72.923470 222.715600 79.727816 208.514411
71.978870 223.872400 78.817464 209.686431
71.184520 225.266700 78.051959 211.171377
70.559680 226.755300 77.472541 212.669442
70.106430 228.212400 77.063499 214.136131
69.780350 229.717400 76.782832 215.647209
69.611080 231.273600 76.659291 217.203327
69.507330 232.885000 76.602715 218.816549
69.413710 234.508900 76.556778 220.440908
69.343880 236.144900 76.534154 222.078882
69.165330 237.775100 76.402990 223.715467
68.850580 239.377200 76.134521 225.327417
68.411010 240.827300 75.736611 226.790918
67.727420 242.111200 75.089760 228.087765
66.803100 243.182900 74.194102 229.188838
65.701790 244.107800 73.119458 230.138391
64.448250 244.782200 71.887258 230.841310
63.080800 245.260000 70.535263 231.352727
61.580750 245.474700 69.046706 231.606062
60.021940 245.545100 67.499184 231.721609
58.373630 245.501300 65.806059 231.727109
56.557790 245.387700 63.997664 231.664275
54.575700 245.267600 62.023492 231.600562
52.422320 245.171900 59.877851 231.565868
50.087930 245.081900 57.549937 231.541824
47.581640 245.008900 55.052996 231.539661
44.918970 244.937600 52.399690 231.543887
42.122820 244.817200 49.609820 231.503466
39.164720 244.672400 46.561047 231.441174
36.057060 244.510700 43.459953 231.367350
32.840100 244.318200 40.247844 231.266132
29.595440 244.119000 37.009279 231.159272
26.356030 243.938500 33.775327 231.070825
23.136280 243.778100 30.560212 231.001600
19.923890 243.574600 27.353921 230.889911
16.771670 243.333700 24.202045 230.739139
13.661940 243.082500 21.093992 230.577653
10.666390 242.818300 18.098190 230.399979
7.814747 242.555200 15.156564 230.213674
5.139292 242.325200 12.486000 230.061022
2.679849 242.118700 10.031154 229.925804
0.450309 241.930700 7.805025 229.802331
-1.528966 241.776000 5.829665 229.704539
-3.228819 241.670700 4.132276 229.647658
-4.618300 241.633500 2.745413 229.649892
-5.727634 241.635600 1.638229 229.683299
-6.594910 241.676300 0.773084 229.748466
-7.316062 241.736500 0.055454 229.828010
-7.999830 241.824600 -0.645080 229.941803
-8.668434 241.971800 -1.306771 230.107814
-9.310473 242.159800 -1.941212 230.314326
-10.040280 242.489600 -2.659144 230.663470
-10.900630 242.986700 -3.501868 231.180836
-11.788840 243.696900 -4.365325 231.905195
-12.605680 244.629900 -5.152167 232.845483
-13.325190 245.805400 -5.837062 234.027715
-13.876090 247.212100 -6.360965 235.536482
-14.262280 248.903900 -6.694651 237.231946
-14.456720 250.843200 -6.830126 239.166670
-14.534350 252.994100 -6.844579 241.321309
-14.597030 255.350200 -6.838577 243.684976
-14.667090 257.910700 -6.833824 246.248607
-14.735990 260.649600 -6.823221 248.987702
-14.849520 263.575900 -6.851827 251.913041
-14.957480 266.729800 -6.867525 255.060731
-15.059630 270.015600 -6.874090 258.341364
-15.182710 273.477200 -6.896135 261.793871
-15.303150 277.021400 -6.913415 265.327331
-15.440230 280.658500 -6.944274 268.955542
-15.590580 284.351600 -6.986642 272.640255
-15.764490 288.068200 -7.051584 276.350359
-15.946800 291.811700 -7.124797 280.084551
-16.099940 295.543400 -7.170311 283.929892
-16.260060 299.308400 -7.220388 287.690901
-16.425310 303.105800 -7.274436 291.477209
-16.590140 306.893300 -7.328593 295.257695
-16.756680 310.705900 -7.383484 299.063150
-16.910250 314.536100 -7.425138 302.886296
-17.062160 318.371600 -7.465131 306.710000
-17.211700 322.183300 -7.503436 310.514534
-17.359600 325.995800 -7.539905 314.318051
-17.503240 329.777900 -7.573321 318.096259
-17.652950 333.537700 -7.614485 321.965333
-17.803470 337.274400 -7.656183 325.693992
-17.965510 340.928300 -7.711619 329.339784
-18.139020 344.467400 -7.781479 332.871539
-18.309560 347.827300 -7.853810 336.224524
-18.498430 351.069300 -7.947619 339.460240
-18.657830 354.177800 -8.016197 342.564615
-18.779270 357.113600 -8.051844 345.497549
-18.870160 359.864000 -8.062596 348.241374
-18.946200 362.402300 -8.064300 350.852212
-18.990920 364.711200 -8.041929 353.152481
-19.050610 366.784400 -8.041513 355.218665
-19.150770 368.599600 -8.089091 357.031826
-19.288630 370.232600 -8.179815 358.666531
-19.600770 371.746300 -8.449609 360.195513
-20.181060 373.134000 -8.993340 361.614568
-21.046240 374.352900 -9.825330 362.859505
-22.127780 375.353800 -10.879591 363.892661
-23.457040 376.098400 -12.186803 364.671185
-24.934490 376.556700 -13.649068 365.158775
-26.555040 376.670400 -15.260642 365.302070
-28.276760 376.521700 -16.972229 365.196682
-30.056280 376.231600 -18.742907 364.962618
-31.975970 375.881500 -20.717170 364.661513
-34.041570 375.538800 -22.779503 364.379592
-36.312400 375.174700 -25.046611 364.082576
-38.740670 374.815500 -27.470379 363.793737
-41.349510 374.513500 -30.073962 363.566297
-44.097790 374.260800 -32.909767 363.388709
-47.011360 374.040700 -35.821340 363.251630
-50.040150 373.823900 -38.847837 363.121382
-53.185680 373.618900 -41.988751 363.006065
-56.406270 373.421900 -45.205851 362.900994
-59.653410 373.251300 -48.451889 362.823213
-62.943060 373.083600 -51.732655 362.749623
-66.219570 372.909300 -55.003196 362.668694
-69.486870 372.732000 -58.268378 362.584828
-72.726120 372.532900 -61.500219 362.478410
-75.949990 372.348800 -64.718744 362.385959
-79.132360 372.198800 -67.996237 362.325379
-82.276670 372.085900 -71.131781 362.302800
-85.318380 372.021300 -74.164088 362.324937
-88.202870 371.999200 -77.038529 362.384958
-90.927450 371.989600 -79.753601 362.452926
-93.555550 371.974900 -82.376200 362.513013
-96.169310 371.894100 -84.984959 362.506513
-98.735200 371.699400 -87.549367 362.385902
-101.335900 371.405700 -90.149171 362.168305
-104.006100 371.090100 -92.814506 361.930585
-106.771100 370.792200 -95.669493 361.705713
-109.682200 370.477800 -98.578067 361.475671
-112.739100 370.228500 -101.632413 361.314192
-115.931600 370.036400 -104.823141 361.212818
-119.286600 369.828600 -108.169641 361.101123
-122.729500 369.724600 -111.601163 361.095426
-126.288700 369.671200 -115.151010 361.143463
-129.839700 369.662300 -118.692398 361.235688
-133.385600 369.650900 -122.230833 361.325058
-136.894400 369.634000 -125.730311 361.409087
-140.398100 369.514400 -129.341132 361.389999
-143.862100 369.340500 -132.801024 361.315487
-147.327600 369.166400 -136.257873 361.239906
-150.737000 368.971100 -139.661566 361.142032
-154.158600 368.781900 -143.075995 361.050591
-157.533900 368.539100 -146.446826 360.904077
-160.863100 368.281900 -149.774080 360.742274
-164.185700 368.025000 -153.091434 360.580723
-167.432800 367.748600 -156.334748 360.397315
-170.642400 367.488400 -159.542448 360.228997
-173.841400 367.227100 -162.738393 360.060054
-177.023700 366.951400 -166.021191 359.870597
-180.244500 366.730400 -169.236123 359.743261
-183.473900 366.580900 -172.460595 359.686971
-186.744800 366.472000 -175.725027 359.671883
-190.033500 366.367300 -179.005395 359.661045
-193.355400 366.250500 -182.319045 359.639028
-196.716900 366.188600 -185.670548 359.672501
-200.121200 366.182600 -189.064477 359.762959
-203.540500 366.199800 -192.472344 359.876867
-206.952700 366.227500 -195.874413 360.000590
-210.347900 366.285500 -199.364091 360.159931
-213.706200 366.365900 -202.709306 360.335799
-217.009500 366.481900 -205.994696 360.545259
-220.179700 366.654500 -209.148103 360.807318
-223.191200 366.879000 -212.142579 361.116836
-226.097000 367.114900 -215.032858 361.434763
-228.814800 367.345400 -217.734938 361.741791
-231.386300 367.584000 -220.291850 362.052039
-233.712600 367.887700 -222.603042 362.418780
-235.782000 368.275800 -224.654892 362.861552
-237.675400 368.737900 -226.587954 363.396315
-239.369400 369.206200 -228.261210 363.909976
-240.923900 369.617600 -229.799358 364.364370
-242.343700 369.946600 -231.204926 364.732933
-243.617800 370.200700 -232.469012 365.023325
-244.859400 370.340600 -233.702266 365.197790
-246.077300 370.391700 -234.914716 365.283129
-247.267700 370.379800 -236.101394 365.305259
-248.493500 370.333700 -237.322450 365.294569
-249.783700 370.306600 -238.606930 365.303989
-251.078800 370.299200 -239.939350 365.335751
-252.358200 370.349900 -241.212572 365.423040
-253.632100 370.436500 -242.479656 365.545512
-254.850600 370.581800 -243.688624 365.724930
-255.940600 370.729900 -244.770644 365.903129
-256.915700 370.895600 -245.738296 366.096086
-257.880300 371.026600 -246.697051 366.254232
-258.825300 371.074700 -247.639139 366.328413
-259.790200 371.036700 -248.601904 366.316698
-260.853800 370.865000 -249.667807 366.173283
-261.981300 370.525600 -250.802419 365.864814
-263.149900 369.955400 -251.983060 365.325549
-264.334300 369.128800 -253.185166 364.530846
-265.453200 367.983800 -254.332053 363.417721
-266.451000 366.525200 -255.370976 361.995258
-267.251800 364.723800 -256.277233 360.204712
-267.949500 362.709300 -257.021506 358.209012
-268.506500 360.485200 -257.637276 356.005066
-268.941500 358.026800 -258.140643 353.565335
-269.220400 355.348600 -258.495448 350.909115
-269.448800 352.477300 -258.805579 348.060973
-269.718000 349.407100 -259.162664 345.014647
-269.985700 346.177700 -259.535258 341.698764
-270.257600 342.841000 -259.903373 338.376508
-270.518100 339.408900 -260.262839 334.959666
-270.754500 335.850800 -260.601893 331.418621
-270.955500 332.279200 -260.906177 327.860506
-271.100700 328.699800 -261.154545 324.299302
-271.205200 325.126400 -261.362671 320.739183
-271.267700 321.587300 -261.528135 317.211575
-271.275200 318.070500 -261.638293 313.703185
-271.222900 314.582000 -261.688303 310.223520
-271.120000 311.120600 -261.686921 306.768062
-270.978000 307.683800 -261.645949 303.337024
-270.782700 304.265600 -261.547669 299.812266
-270.528600 300.853100 -261.393242 296.404362
-270.242000 297.429400 -261.206902 292.982714
-269.919600 293.989900 -260.985104 289.543989
-269.545200 290.528500 -260.712335 286.082435
-269.141700 287.042100 -260.411089 282.591955
-268.688300 283.528200 -260.061368 279.075997
-268.188900 279.998100 -259.666368 275.542346
-267.644900 276.438400 -259.227870 271.977779
-267.060700 272.864800 -258.749606 268.396927
-266.415600 269.267600 -258.211629 264.789744
-265.703700 265.659900 -257.607809 261.173162
-264.933700 262.028500 -256.924082 257.411451
-264.083600 258.356100 -256.182746 253.726101
-263.198600 254.694500 -255.406835 250.051352
-262.249500 251.044300 -254.568229 246.393453
-261.237300 247.429800 -253.662018 242.752229
-260.189300 243.839800 -252.721605 239.143333
-259.094000 240.246100 -251.734323 235.528913
-257.955600 236.666200 -250.703872 231.927697
-256.772700 233.104800 -249.628915 228.343871
-255.531300 229.548500 -248.494587 224.760466
-254.248400 226.028100 -247.319234 221.214371
-252.919100 222.544000 -246.055960 217.589913
-251.574800 219.079600 -244.816150 214.097681
-250.208800 215.633800 -243.554853 210.624321
-248.823500 212.212300 -242.273077 207.173219
-247.396200 208.816100 -240.948290 203.745189
-245.924600 205.438400 -239.578831 200.333754
-244.407500 202.096000 -238.163970 196.958738
-242.864900 198.761700 -236.723439 193.590848
-241.279000 195.474400 -235.238685 190.267821
-239.649300 192.235800 -233.709140 186.992481
-237.983200 189.035400 -232.142195 183.754708
-236.298900 185.858800 -230.504198 180.434943
-234.588400 182.702700 -228.890704 177.240202
-232.835600 179.589900 -227.232263 174.084687
-231.009300 176.491000 -225.500016 170.939142
-229.111700 173.245900 -223.702317 167.652327
-227.176300 170.021800 -221.865993 164.384226
-225.177100 166.838100 -219.965179 161.153856
-223.121100 163.678300 -218.007912 157.946313
-221.021800 160.583500 -216.006108 154.803181
-218.906700 157.528200 -213.987265 151.698343
-216.758300 154.516100 -211.933471 148.633964
-214.598900 151.542200 -209.799919 145.509883
-212.419400 148.613400 -207.711891 142.528735
-210.228200 145.723000 -205.609776 139.583467
-207.984500 142.875200 -203.454941 136.679930
-205.709300 140.044600 -201.268588 133.792467
-203.367700 137.252600 -199.013645 130.939465
-200.986900 134.476000 -196.723854 128.106613
-198.545200 131.709700 -194.370203 125.278714
-196.059300 128.939500 -191.973688 122.446577
-193.510200 126.196800 -189.514342 119.640740
-190.897300 123.468900 -186.989952 116.847207
-188.227400 120.762000 -184.324451 113.984125
-185.497000 118.076800 -181.680810 111.230225
-182.724000 115.414700 -178.992751 108.496375
-179.874900 112.756200 -176.229295 105.765085
-176.963500 110.129700 -173.403917 103.063784
-174.022700 107.478800 -170.550091 100.337747
-171.062700 104.830200 -167.676746 97.613408
-168.072200 102.205400 -164.772963 94.912375
-165.063500 99.572080 -161.852007 92.202676
-162.094200 96.925240 -158.968845 89.480338
-159.158100 94.245620 -156.027073 86.635110
-156.222000 91.591220 -153.178116 83.905902
-153.302600 88.949020 -150.344925 81.188270
-150.415700 86.290970 -147.545242 78.457248
-147.525700 83.616700 -144.742808 75.710273
-144.616800 80.967880 -141.920124 72.987369
-141.680000 78.334030 -139.068511 70.277321
-138.744900 75.701910 -136.220562 67.570707
-135.803000 73.066790 -133.362232 64.857470
-132.863800 70.434610 -130.508158 62.149325
-129.933000 67.796650 -127.662394 59.435884
-127.009300 65.165490 -124.732481 56.642812
-124.094300 62.565200 -121.902374 53.967342
-121.185800 59.961850 -119.079993 51.290380
-118.275800 57.358150 -116.252213 48.609047
-115.383500 54.746480 -113.444403 45.922289
-112.487100 52.132910 -110.630714 43.232365
-109.563100 49.507800 -107.795504 40.535024
-106.649400 46.882310 -104.967197 37.834225
-103.717200 44.240620 -102.120967 35.116781
-100.776700 41.607720 -99.266897 32.409645
-97.815960 38.955960 -96.391913 29.682774
-94.863170 36.299440 -93.434169 26.864581
-91.884440 33.643060 -90.541169 24.131543
-88.909720 30.989760 -87.653267 21.402344
-85.917480 28.322680 -84.747476 18.658229
-82.929050 25.668410 -81.844981 15.926751
-79.941980 23.038030 -78.944189 13.220081
-76.962720 20.421650 -76.050985 10.527551
-74.007520 17.823510 -73.179450 7.852102
-71.092400 15.226900 -70.350512 5.181876
-68.209240 12.634500 -67.552689 2.516206
-65.354250 10.051970 -64.780631 -0.140749
-62.542350 7.481356 -61.963905 -2.869167
-59.754040 4.927046 -59.257819 -5.495343
-57.009180 2.422195 -56.596804 -8.068076
-54.340090 0.009828 -54.007005 -10.548222
-51.766990 -2.296378 -51.508280 -12.921292
-49.260900 -4.526641 -49.077257 -15.213889
-46.853800 -6.677798 -46.739889 -17.427194
-44.569730 -8.685225 -44.522121 -19.492894
-42.404320 -10.528340 -42.415677 -21.393537
-40.364200 -12.198710 -40.428670 -23.119329
-38.389800 -13.695430 -38.504678 -24.669023
-36.423220 -15.003710 -36.518290 -26.074241
-34.423200 -16.097900 -34.552335 -27.220291
-32.364650 -16.913830 -32.522325 -28.089032
-30.265120 -17.411740 -30.442195 -28.642441
-28.163420 -17.604910 -28.350908 -28.892520
-26.110560 -17.459960 -26.300725 -28.804725
-24.143360 -16.987220 -24.327735 -28.389500
-22.296980 -16.217800 -22.466046 -27.676295
-20.604650 -15.231400 -20.751921 -26.743585
-19.008910 -14.153640 -19.133112 -25.716565
-17.427180 -13.090130 -17.479522 -24.672116
-15.874640 -12.069320 -15.905354 -23.700338
-14.363580 -11.106930 -14.372819 -22.784954
-12.922670 -10.242620 -12.911624 -21.964259
-11.574780 -9.466819 -11.543930 -21.228032
-10.317910 -8.788752 -10.270773 -20.587215
-9.188230 -8.193104 -9.126325 -20.024346
-8.211014 -7.716742 -8.135837 -19.575841
-7.426664 -7.335419 -7.340853 -19.216752
-6.732949 -7.004384 -6.616964 -18.895551
-6.081177 -6.624412 -5.956382 -18.534629
-5.489078 -6.233971 -5.354355 -18.161192
-4.934984 -5.802268 -4.788509 -17.745220
-4.339961 -5.285216 -4.179578 -17.245177
-3.697865 -4.592905 -3.518276 -16.571411
-3.037676 -3.769289 -2.835589 -15.767564
-2.408137 -2.790908 -2.178522 -14.808252
-1.801721 -1.625169 -1.539462 -13.662388
-1.269630 -0.215074 -0.968154 -12.273072
-0.812186 1.417145 -0.463160 -10.659956
-0.577413 3.304554 -0.173073 -8.787261
-0.470925 5.426109 -0.004082 -6.681533
-0.476637 7.694492 0.057655 -4.348746
-0.570738 10.119870 0.033815 -1.930241
-0.648451 12.686750 0.031026 0.628180
-0.748385 15.378500 0.009710 3.314666
-0.860824 18.191740 -0.020272 6.121877
-0.998219 21.084400 -0.072751 9.010252
-1.176238 24.100490 -0.162048 12.022820
-1.395968 27.224660 -0.289726 15.140025
-1.640741 30.420880 -0.440587 18.331897
-1.879320 33.664680 -0.589112 21.676189
-2.150183 36.923590 -0.764049 24.933775
-2.397389 40.249040 -0.913359 28.254938
-2.638864 43.594280 -1.056643 31.598392
-2.848280 46.962570 -1.167190 34.964461
-3.041372 50.356970 -1.260807 38.355909
-3.212653 53.820380 -1.330625 41.811511
-3.380992 57.307360 -1.396942 45.292930
-3.567609 60.834770 -1.480158 48.815754
-3.786600 64.385720 -1.594863 52.361156
-3.981904 67.973540 -1.685529 55.943214
-4.173959 71.565920 -1.775239 59.644589
-4.396788 75.106490 -1.893650 63.181528
-4.593996 78.623730 -1.987301 66.698249
-4.800834 82.136440 -2.090921 70.204609
-5.016400 85.597270 -2.205002 73.660690
-5.214554 89.008160 -2.303043 77.064233
-5.369648 92.435540 -2.358059 80.485947
-5.524006 95.827610 -2.413289 83.874196
