0.000000 0.000000 0.000000 0.000000
-0.017534 0.283467 -0.017407 0.281867
-0.060000 0.627936 -0.059435 0.623975
-0.141534 1.081913 -0.140120 1.075396
-0.293459 1.604140 -0.290266 1.594814
-0.522492 2.173020 -0.526424 2.180304
-0.839493 2.758285 -0.843596 2.763760
-1.242764 3.333105 -1.245576 3.336083
-1.761568 3.880703 -1.763538 3.881628
-2.415527 4.382391 -2.416088 4.382060
-3.215512 4.824434 -3.212947 4.822589
-4.177130 5.153468 -4.170404 5.151055
-5.299329 5.360943 -5.287061 5.358768
-6.558994 5.427674 -6.580300 5.427072
-7.950411 5.389282 -7.963353 5.387850
-9.480377 5.263869 -9.479819 5.263471
-11.152740 5.088360 -11.135458 5.089875
-12.964270 4.901812 -12.988666 4.899111
-14.913410 4.697363 -14.920908 4.696620
-17.004780 4.494630 -16.995650 4.495658
-19.224270 4.290984 -19.196075 4.293841
-21.564480 4.100217 -21.594469 4.098372
-23.969500 3.908970 -23.984653 3.908627
-26.461360 3.716343 -26.460552 3.717378
-28.997620 3.492898 -28.980700 3.495571
-31.515860 3.271990 -31.483742 3.276180
-34.026260 3.051261 -34.060530 3.049950
-36.533450 2.843137 -36.552245 2.843422
-39.049180 2.638855 -39.053588 2.640518
-41.538400 2.436154 -41.525442 2.439514
-44.015190 2.223683 -43.990404 2.228007
-46.483350 2.028253 -46.520807 2.027759
-48.933140 1.820295 -48.956048 1.820866
-51.328710 1.575304 -51.336870 1.577496
-53.701960 1.337479 -53.697250 1.341182
-56.038080 1.110756 -56.020464 1.115962
-58.330390 0.883063 -58.299594 0.889692
-60.536580 0.662366 -60.563468 0.663501
-62.620220 0.461718 -62.633815 0.464614
-64.570470 0.320188 -64.568782 0.324421
-66.375630 0.255567 -66.359966 0.259584
-67.990520 0.345560 -68.012258 0.352964
-69.403760 0.611089 -69.409460 0.617142
-70.681710 1.080744 -70.671301 1.081060
-71.814190 1.753829 -71.834292 1.770316
-72.810710 2.601772 -72.816872 2.611671
-73.659320 3.554385 -73.655513 3.556012
-74.401710 4.718510 -74.388354 4.706748
-75.018160 6.110247 -75.027507 6.134721
-75.539300 7.706095 -75.542487 7.723841
-75.980690 9.486418 -75.981531 9.498469
-76.379030 11.414990 -76.378084 11.420410
-76.702710 13.494070 -76.700268 13.490135
-76.964630 15.687850 -76.961286 15.673868
-77.198810 17.993590 -77.194428 17.969079
-77.402440 20.301510 -77.403417 20.340644
-77.573400 22.614340 -77.572925 22.642281
-77.734200 24.898110 -77.732914 24.914707
-77.908780 27.180670 -77.906552 27.186825
-78.064690 29.440670 -78.061671 29.437168
-78.198100 31.701300 -78.194142 31.684759
-78.346240 34.000930 -78.341054 33.972282
-78.507180 36.347540 -78.506695 36.384348
-78.700400 38.735230 -78.698606 38.759584
-78.895930 41.194680 -78.892968 41.206542
-79.100340 43.724740 -79.096013 43.722198
-79.318630 46.299200 -79.313008 46.282023
-79.508610 48.902070 -79.501765 48.870430
-79.697420 51.529450 -79.695548 51.566355
-79.900390 54.113500 -79.897137 54.134661
-80.092730 56.670630 -80.088209 56.679027
-80.280860 59.213100 -80.274901 59.204674
-80.474010 61.695670 -80.466330 61.673956
-80.696040 64.136290 -80.694466 64.178460
-80.945180 66.559290 -80.942080 66.586954
-81.219160 68.948800 -81.214602 68.963972
-81.542260 71.291910 -81.535574 71.292823
-81.910890 73.584740 -81.901408 73.572073
-82.326990 75.851980 -82.314745 75.826735
-82.765640 78.069230 -82.765562 78.103120
-83.284090 80.280970 -83.281574 80.302982
-83.856430 82.430700 -83.850940 82.441203
-84.492780 84.584160 -84.483399 84.582909
-85.212300 86.715560 -85.199024 86.705065
-85.996320 88.820790 -85.976621 88.796641
-86.860390 90.918090 -86.863668 90.949662
-87.802500 93.003510 -87.800574 93.022123
-88.749010 95.068170 -88.741214 95.074554
-89.747960 97.163510 -89.733839 97.157442
-90.774930 99.219550 -90.754753 99.202824
-91.840000 101.277400 -91.847479 101.313995
-92.914780 103.296100 -92.916960 103.321923
-94.015070 105.267400 -94.010209 105.280820
-95.123350 107.187800 -95.111642 107.189703
-96.223200 109.067700 -96.205656 109.060014
-97.263380 110.813500 -97.240399 110.797855
-98.241750 112.423300 -98.244270 112.449567
-99.124850 113.865700 -99.121563 113.882646
-99.918840 115.113700 -99.910334 115.122448
-100.633200 116.204600 -100.621569 116.208980
-101.305600 117.126600 -101.290953 117.127023
-101.873900 117.899200 -101.856871 117.897351
-102.405300 118.508600 -102.404719 118.525310
-102.901800 118.981600 -102.898920 118.994858
-103.418300 119.366800 -103.413646 119.378386
-103.954800 119.734800 -103.948226 119.744352
-104.533600 120.029100 -104.524243 120.036850
-105.136200 120.256600 -105.124445 120.263179
-105.801600 120.452000 -105.784332 120.456280
-106.640800 120.599400 -106.618110 120.602078
-107.630100 120.643400 -107.599967 120.645236
-108.711300 120.530800 -108.726370 120.543307
-109.893600 120.252600 -109.902467 120.261041
-111.159800 119.776100 -111.161054 119.782562
-112.496700 119.062200 -112.487859 119.069940
-113.898700 118.106700 -113.878977 118.121185
-115.384500 116.988900 -115.399938 116.978680
-116.978000 115.737300 -116.979982 115.736418
-118.659900 114.366200 -118.647517 114.377189
-120.438900 112.893300 -120.411827 112.916658
-122.328200 111.322200 -122.348410 111.305941
-124.284900 109.650200 -124.292386 109.645163
-126.332000 107.913600 -126.325302 107.920972
-128.461900 106.101400 -128.442541 106.119788
-130.662300 104.214900 -130.627592 104.246673
-132.923400 102.303500 -132.948247 102.285212
-135.189200 100.390400 -135.201093 100.383353
-137.468500 98.469440 -137.467173 98.473814
-139.748000 96.546090 -139.734668 96.560877
-142.020800 94.620440 -141.994709 94.646563
-144.286200 92.690670 -144.246662 92.728388
-146.547500 90.774040 -146.571101 90.758923
-148.833300 88.871460 -148.842668 88.868745
-151.113400 86.978090 -151.111095 86.985264
-153.379000 85.085390 -153.366529 85.101374
-155.629200 83.206150 -155.606007 83.231477
-157.861400 81.326710 -157.831165 81.358274
-160.058500 79.464550 -160.018155 79.505477
-162.221300 77.608580 -162.240760 77.598612
-164.376700 75.774280 -164.385487 75.773958
-166.524800 73.967130 -166.523404 73.975710
-168.668400 72.191080 -168.656496 72.208597
-170.783100 70.468000 -170.761464 70.493729
-172.829900 68.807490 -172.799368 68.840654
-174.785600 67.216050 -174.808820 67.205684
-176.663800 65.684200 -176.676499 65.682727
-178.444800 64.197390 -178.447494 64.204015
-180.100300 62.765190 -180.092426 62.781180
-181.648600 61.419590 -181.635574 61.440314
-183.088500 60.110320 -183.070031 60.136650
-184.404500 58.801210 -184.381065 58.832241
-185.549500 57.458340 -185.564144 57.452484
-186.455000 56.066080 -186.466288 56.063770
-187.120600 54.647590 -187.126678 54.649653
-187.525600 53.213090 -187.526664 53.220211
-187.748500 51.772320 -187.745484 51.784374
-187.716500 50.330420 -187.710770 50.347745
-187.519800 48.954720 -187.513141 48.976675
-187.091900 47.667580 -187.085173 47.693969
-186.478200 46.430560 -186.471206 46.428898
-185.743700 45.217520 -185.735794 45.223366
-184.898100 44.044150 -184.895339 44.059518
-183.968900 42.858990 -183.975352 42.885613
-182.972800 41.628580 -182.957370 41.627822
-181.887200 40.344680 -181.880581 40.354738
-180.726700 38.951790 -180.730330 38.974022
-179.492700 37.459110 -179.506925 37.493872
-178.162100 35.849180 -178.143938 35.845034
-176.710600 34.142700 -176.700837 34.147867
-175.171800 32.296660 -175.173793 32.315482
-173.559000 30.363270 -173.572039 30.395149
-171.867000 28.346750 -171.891809 28.392120
-170.123400 26.259270 -170.102674 26.249810
-168.337100 24.097840 -168.326965 24.100567
-166.581500 21.908660 -166.581854 21.924007
-164.835100 19.714670 -164.846130 19.742985
-163.104500 17.573870 -163.124729 17.613015
-161.377300 15.429150 -161.352537 15.412008
-159.682200 13.303470 -159.667620 13.297867
-158.088000 11.153610 -158.084834 11.162115
-156.652500 8.940913 -156.658274 8.966081
-155.433700 6.640524 -155.444703 6.685567
-154.451100 4.275819 -154.445204 4.264199
-153.690900 1.836084 -153.689964 1.843511
-153.116700 -0.684920 -153.118015 -0.665518
-152.659200 -3.301845 -152.662087 -3.266817
-152.323800 -6.003442 -152.328260 -5.949297
-152.034900 -8.818435 -152.030878 -8.849934
-151.705400 -11.696490 -151.702406 -11.719171
-151.368100 -14.689410 -151.366726 -14.701203
-151.018300 -17.760610 -151.018621 -17.758804
-150.658400 -20.884570 -150.660656 -20.867589
-150.317300 -24.039630 -150.321432 -24.006980
-149.995500 -27.198720 -150.001062 -27.153869
-149.688200 -30.326210 -149.695206 -30.267960
-149.392500 -33.448800 -149.392531 -33.468136
-149.124700 -36.525700 -149.125647 -36.538326
-148.881400 -39.588890 -148.883967 -39.587103
-148.663600 -42.621440 -148.667677 -42.601237
-148.444100 -45.622170 -148.449268 -45.591992
-148.225800 -48.590750 -148.232071 -48.546828
-148.013500 -51.538440 -148.014425 -51.572015
-147.797700 -54.448530 -147.799724 -54.469474
-147.579700 -57.330200 -147.582988 -57.335614
-147.341500 -60.171640 -147.346150 -60.163563
-147.099100 -62.956470 -147.105295 -62.933684
-146.873600 -65.641890 -146.881130 -65.602728
-146.684200 -68.188960 -146.687947 -68.213217
-146.575000 -70.550950 -146.580302 -70.557993
-146.515200 -72.689370 -146.521162 -72.681588
-146.496000 -74.588600 -146.502031 -74.569529
-146.520100 -76.249210 -146.525923 -76.222542
-146.562400 -77.644470 -146.569754 -77.651732
-146.614700 -78.752900 -146.621488 -78.750707
-146.644400 -79.571930 -146.651002 -79.563543
-146.661300 -80.195760 -146.667867 -80.182153
-146.655800 -80.746170 -146.662687 -80.731458
-146.626400 -81.202170 -146.633092 -81.185640
-146.606400 -81.580050 -146.612699 -81.573382
-146.554400 -81.887990 -146.560800 -81.878590
-146.509800 -82.072680 -146.516527 -82.061743
-146.481300 -82.147900 -146.488197 -82.136859
-146.467500 -82.144490 -146.474264 -82.133637
-146.474300 -82.148460 -146.481168 -82.137531
-146.483700 -82.145920 -146.490500 -82.134980
-146.487400 -82.144780 -146.494133 -82.133851
-146.492900 -82.150980 -146.499629 -82.140021
-146.495200 -82.155360 -146.501919 -82.144387
-146.494300 -82.156570 -146.501023 -82.145616
-146.487800 -82.148430 -146.494521 -82.137466
-146.487300 -82.140910 -146.494047 -82.130011
-146.486500 -82.135050 -146.493208 -82.124171
-146.488100 -82.132520 -146.494842 -82.121620
-146.489000 -82.133460 -146.495711 -82.122532
-146.484700 -82.133480 -146.491403 -82.122555
-146.484900 -82.133510 -146.491679 -82.122595
-146.480100 -82.133670 -146.486926 -82.122787
-146.472100 -82.131890 -146.478958 -82.121009
-146.477500 -82.133220 -146.484237 -82.122288
-146.525000 -82.162010 -146.531726 -82.151093
-146.565900 -82.217300 -146.572339 -82.205846
-146.590600 -82.310130 -146.597301 -82.297784
-146.581800 -82.426170 -146.588745 -82.417315
-146.551800 -82.574220 -146.558427 -82.564762
-146.475900 -82.778480 -146.482602 -82.768208
-146.351300 -83.116710 -146.358241 -83.104691
-146.156300 -83.574440 -146.163982 -83.559118
-145.879500 -84.106160 -145.887941 -84.087161
-145.491300 -84.682600 -145.500291 -84.659191
-144.895700 -85.318510 -144.900667 -85.322748
-144.077500 -86.065360 -144.079860 -86.066324
-142.947400 -86.840620 -142.949857 -86.836669
-141.509200 -87.543350 -141.515029 -87.534172
-139.798500 -88.087580 -139.809643 -88.074939
-137.828100 -88.433330 -137.854994 -88.419240
-135.614800 -88.607530 -135.592365 -88.599501
-133.180100 -88.696560 -133.180117 -88.686896
-130.552000 -88.680490 -130.576357 -88.671368
-127.723900 -88.575690 -127.776517 -88.567922
-124.683500 -88.464330 -124.666544 -88.454198
-121.460200 -88.294280 -121.466887 -88.285390
-118.086600 -88.040550 -118.115022 -88.033642
-114.579400 -87.745070 -114.636598 -87.741193
-110.975100 -87.438680 -110.941427 -87.427436
-107.385700 -87.146760 -107.375555 -87.137659
-103.821100 -86.859660 -103.833385 -86.852667
-100.261700 -86.572000 -100.295766 -86.566980
-96.736140 -86.293870 -96.789993 -86.290733
-93.228880 -86.017520 -93.194564 -86.007878
-89.760830 -85.757500 -89.744692 -85.749586
-86.314280 -85.511300 -86.321540 -85.505360
-82.904810 -85.266650 -82.926559 -85.262129
-79.525840 -84.982830 -79.561814 -84.980036
-76.174850 -84.684980 -76.225792 -84.683844
-72.849640 -84.375480 -72.808301 -84.365916
-69.556400 -84.051650 -69.528682 -84.043756
-66.269780 -83.744240 -66.260775 -83.738566
-62.988460 -83.463860 -62.994341 -83.459757
-59.725320 -83.192290 -59.750085 -83.189976
-56.511930 -82.928720 -56.553780 -82.927935
-53.287950 -82.677770 -53.345236 -82.678459
-50.102380 -82.423820 -50.074072 -82.417980
-46.961330 -82.161740 -46.943597 -82.157065
-43.795000 -81.913070 -43.793229 -81.910020
-40.605850 -81.669580 -40.619543 -81.667903
-37.446990 -81.429200 -37.473668 -81.428911
-34.324130 -81.178460 -34.368419 -81.179698
-31.234230 -80.938930 -31.197294 -80.934330
-28.164850 -80.719500 -28.145421 -80.716583
-25.130870 -80.512870 -25.129749 -80.511450
-22.128140 -80.313820 -22.142266 -80.313674
-19.203440 -80.118030 -19.233546 -80.119175
-16.439970 -79.929640 -16.485491 -79.932259
-13.862420 -79.730950 -13.839689 -79.728384
-11.471000 -79.505250 -11.464593 -79.504202
-9.267307 -79.258710 -9.274103 -79.259157
-7.272311 -78.940490 -7.292501 -78.943470
-5.472914 -78.549550 -5.466945 -78.547313
-3.867830 -78.086270 -3.895857 -78.093925
-2.385605 -77.503960 -2.371944 -77.497483
-1.027851 -76.800120 -1.021003 -76.795725
0.166806 -75.911920 0.168877 -75.907649
1.182030 -74.883010 1.179496 -74.880855
1.977241 -73.709730 1.971136 -73.711168
2.625592 -72.432540 2.617568 -72.438591
3.046312 -71.053430 3.037028 -71.066437
3.332790 -69.610070 3.330124 -69.590240
3.505748 -68.096830 3.501211 -68.087009
3.623078 -66.505600 3.617603 -66.507917
3.673887 -64.790020 3.668487 -64.807713
3.664022 -62.925430 3.657953 -62.897852
3.591227 -60.915700 3.585518 -60.902293
3.485568 -58.760380 3.480806 -58.762638
3.375737 -56.493750 3.372263 -56.515256
3.243097 -54.203520 3.240975 -54.239629
3.069795 -51.907210 3.063765 -51.887243
2.871709 -49.612280 2.866882 -49.604934
2.690256 -47.318710 2.686864 -47.326244
2.514617 -45.039680 2.512581 -45.061979
2.336487 -42.787040 2.335495 -42.822034
2.176053 -40.574230 2.171203 -40.552197
2.023801 -38.441270 2.019973 -38.432541
1.895520 -36.414710 1.892618 -36.416759
1.766675 -34.458180 1.764741 -34.473562
1.645582 -32.544470 1.644690 -32.571347
1.524724 -30.674470 1.520844 -30.652219
1.412389 -28.840280 1.409380 -28.829375
1.305986 -27.028700 1.303738 -27.028844
1.191105 -25.239530 1.189658 -25.249595
1.067365 -23.476920 1.066930 -23.496977
0.934574 -21.765460 0.930544 -21.740176
0.802905 -20.140230 0.800316 -20.127336
0.699503 -18.615910 0.697742 -18.612926
0.601767 -17.196320 0.600652 -17.200864
0.507341 -15.885810 0.506972 -15.898824
0.417035 -14.726660 0.414875 -14.714379
0.351258 -13.760620 0.349625 -13.753602
0.299516 -12.930350 0.298435 -12.930172
0.263868 -12.153000 0.262966 -12.155589
0.238575 -11.391050 0.238021 -11.398560
0.198165 -10.644890 0.197966 -10.656891
0.151201 -9.907869 0.149752 -9.899968
0.091011 -9.183499 0.089953 -9.181385
0.016860 -8.476707 0.016270 -8.478382
-0.070862 -7.778389 -0.070935 -7.782959
-0.158415 -7.094030 -0.158116 -7.103209
-0.234301 -6.412690 -0.235846 -6.404674
-0.307917 -5.742297 -0.308724 -5.739037
-0.360353 -5.068979 -0.360725 -5.069932
-0.401589 -4.328040 -0.401696 -4.333770
-0.431289 -3.483170 -0.431177 -3.494995
-0.464543 -2.555900 -0.465038 -2.543137
-0.487938 -1.556277 -0.488133 -1.548523
-0.499710 -0.485171 -0.499772 -0.482897
-0.511556 0.679747 -0.511656 0.676256
-0.388368 1.890361 -0.388609 1.879362
-0.387786 3.050660 -0.386504 3.035861
-0.473375 4.175334 -0.470706 4.156687
-0.669462 5.262875 -0.672271 5.275323
-0.929674 6.291946 -0.931882 6.299964
-1.229340 7.289411 -1.229367 7.291022
-1.438607 8.249384 -1.437009 8.243345
-1.565470 8.946937 -1.563742 8.939645
-1.615795 9.324632 -1.615314 9.325401
-1.635852 9.404838 -1.635028 9.403543
-1.640332 9.376167 -1.639493 9.375139
-1.643540 9.371050 -1.642702 9.370018
