0.000000 0.000000 0.000000 0.000000
0.054181 0.879235 0.054340 0.876251
0.069768 1.824326 0.070653 1.817930
0.003415 2.875512 0.005280 2.866189
-0.123130 4.021896 -0.119030 4.006998
-0.355562 5.248722 -0.357474 5.267272
-0.622388 6.586939 -0.622868 6.598221
-0.941959 8.041587 -0.940022 8.042892
-1.317954 9.607606 -1.312921 9.598557
-1.746028 11.261490 -1.737233 11.240302
-2.247333 13.001260 -2.251227 13.024960
-2.819369 14.841550 -2.819401 14.853091
-3.471584 16.794890 -3.461081 16.777131
-4.206227 18.801040 -4.196325 18.786707
-5.002325 20.924250 -4.987141 20.897831
-5.895726 23.141170 -5.899207 23.162015
-6.893668 25.384920 -6.896958 25.405184
-7.982190 27.688730 -7.979435 27.696622
-9.164411 30.059710 -9.155189 30.055755
-10.444260 32.492060 -10.427426 32.475471
-11.824940 34.996970 -11.799113 34.965878
-13.288260 37.616200 -13.297095 37.648158
-14.807970 40.343090 -14.812957 40.368292
-16.405480 43.114560 -16.400970 43.123966
-18.046730 45.856950 -18.034697 45.855051
-19.822820 48.550680 -19.802256 48.538028
-21.675070 51.158150 -21.644162 51.133046
-23.560100 53.734170 -23.580352 53.779311
-25.494780 56.313420 -25.504702 56.344801
-27.482530 58.864650 -27.476912 58.876136
-29.541190 61.360910 -29.531725 61.368432
-31.678300 63.840490 -31.658662 63.837310
-33.902360 66.293940 -33.872783 66.281959
-36.250580 68.681990 -36.210108 68.661033
-38.692550 71.052560 -38.720534 71.098495
-41.192840 73.405700 -41.210863 73.441669
-43.783840 75.735640 -43.791397 75.762244
-46.432290 78.051270 -46.428160 78.067987
-49.152200 80.361270 -49.137225 80.369439
-51.940820 82.646680 -51.915811 82.647737
-54.848670 84.861880 -54.812026 84.855981
-57.859180 86.983730 -57.809875 86.970853
-60.964150 89.027210 -60.902818 89.009543
-64.171330 90.959490 -64.204733 90.999235
-67.486660 92.809380 -67.504522 92.839686
-70.858280 94.583360 -70.864218 94.607322
-74.262510 96.288110 -74.258854 96.307599
-77.676110 97.939670 -77.659152 97.953302
-81.063060 99.532950 -81.030917 99.540067
-84.370760 101.062700 -84.325979 101.064995
-87.620370 102.509100 -87.561131 102.505912
-90.786320 103.874400 -90.813800 103.909898
-93.870530 105.255700 -93.881054 105.285193
-96.881570 106.709600 -96.876335 106.732584
-99.805830 108.239800 -99.785159 108.255162
-102.636000 109.900200 -102.601525 109.907025
-105.378400 111.659200 -105.327304 111.654459
-107.976000 113.472300 -107.921302 113.463610
-110.447900 115.333000 -110.463234 115.378151
-112.784900 117.225600 -112.789661 117.264056
-115.015000 119.132700 -115.009078 119.163346
-117.123400 121.056800 -117.108768 121.080370
-119.078900 122.948300 -119.055584 122.963869
-120.895600 124.857100 -120.864653 124.864105
-122.564000 126.793900 -122.525896 126.791236
-124.115200 128.784700 -124.120179 128.839075
-125.556900 130.848800 -125.552150 130.892971
-126.900700 132.986400 -126.880639 133.007642
-128.166200 135.162700 -128.148834 135.189476
-129.390300 137.438800 -129.368026 137.457257
-130.624700 139.816800 -130.597072 139.825461
-131.850200 142.307900 -131.817850 142.306519
-133.053900 144.928800 -133.016276 144.914286
-134.221100 147.696700 -134.208045 147.741278
-135.286000 150.585100 -135.272099 150.632994
-136.188200 153.654800 -136.167481 153.685284
-136.902400 156.885700 -136.876529 156.895053
-137.414500 160.267800 -137.386604 160.257503
-137.716200 163.797200 -137.688265 163.764974
-137.811800 167.451700 -137.787661 167.523592
-137.693100 171.190300 -137.666246 171.247103
-137.342300 175.019300 -137.314624 175.061052
-136.764600 178.911300 -136.737501 178.939544
-135.961700 182.879700 -135.936850 182.894056
-134.921000 186.887900 -134.900970 186.883544
-133.676900 190.927900 -133.663253 190.906648
-132.176400 194.967500 -132.171641 194.928039
-130.412100 198.974000 -130.360290 199.048722
-128.325000 202.907800 -128.279100 202.959826
-125.879600 206.683600 -125.844138 206.713118
-123.115600 210.265500 -123.090553 210.279430
-120.072500 213.663000 -120.060033 213.663364
-116.797700 216.867700 -116.798612 216.856605
-113.326600 219.882100 -113.341364 219.861083
-109.741800 222.621900 -109.654047 222.682999
-106.071200 225.055100 -105.995122 225.102781
-102.330300 227.163100 -102.263742 227.200155
-98.549080 228.934800 -98.499262 228.960185
-94.765260 230.393600 -94.729192 230.411806
-91.040120 231.572900 -91.016360 231.586414
-87.356360 232.508500 -87.349026 232.517957
-83.712820 233.198800 -83.720020 233.206972
-80.131800 233.665300 -80.151802 233.673733
-76.597140 233.928600 -76.537827 233.944930
-73.221710 234.047000 -73.153830 234.062087
-69.951170 234.094200 -69.897526 234.108136
-66.744420 234.089700 -66.702081 234.102983
-63.631270 234.073000 -63.601159 234.085924
-60.588190 234.080900 -60.566645 234.093256
-57.589970 234.129900 -57.582238 234.141174
-54.631270 234.221300 -54.629673 234.231278
-51.691800 234.380800 -51.610410 234.395484
-48.789980 234.600500 -48.718926 234.614799
-45.914730 234.880700 -45.857220 234.893810
-43.056600 235.221400 -43.011303 235.232891
-40.226560 235.615000 -40.193345 235.624397
-37.436510 236.072300 -37.414334 236.079038
-34.671830 236.602900 -34.658751 236.607351
-31.872100 237.159200 -31.874023 237.160161
-29.030010 237.739000 -28.952330 237.756333
-26.164210 238.361200 -26.095961 238.376374
-23.288400 239.014600 -23.232555 239.026964
-20.420150 239.737800 -20.377748 239.746662
-17.585900 240.557900 -17.553598 240.563284
-14.787740 241.484300 -14.768101 241.484270
-12.027780 242.497800 -12.016653 242.493559
-9.297034 243.589800 -9.296646 243.579720
-6.615868 244.741000 -6.542771 244.762945
-4.000885 245.950200 -3.937641 245.967956
-1.445171 247.223500 -1.394516 247.235112
1.045353 248.560800 1.082745 248.564915
3.471952 249.950800 3.501811 249.949930
5.864994 251.410300 5.885013 251.402485
8.235125 252.947800 8.246354 252.932209
10.583690 254.573100 10.658921 254.600977
12.953340 256.177400 13.017614 256.197188
15.346400 257.781100 15.402134 257.794694
17.751050 259.400400 17.795625 259.405973
20.188860 261.030300 20.222973 261.028396
22.647720 262.666800 22.671414 262.657389
25.099450 264.305600 25.112258 264.288161
27.525840 265.954500 27.533147 265.932477
29.936290 267.631700 30.010148 267.656586
32.286150 269.360900 32.353762 269.381432
34.606160 271.143700 34.662854 271.156401
36.885170 273.027100 36.920600 273.021396
39.097050 274.998500 39.136590 274.995795
41.290800 277.096800 41.321417 277.084250
43.439250 279.297300 43.460651 279.272746
45.513250 281.622300 45.531711 281.591334
47.514220 284.070700 47.525450 284.027157
49.431830 286.626800 49.497813 286.657096
51.294100 289.273800 51.350490 289.291036
53.101300 292.012400 53.149697 292.017070
54.875230 294.809700 54.915703 294.800926
56.646400 297.643200 56.677325 297.618403
58.445530 300.513000 58.468362 300.474247
60.252450 303.405100 60.268615 303.354407
62.043860 306.330600 62.111265 306.363502
63.761150 309.296200 63.821556 309.318654
65.349920 312.311900 65.404327 312.323750
66.806830 315.364200 66.856998 315.367129
68.116080 318.458200 68.160875 318.447024
69.296620 321.579600 69.336784 321.554189
70.444270 324.701500 70.479173 324.659490
71.544490 327.823300 71.576497 327.768894
72.579080 330.962600 72.639901 330.995320
73.537630 334.109900 73.594763 334.130498
74.456800 337.228300 74.510621 337.236456
75.339380 340.280400 75.389020 340.272474
76.286690 343.179300 76.331813 343.157301
77.264140 345.918700 77.305647 345.885985
78.217100 348.599200 78.256154 348.555631
79.076510 351.282300 79.115681 351.231014
79.788430 353.970700 79.848825 354.002915
80.289200 356.680100 80.345944 356.705581
80.544210 359.422600 80.598434 359.438216
80.553950 362.181700 80.606882 362.185307
80.325300 364.950100 80.379148 364.939396
79.948290 367.764600 80.005195 367.735022
79.552930 370.623900 79.612902 370.572634
79.189870 373.576200 79.241151 373.598883
78.847720 376.617400 78.901602 376.621613
78.487220 379.779100 78.543483 379.766207
78.109220 383.024900 78.167695 382.997230
77.724340 386.331700 77.784742 386.291311
77.303670 389.673500 77.366736 389.622457
76.785710 392.998500 76.834090 393.044492
76.164260 396.307900 76.214609 396.338717
75.453110 399.563900 75.506263 399.580303
74.687820 402.778100 74.744588 402.780263
73.880590 405.959600 73.941445 405.947377
73.001560 409.140100 73.008053 409.319197
72.077030 412.325000 72.147208 412.284638
71.142260 415.518400 71.216532 415.465143
70.199490 418.732600 70.249417 418.764378
69.226500 421.954700 69.281061 421.971919
68.236100 425.167200 68.294893 425.172204
67.260820 428.363600 67.324492 428.354325
66.313240 431.552600 66.381187 431.530474
65.391740 434.718000 65.463561 434.683427
64.501670 437.856900 64.577153 437.810425
63.634920 440.951000 63.685974 440.993609
62.789470 444.005700 62.845167 444.033812
61.956690 447.015700 62.016233 447.031339
61.133480 449.961200 61.195274 449.970245
60.318620 452.867200 60.384371 452.863603
59.499520 455.718100 59.569160 455.702584
58.682170 458.529200 58.755757 458.501827
57.867160 461.298900 57.944491 461.260387
57.054660 464.035200 57.134717 463.989179
56.243590 466.731100 56.301813 466.759473
55.443060 469.359000 55.505283 469.376328
54.686220 471.907600 54.751658 471.914829
53.957650 474.335100 54.026051 474.333679
53.256730 476.667000 53.328023 476.656931
52.582380 478.963700 52.656419 478.944555
51.956500 481.261900 52.033508 481.229658
51.412610 483.574200 51.476810 483.609268
51.013880 485.899300 51.082642 485.919525
50.812910 488.248800 50.883944 488.251841
50.798080 490.609700 50.868847 490.595942
50.978710 492.984500 51.047547 492.957867
51.345270 495.367500 51.410590 495.328966
51.889050 497.738400 51.972239 497.777931
52.577300 500.130400 52.658969 500.156105
53.407230 502.515400 53.487934 502.532745
54.397040 504.884900 54.475012 504.891862
55.518570 507.215000 55.593141 507.212762
56.765020 509.509300 56.834566 509.496759
58.192020 511.730400 58.254884 511.706744
59.789040 513.824000 59.842647 513.789075
61.540430 515.752700 61.586509 515.712574
63.410000 517.523000 63.511690 517.544619
65.397890 519.217300 65.495030 519.231740
67.496690 520.814600 67.586850 520.821189
69.720640 522.307200 69.802575 522.305908
72.067650 523.642400 72.139115 523.632999
74.549290 524.809100 74.609770 524.792846
77.153850 525.815200 77.203022 525.793906
79.881990 526.633100 79.918344 526.608032
82.715440 527.211700 82.835699 527.218703
85.640790 527.586200 85.752215 527.586231
88.644290 527.748500 88.745973 527.743684
91.710620 527.693700 91.800559 527.685695
94.811790 527.411800 94.889412 527.402154
97.935300 526.886500 98.001862 526.877469
101.063100 526.157900 101.121786 526.150039
104.194600 525.225000 104.239564 525.220908
107.305700 524.079000 107.341086 524.080486
110.385400 522.743600 110.413082 522.752587
113.459600 521.282300 113.576754 521.250070
116.567100 519.769500 116.674203 519.741439
119.739300 518.237200 119.829394 518.216654
122.982300 516.640600 123.008830 516.650853
126.165500 515.061000 126.238362 515.047766
129.459200 513.419400 129.517504 513.412815
132.785400 511.739500 132.830225 511.739275
136.164500 510.030300 136.194795 510.036354
139.600200 508.311400 139.727839 508.268118
143.109700 506.548700 143.223563 506.511729
146.672500 504.761300 146.774229 504.729859
150.295000 502.937800 150.381890 502.913119
153.967100 501.081900 154.040976 501.063071
157.696200 499.214100 157.754491 499.202301
161.457700 497.333800 161.501904 497.328664
165.216700 495.416600 165.246862 495.417955
168.984800 493.501000 168.999142 493.509550
172.746400 491.586700 172.867479 491.540586
176.518000 489.688800 176.624968 489.649660
180.295200 487.819900 180.382820 487.789484
184.036700 485.970500 184.113907 485.944680
187.779200 484.135700 187.836751 484.118707
191.500200 482.306500 191.539307 482.298071
195.180200 480.469600 195.210124 480.465272
198.815300 478.621300 198.832738 478.623456
202.393600 476.753100 202.511587 476.702163
205.912000 474.880400 206.015061 474.836322
209.296500 473.041000 209.385259 473.003726
212.515400 471.274700 212.594263 471.242205
215.580600 469.586600 215.645831 469.561046
218.489200 468.019000 218.544924 467.997406
221.328300 466.599200 221.374873 466.579176
224.156800 465.368500 224.191808 465.349854
226.991800 464.316200 227.015297 464.296725
229.883500 463.424700 229.994541 463.388993
232.820800 462.731300 232.919736 462.699268
235.780100 462.243300 235.869832 462.213630
238.782200 461.945800 238.860328 461.916787
241.848400 461.905600 241.914050 461.874608
244.967900 462.147500 245.021691 462.112468
248.086200 462.682300 248.126202 462.640446
251.186900 463.495800 251.214979 463.445778
254.278000 464.580100 254.292407 464.517866
257.287900 465.915200 257.395758 465.907559
260.242000 467.523100 260.339261 467.510486
263.106900 469.351100 263.188812 469.328163
265.866100 471.381400 265.934566 471.347511
268.559300 473.556000 268.614564 473.510109
271.204400 475.840000 271.248507 475.782826
273.819900 478.206700 273.852093 478.137412
276.385100 480.590800 276.486888 480.585731
278.915500 482.977100 279.005258 482.960260
281.390900 485.346800 281.470885 485.319992
283.809500 487.633100 283.876259 487.593064
286.165500 489.759700 286.220448 489.708738
288.479300 491.699500 288.521764 491.638811
290.753400 493.425200 290.857825 493.412643
292.943900 494.909400 293.035880 494.885394
295.050000 496.208200 295.126515 496.173373
297.157600 497.295500 297.216075 497.248166
299.275300 498.080400 299.308649 498.017317
301.409300 498.552800 301.514871 498.531591
303.638500 498.806300 303.723405 498.772821
305.825500 498.755800 305.888843 498.712867
307.969500 498.413400 308.019075 498.370257
310.082700 497.866400 310.126338 497.829280
312.168500 497.169500 312.204751 497.136568
314.242500 496.345000 314.341683 496.296399
316.287200 495.404000 316.377176 495.358556
318.242200 494.293900 318.317394 494.251657
320.067800 492.959300 320.128197 492.917900
321.691800 491.422900 321.737433 491.383705
323.027900 489.679600 323.127484 489.629139
324.128000 487.907400 324.212132 487.855258
325.083100 486.074100 325.160001 486.024266
325.901600 484.156200 325.973514 484.110530
326.541500 482.161200 326.609064 482.120795
326.975000 480.110600 327.038897 480.075102
327.199900 477.981300 327.261710 477.951166
327.207600 475.816100 327.270413 475.794716
326.987100 473.574900 327.055732 473.508122
326.612600 471.312500 326.677426 471.248830
326.101700 468.984300 326.166275 468.927843
325.485000 466.584700 325.550799 466.537064
324.770900 464.117300 324.838515 464.077435
324.015300 461.568800 324.085345 461.538704
323.241500 458.937100 323.314118 458.916698
322.428100 456.221600 322.504227 456.213716
321.582200 453.438700 321.633890 453.352199
320.700500 450.590200 320.755244 450.515818
319.803300 447.709400 319.860863 447.645649
318.882300 444.812700 318.943037 444.760898
317.933600 441.902000 317.998075 441.863293
317.026500 438.982700 317.094143 438.956194
316.159500 436.052700 316.229039 436.035831
315.357400 433.104800 315.429452 433.102696
314.633500 430.138600 314.686845 430.052840
314.023700 427.174800 314.079925 427.096941
313.546100 424.188800 313.604517 424.124392
313.186000 421.191700 313.246008 421.140090
312.967300 418.184200 313.027529 418.145857
312.864500 415.179900 312.923976 415.152800
312.872600 412.155500 312.929950 412.148500
312.990400 409.162100 313.046041 409.159877
313.203500 406.159400 313.266896 406.074978
313.520300 403.163500 313.582821 403.091094
313.923800 400.189100 313.983994 400.132321
314.410500 397.252500 314.468233 397.208616
314.957200 394.350700 315.011769 394.319625
315.563700 391.486400 315.615360 391.464724
316.210700 388.682600 316.259370 388.670511
316.875600 385.969600 316.920315 385.967016
317.575400 383.411700 317.639906 383.340791
318.278300 381.082600 318.339088 381.022243
318.940600 378.964700 318.997558 378.915206
319.536100 376.960800 319.589601 376.921715
320.051600 374.976800 320.101322 374.948246
320.455200 373.030400 320.497265 373.009690
320.667900 371.083600 320.727911 371.033562
320.639300 369.178900 320.692201 369.137181
320.367200 367.308200 320.414169 367.273222
319.812200 365.451900 319.859367 365.419782
318.977600 363.612500 319.029554 363.563414
317.917200 361.899400 317.967008 361.853453
316.653200 360.259800 316.704376 360.217390
315.183100 358.649300 315.237716 358.611012
313.573000 357.006500 313.631563 356.972377
311.803000 355.325900 311.869629 355.299254
309.911600 353.572300 309.982438 353.550844
307.954100 351.681100 308.032531 351.667643
305.918800 349.709900 305.938242 349.640120
303.815100 347.660800 303.841312 347.597519
301.671400 345.530600 301.705622 345.475515
299.493500 343.321800 299.536338 343.275876
297.311600 341.063800 297.361224 341.025604
295.144200 338.750800 295.201250 338.721373
293.010900 336.383800 293.074085 336.362435
290.937000 333.945100 291.004414 333.931499
288.991700 331.405200 289.063101 331.401296
287.170900 328.759000 287.193200 328.682455
285.462000 326.045600 285.491814 325.979447
283.830800 323.246400 283.866780 323.190049
282.268800 320.363300 282.309535 320.316091
280.755300 317.391500 280.803924 317.360860
279.273700 314.371200 279.329579 314.356672
277.774600 311.308900 277.837576 311.310205
276.264200 308.193000 276.285812 308.109767
274.757100 305.022400 274.785537 304.954083
273.207400 301.793600 273.241666 301.739220
271.619600 298.531900 271.659394 298.490016
270.024400 295.205700 270.069468 295.176079
268.363800 291.836000 268.417214 291.823691
266.611600 288.477200 266.672005 288.477575
264.727500 285.132100 264.796005 285.144692
262.759200 281.800100 262.771146 281.718460
260.701700 278.471600 260.720341 278.404365
258.620500 275.176300 258.646715 275.121698
256.506400 271.837700 256.539416 271.795099
254.344100 268.488000 254.384554 268.458005
252.173900 265.097000 252.222465 265.080587
249.944700 261.678700 250.000351 261.673760
247.696800 258.253900 247.760281 258.262367
245.448300 254.808000 245.518422 254.828032
243.193400 251.334600 243.196968 251.253089
240.896500 247.824500 240.908211 247.757285
238.556700 244.277400 238.576814 244.224236
236.174700 240.690700 236.202150 240.649771
233.763000 237.091500 233.800401 237.066516
231.332800 233.457600 231.378367 233.445761
228.838300 229.808000 228.892886 229.810241
226.342900 226.169100 226.407326 226.186280
223.818800 222.533800 223.890287 222.561838
221.285700 218.901400 221.286463 218.829154
218.752300 215.265000 218.762179 215.206691
216.249600 211.634900 216.267193 211.588807
213.762100 207.997700 213.788026 207.964708
211.316800 204.351400 211.348926 204.328859
208.893800 200.676600 208.933138 200.666290
206.508300 196.989800 206.556537 196.995033
204.177700 193.291200 204.231363 193.307964
201.927600 189.547700 201.989286 189.581194
199.739900 185.759300 199.738465 185.683502
197.634000 181.950500 197.641319 181.891036
195.568100 178.118500 195.583234 178.074158
193.561400 174.281900 193.584841 174.254470
191.624100 170.408300 191.654066 170.395325
189.716900 166.527700 189.752628 166.527994
187.815500 162.621800 187.855751 162.634175
185.959300 158.681600 186.007880 158.712996
184.094000 154.737900 184.089275 154.657811
182.239600 150.794500 182.241233 150.728804
180.398400 146.846200 180.406055 146.794519
178.592100 142.900000 178.605898 142.862769
176.795000 138.933400 176.814938 138.911300
174.974500 134.967700 175.000965 134.961391
173.137100 131.051800 173.170728 131.060909
171.221700 127.194200 171.264368 127.220380
169.204100 123.403700 169.190091 123.325893
167.059300 119.698200 167.051001 119.635718
164.778800 116.075700 164.777929 116.028886
162.368900 112.524900 162.374705 112.490467
159.842700 109.067300 159.856425 109.045390
157.243500 105.701500 157.265465 105.691058
154.586000 102.373400 154.617595 102.375607
151.852400 99.075390 151.896142 99.091874
149.065100 95.812170 149.119089 95.840368
146.211000 92.589950 146.184622 92.529045
143.290400 89.438890 143.273975 89.390981
140.313900 86.318510 140.304171 86.278836
137.315300 83.188540 137.316952 83.161505
134.309400 80.022690 134.321344 80.007439
131.293700 76.854850 131.314369 76.849542
128.257000 73.680270 128.289228 73.688030
125.224000 70.510050 125.266741 70.529630
122.171600 67.325860 122.225126 67.357383
119.104200 64.151150 119.072145 64.095317
116.003700 60.986180 115.982496 60.942641
112.861400 57.817240 112.852073 57.787061
109.667300 54.647940 109.668738 54.629313
106.494700 51.468900 106.505998 51.461015
103.294400 48.292970 103.316713 48.296854
100.126400 45.132480 100.159144 45.147770
96.950460 41.977160 96.992609 42.002447
93.739320 38.803750 93.795341 38.843962
90.567830 35.632100 90.532812 35.582237
87.415790 32.458970 87.392944 32.422290
84.260040 29.295850 84.248773 29.271681
81.123540 26.129440 81.124113 26.118092
77.992680 22.957970 78.003104 22.957588
74.890600 19.774830 74.911419 19.786069
71.780370 16.590360 71.812677 16.613464
68.630430 13.396510 68.673947 13.432591
65.471800 10.205970 65.423797 10.150395
62.314330 7.007367 62.280309 6.965843
59.206170 3.808043 59.181200 3.776650
56.091860 0.584754 56.077181 0.564939
53.008120 -2.625659 53.006567 -2.631007
49.955730 -5.822352 49.964471 -5.815944
46.935070 -9.021045 46.956064 -9.000606
43.893000 -12.216550 43.922522 -12.186822
40.929340 -15.293680 40.965493 -15.255943
38.089530 -18.317430 38.045916 -18.364820
35.418750 -21.291630 35.385864 -21.326361
32.866820 -24.157290 32.844659 -24.180747
30.511610 -26.943030 30.498102 -26.955251
28.282770 -29.552800 28.277745 -29.554386
26.270910 -31.981160 26.274565 -31.971724
24.406470 -34.119140 24.419427 -34.099848
22.621160 -35.934900 22.643479 -35.908377
20.883450 -37.415600 20.864635 -37.425304
19.174900 -38.513760 19.169213 -38.513132
17.516050 -39.260550 17.522545 -39.254451
15.838890 -39.714580 15.857455 -39.706449
14.191360 -39.829780 14.172189 -39.829325
12.634270 -39.672360 12.625756 -39.670352
11.172310 -39.260550 11.171682 -39.259938
9.789695 -38.629800 9.795238 -38.633027
8.497673 -37.738490 8.508794 -37.748144
7.308945 -36.616890 7.288660 -36.598875
6.256320 -35.282630 6.242448 -35.266619
5.377697 -33.729560 5.368285 -33.716957
4.666734 -31.994970 4.659772 -31.984454
4.118069 -30.087400 4.113593 -30.083336
3.675026 -28.058910 3.671977 -28.060699
3.306982 -25.913550 3.304871 -25.919829
2.950683 -23.671670 2.950448 -23.686811
2.589654 -21.354230 2.590446 -21.377476
2.235350 -18.941910 2.237906 -18.975284
1.883217 -16.438970 1.876261 -16.401881
1.539703 -13.883430 1.534994 -13.856380
1.229057 -11.374200 1.225788 -11.356785
0.914029 -8.934948 0.912116 -8.925637
0.572467 -6.591425 0.572275 -6.591242
0.172462 -4.328516 0.174042 -4.336613
-0.233814 -2.148095 -0.230026 -2.163924
-0.652500 -0.027237 -0.646640 -0.050409
-1.128803 2.027763 -1.136395 2.062729
-1.682534 4.091749 -1.689045 4.119596
-2.326851 6.156888 -2.330883 6.176321
-3.006582 8.222648 -3.007657 8.233317
